"Origin Movement ID","Origin Display Name","Origin Geometry","Destination Movement ID","Destination Display Name","Destination Geometry","Date Range","Mean Travel Time (Seconds)","Range - Lower Bound Travel Time (Seconds)","Range - Upper Bound Travel Time (Seconds)"
"1116","Harborwalk, Waterfront, Boston","[[-71.062911,42.361229],[-71.061856,42.36243],[-71.058261,42.363697],[-71.057757,42.363616],[-71.056105,42.362402],[-71.05542,42.361957],[-71.054925,42.362046],[-71.053826,42.363303],[-71.052111,42.363676],[-71.051647,42.36311],[-71.0512,42.363712],[-71.05109,42.364175],[-71.046389,42.363935],[-71.045918,42.361164],[-71.0455,42.359825],[-71.045566,42.359733],[-71.049595,42.354497],[-71.05106,42.355131],[-71.050851,42.356671],[-71.052158,42.358666],[-71.053518,42.358356],[-71.055759,42.356913],[-71.05771,42.356777],[-71.058737,42.356988],[-71.05829,42.35741],[-71.06151,42.358336],[-71.062642,42.357977],[-71.062875,42.359483],[-71.062911,42.361229]]","3","0 Flaherty Way, D Street / West Broadway, Boston","[[-71.05624,42.338869],[-71.053928,42.340791],[-71.052377,42.339803],[-71.05084,42.338795],[-71.052405,42.337488],[-71.05389,42.33624],[-71.057112,42.338333],[-71.05624,42.338869]]","07/31/2016 - 08/28/2016, Every day, Daily Average",616,389,974
"1116","Harborwalk, Waterfront, Boston","[[-71.062911,42.361229],[-71.061856,42.36243],[-71.058261,42.363697],[-71.057757,42.363616],[-71.056105,42.362402],[-71.05542,42.361957],[-71.054925,42.362046],[-71.053826,42.363303],[-71.052111,42.363676],[-71.051647,42.36311],[-71.0512,42.363712],[-71.05109,42.364175],[-71.046389,42.363935],[-71.045918,42.361164],[-71.0455,42.359825],[-71.045566,42.359733],[-71.049595,42.354497],[-71.05106,42.355131],[-71.050851,42.356671],[-71.052158,42.358666],[-71.053518,42.358356],[-71.055759,42.356913],[-71.05771,42.356777],[-71.058737,42.356988],[-71.05829,42.35741],[-71.06151,42.358336],[-71.062642,42.357977],[-71.062875,42.359483],[-71.062911,42.361229]]","4","0 Moulton Street, Lynn","[[-70.975099,42.465575],[-70.974412,42.465617],[-70.974598,42.469519],[-70.973631,42.46961],[-70.971199,42.469933],[-70.97008,42.470963],[-70.969369,42.471004],[-70.964943,42.473278],[-70.962856,42.471408],[-70.962773,42.467505],[-70.964118,42.466542],[-70.965926,42.466359],[-70.968231,42.466234],[-70.9696,42.465422],[-70.97021,42.465172],[-70.972676,42.464352],[-70.974034,42.464027],[-70.974841,42.463887],[-70.975099,42.465575]]","07/31/2016 - 08/28/2016, Every day, Daily Average",1437,1149,1796
"1116","Harborwalk, Waterfront, Boston","[[-71.062911,42.361229],[-71.061856,42.36243],[-71.058261,42.363697],[-71.057757,42.363616],[-71.056105,42.362402],[-71.05542,42.361957],[-71.054925,42.362046],[-71.053826,42.363303],[-71.052111,42.363676],[-71.051647,42.36311],[-71.0512,42.363712],[-71.05109,42.364175],[-71.046389,42.363935],[-71.045918,42.361164],[-71.0455,42.359825],[-71.045566,42.359733],[-71.049595,42.354497],[-71.05106,42.355131],[-71.050851,42.356671],[-71.052158,42.358666],[-71.053518,42.358356],[-71.055759,42.356913],[-71.05771,42.356777],[-71.058737,42.356988],[-71.05829,42.35741],[-71.06151,42.358336],[-71.062642,42.357977],[-71.062875,42.359483],[-71.062911,42.361229]]","5","0 Queensberry Street, Fenway/Kenmore, Boston","[[-71.097412,42.343694],[-71.094644,42.344549],[-71.094611,42.34294],[-71.096493,42.341843],[-71.097412,42.343694]]","07/31/2016 - 08/28/2016, Every day, Daily Average",773,502,1189
"1116","Harborwalk, Waterfront, Boston","[[-71.062911,42.361229],[-71.061856,42.36243],[-71.058261,42.363697],[-71.057757,42.363616],[-71.056105,42.362402],[-71.05542,42.361957],[-71.054925,42.362046],[-71.053826,42.363303],[-71.052111,42.363676],[-71.051647,42.36311],[-71.0512,42.363712],[-71.05109,42.364175],[-71.046389,42.363935],[-71.045918,42.361164],[-71.0455,42.359825],[-71.045566,42.359733],[-71.049595,42.354497],[-71.05106,42.355131],[-71.050851,42.356671],[-71.052158,42.358666],[-71.053518,42.358356],[-71.055759,42.356913],[-71.05771,42.356777],[-71.058737,42.356988],[-71.05829,42.35741],[-71.06151,42.358336],[-71.062642,42.357977],[-71.062875,42.359483],[-71.062911,42.361229]]","13","200 Liberty Street, Braintree","[[-70.99429,42.21109],[-70.98957,42.21242],[-70.985748,42.21563],[-70.98257,42.21889],[-70.9819,42.21921],[-70.97994,42.21964],[-70.97778,42.22049],[-70.97716,42.22062],[-70.97475,42.22086],[-70.973786,42.221896],[-70.970858,42.221498],[-70.969129,42.221379],[-70.96809,42.221519],[-70.967684,42.220662],[-70.969071,42.217412],[-70.969457,42.214923],[-70.971719,42.199877],[-70.98485,42.20321],[-70.99203,42.20527],[-70.994535,42.206942],[-70.993899,42.207382],[-70.995291,42.210957],[-70.99429,42.21109]]","07/31/2016 - 08/28/2016, Every day, Daily Average",1262,940,1693
"1116","Harborwalk, Waterfront, Boston","[[-71.062911,42.361229],[-71.061856,42.36243],[-71.058261,42.363697],[-71.057757,42.363616],[-71.056105,42.362402],[-71.05542,42.361957],[-71.054925,42.362046],[-71.053826,42.363303],[-71.052111,42.363676],[-71.051647,42.36311],[-71.0512,42.363712],[-71.05109,42.364175],[-71.046389,42.363935],[-71.045918,42.361164],[-71.0455,42.359825],[-71.045566,42.359733],[-71.049595,42.354497],[-71.05106,42.355131],[-71.050851,42.356671],[-71.052158,42.358666],[-71.053518,42.358356],[-71.055759,42.356913],[-71.05771,42.356777],[-71.058737,42.356988],[-71.05829,42.35741],[-71.06151,42.358336],[-71.062642,42.357977],[-71.062875,42.359483],[-71.062911,42.361229]]","14","400 Cushing Street, Hingham","[[-70.923324,42.167936],[-70.921149,42.18104],[-70.920936,42.182178],[-70.919199,42.193629],[-70.917388,42.206101],[-70.91719,42.208801],[-70.916765,42.210095],[-70.916269,42.214974],[-70.913602,42.214625],[-70.911885,42.21335],[-70.91179,42.211455],[-70.906254,42.208565],[-70.901431,42.202961],[-70.899776,42.202038],[-70.892118,42.204213],[-70.883954,42.205217],[-70.877441,42.204996],[-70.872277,42.202533],[-70.869123,42.202899],[-70.870155,42.205839],[-70.869234,42.20928],[-70.871684,42.213665],[-70.871521,42.215851],[-70.869708,42.219181],[-70.873747,42.222711],[-70.871454,42.227728],[-70.873191,42.233612],[-70.872223,42.234622],[-70.870486,42.236642],[-70.866255,42.237269],[-70.862616,42.239117],[-70.859104,42.242744],[-70.85934,42.243166],[-70.844664,42.242271],[-70.85338,42.239607],[-70.8408,42.213118],[-70.827048,42.200771],[-70.838791,42.194807],[-70.852165,42.190462],[-70.861437,42.186353],[-70.870248,42.182471],[-70.887603,42.173335],[-70.890291,42.171736],[-70.893516,42.169814],[-70.912889,42.162256],[-70.913749,42.16192],[-70.924877,42.15758],[-70.923324,42.167936]]","07/31/2016 - 08/28/2016, Every day, Daily Average",1713,1224,2396
"1116","Harborwalk, Waterfront, Boston","[[-71.062911,42.361229],[-71.061856,42.36243],[-71.058261,42.363697],[-71.057757,42.363616],[-71.056105,42.362402],[-71.05542,42.361957],[-71.054925,42.362046],[-71.053826,42.363303],[-71.052111,42.363676],[-71.051647,42.36311],[-71.0512,42.363712],[-71.05109,42.364175],[-71.046389,42.363935],[-71.045918,42.361164],[-71.0455,42.359825],[-71.045566,42.359733],[-71.049595,42.354497],[-71.05106,42.355131],[-71.050851,42.356671],[-71.052158,42.358666],[-71.053518,42.358356],[-71.055759,42.356913],[-71.05771,42.356777],[-71.058737,42.356988],[-71.05829,42.35741],[-71.06151,42.358336],[-71.062642,42.357977],[-71.062875,42.359483],[-71.062911,42.361229]]","16","100 Kenrick Street, Oak Square, Boston","[[-71.174708,42.350155],[-71.169702,42.349411],[-71.168111,42.350663],[-71.167605,42.350604],[-71.165392,42.350272],[-71.163333,42.349115],[-71.163093,42.349041],[-71.162138,42.348989],[-71.160437,42.348916],[-71.161311,42.347576],[-71.162118,42.346373],[-71.165999,42.341593],[-71.166126,42.340088],[-71.166699,42.340009],[-71.170003,42.344252],[-71.171898,42.346655],[-71.174265,42.349584],[-71.174708,42.350155]]","07/31/2016 - 08/28/2016, Every day, Daily Average",1469,1102,1956
"1116","Harborwalk, Waterfront, Boston","[[-71.062911,42.361229],[-71.061856,42.36243],[-71.058261,42.363697],[-71.057757,42.363616],[-71.056105,42.362402],[-71.05542,42.361957],[-71.054925,42.362046],[-71.053826,42.363303],[-71.052111,42.363676],[-71.051647,42.36311],[-71.0512,42.363712],[-71.05109,42.364175],[-71.046389,42.363935],[-71.045918,42.361164],[-71.0455,42.359825],[-71.045566,42.359733],[-71.049595,42.354497],[-71.05106,42.355131],[-71.050851,42.356671],[-71.052158,42.358666],[-71.053518,42.358356],[-71.055759,42.356913],[-71.05771,42.356777],[-71.058737,42.356988],[-71.05829,42.35741],[-71.06151,42.358336],[-71.062642,42.357977],[-71.062875,42.359483],[-71.062911,42.361229]]","17","0 Maggi Road, Revere","[[-71.010812,42.42451],[-71.008935,42.425912],[-71.003725,42.422308],[-70.99924,42.428347],[-70.997234,42.431051],[-70.992023,42.434135],[-70.99012,42.434877],[-70.983708,42.431663],[-70.987938,42.426036],[-70.990699,42.422302],[-70.993495,42.418615],[-71.000172,42.409624],[-71.000706,42.409406],[-71.002152,42.410533],[-71.003847,42.414953],[-71.003378,42.41656],[-71.004744,42.415956],[-71.008379,42.416113],[-71.00791,42.416755],[-71.005873,42.419516],[-71.010549,42.42142],[-71.013867,42.422384],[-71.010812,42.42451]]","07/31/2016 - 08/28/2016, Every day, Daily Average",894,593,1347
"1116","Harborwalk, Waterfront, Boston","[[-71.062911,42.361229],[-71.061856,42.36243],[-71.058261,42.363697],[-71.057757,42.363616],[-71.056105,42.362402],[-71.05542,42.361957],[-71.054925,42.362046],[-71.053826,42.363303],[-71.052111,42.363676],[-71.051647,42.36311],[-71.0512,42.363712],[-71.05109,42.364175],[-71.046389,42.363935],[-71.045918,42.361164],[-71.0455,42.359825],[-71.045566,42.359733],[-71.049595,42.354497],[-71.05106,42.355131],[-71.050851,42.356671],[-71.052158,42.358666],[-71.053518,42.358356],[-71.055759,42.356913],[-71.05771,42.356777],[-71.058737,42.356988],[-71.05829,42.35741],[-71.06151,42.358336],[-71.062642,42.357977],[-71.062875,42.359483],[-71.062911,42.361229]]","18","0 Lake Street, Billerica","[[-71.306745,42.522689],[-71.30516,42.525936],[-71.30461,42.529285],[-71.304383,42.529767],[-71.299443,42.534874],[-71.296763,42.536728],[-71.295982,42.541545],[-71.291056,42.545492],[-71.287233,42.547896],[-71.283667,42.543333],[-71.283466,42.543007],[-71.281858,42.547459],[-71.280717,42.548134],[-71.278842,42.549036],[-71.275499,42.548844],[-71.274035,42.549864],[-71.271578,42.553454],[-71.265806,42.55507],[-71.262545,42.549983],[-71.260276,42.548475],[-71.256984,42.54803],[-71.256283,42.547734],[-71.252489,42.542546],[-71.252485,42.540079],[-71.250904,42.535817],[-71.249207,42.532729],[-71.248761,42.530226],[-71.248973,42.526351],[-71.24949,42.525244],[-71.250142,42.52573],[-71.25249,42.524078],[-71.254572,42.522593],[-71.256396,42.523992],[-71.265803,42.524373],[-71.277149,42.526538],[-71.280832,42.526408],[-71.283478,42.525674],[-71.303974,42.519931],[-71.306565,42.520562],[-71.306745,42.522689]]","07/31/2016 - 08/28/2016, Every day, Daily Average",1645,1298,2084
"1116","Harborwalk, Waterfront, Boston","[[-71.062911,42.361229],[-71.061856,42.36243],[-71.058261,42.363697],[-71.057757,42.363616],[-71.056105,42.362402],[-71.05542,42.361957],[-71.054925,42.362046],[-71.053826,42.363303],[-71.052111,42.363676],[-71.051647,42.36311],[-71.0512,42.363712],[-71.05109,42.364175],[-71.046389,42.363935],[-71.045918,42.361164],[-71.0455,42.359825],[-71.045566,42.359733],[-71.049595,42.354497],[-71.05106,42.355131],[-71.050851,42.356671],[-71.052158,42.358666],[-71.053518,42.358356],[-71.055759,42.356913],[-71.05771,42.356777],[-71.058737,42.356988],[-71.05829,42.35741],[-71.06151,42.358336],[-71.062642,42.357977],[-71.062875,42.359483],[-71.062911,42.361229]]","19","200 Ocean Street, Lynn","[[-70.941729,42.464736],[-70.939825,42.46568],[-70.938822,42.466156],[-70.937838,42.466611],[-70.934472,42.468199],[-70.934051,42.467077],[-70.932913,42.465398],[-70.929886,42.463542],[-70.928479,42.462],[-70.926792,42.461827],[-70.927713,42.460892],[-70.934993,42.457896],[-70.935003,42.457821],[-70.935121,42.457877],[-70.934549,42.45883],[-70.936536,42.460707],[-70.937279,42.461574],[-70.938707,42.463105],[-70.940159,42.463334],[-70.940802,42.464288],[-70.941729,42.464736]]","07/31/2016 - 08/28/2016, Every day, Daily Average",1535,1185,1987
"1116","Harborwalk, Waterfront, Boston","[[-71.062911,42.361229],[-71.061856,42.36243],[-71.058261,42.363697],[-71.057757,42.363616],[-71.056105,42.362402],[-71.05542,42.361957],[-71.054925,42.362046],[-71.053826,42.363303],[-71.052111,42.363676],[-71.051647,42.36311],[-71.0512,42.363712],[-71.05109,42.364175],[-71.046389,42.363935],[-71.045918,42.361164],[-71.0455,42.359825],[-71.045566,42.359733],[-71.049595,42.354497],[-71.05106,42.355131],[-71.050851,42.356671],[-71.052158,42.358666],[-71.053518,42.358356],[-71.055759,42.356913],[-71.05771,42.356777],[-71.058737,42.356988],[-71.05829,42.35741],[-71.06151,42.358336],[-71.062642,42.357977],[-71.062875,42.359483],[-71.062911,42.361229]]","20","0 Florence Street, Everett","[[-71.047584,42.405383],[-71.046189,42.408406],[-71.043795,42.408279],[-71.041674,42.407792],[-71.04003,42.407189],[-71.0376,42.406288],[-71.038415,42.404976],[-71.039053,42.404243],[-71.040887,42.401749],[-71.041505,42.401657],[-71.047629,42.402393],[-71.047455,42.403342],[-71.048201,42.404095],[-71.047584,42.405383]]","07/31/2016 - 08/28/2016, Every day, Daily Average",1051,716,1542
"1116","Harborwalk, Waterfront, Boston","[[-71.062911,42.361229],[-71.061856,42.36243],[-71.058261,42.363697],[-71.057757,42.363616],[-71.056105,42.362402],[-71.05542,42.361957],[-71.054925,42.362046],[-71.053826,42.363303],[-71.052111,42.363676],[-71.051647,42.36311],[-71.0512,42.363712],[-71.05109,42.364175],[-71.046389,42.363935],[-71.045918,42.361164],[-71.0455,42.359825],[-71.045566,42.359733],[-71.049595,42.354497],[-71.05106,42.355131],[-71.050851,42.356671],[-71.052158,42.358666],[-71.053518,42.358356],[-71.055759,42.356913],[-71.05771,42.356777],[-71.058737,42.356988],[-71.05829,42.35741],[-71.06151,42.358336],[-71.062642,42.357977],[-71.062875,42.359483],[-71.062911,42.361229]]","21","0 Canal Lane, Somerville","[[-71.09955,42.397075],[-71.098312,42.398537],[-71.096259,42.40031],[-71.095485,42.400052],[-71.093007,42.39923],[-71.090881,42.397567],[-71.085883,42.393825],[-71.085607,42.393587],[-71.082379,42.390355],[-71.078424,42.387265],[-71.077346,42.386097],[-71.077508,42.385881],[-71.080356,42.3882],[-71.080808,42.386741],[-71.082343,42.387175],[-71.084185,42.387801],[-71.08597,42.388626],[-71.088079,42.389715],[-71.090215,42.390765],[-71.090623,42.390964],[-71.091683,42.39168],[-71.093081,42.39236],[-71.093417,42.392557],[-71.097649,42.394728],[-71.098647,42.395272],[-71.100514,42.396226],[-71.09955,42.397075]]","07/31/2016 - 08/28/2016, Every day, Daily Average",479,271,845
"1116","Harborwalk, Waterfront, Boston","[[-71.062911,42.361229],[-71.061856,42.36243],[-71.058261,42.363697],[-71.057757,42.363616],[-71.056105,42.362402],[-71.05542,42.361957],[-71.054925,42.362046],[-71.053826,42.363303],[-71.052111,42.363676],[-71.051647,42.36311],[-71.0512,42.363712],[-71.05109,42.364175],[-71.046389,42.363935],[-71.045918,42.361164],[-71.0455,42.359825],[-71.045566,42.359733],[-71.049595,42.354497],[-71.05106,42.355131],[-71.050851,42.356671],[-71.052158,42.358666],[-71.053518,42.358356],[-71.055759,42.356913],[-71.05771,42.356777],[-71.058737,42.356988],[-71.05829,42.35741],[-71.06151,42.358336],[-71.062642,42.357977],[-71.062875,42.359483],[-71.062911,42.361229]]","23","0 Ocallaghan Way, Lynn","[[-70.994922,42.474905],[-70.990624,42.474181],[-70.985993,42.476415],[-70.98288,42.476884],[-70.984465,42.475033],[-70.983178,42.473818],[-70.981392,42.474701],[-70.979634,42.473026],[-70.980394,42.471696],[-70.97818,42.471486],[-70.977779,42.470869],[-70.976512,42.46887],[-70.978963,42.467926],[-70.979754,42.467083],[-70.983267,42.465541],[-70.985613,42.463895],[-70.986506,42.463469],[-70.986529,42.461931],[-70.988457,42.460914],[-70.989058,42.459659],[-70.989338,42.460232],[-70.991695,42.466431],[-70.993533,42.47128],[-70.994822,42.474628],[-70.994922,42.474905]]","07/31/2016 - 08/28/2016, Every day, Daily Average",1295,965,1737
"1116","Harborwalk, Waterfront, Boston","[[-71.062911,42.361229],[-71.061856,42.36243],[-71.058261,42.363697],[-71.057757,42.363616],[-71.056105,42.362402],[-71.05542,42.361957],[-71.054925,42.362046],[-71.053826,42.363303],[-71.052111,42.363676],[-71.051647,42.36311],[-71.0512,42.363712],[-71.05109,42.364175],[-71.046389,42.363935],[-71.045918,42.361164],[-71.0455,42.359825],[-71.045566,42.359733],[-71.049595,42.354497],[-71.05106,42.355131],[-71.050851,42.356671],[-71.052158,42.358666],[-71.053518,42.358356],[-71.055759,42.356913],[-71.05771,42.356777],[-71.058737,42.356988],[-71.05829,42.35741],[-71.06151,42.358336],[-71.062642,42.357977],[-71.062875,42.359483],[-71.062911,42.361229]]","25","0 Baldpate Road, Georgetown","[[-71.034638,42.732354],[-71.026983,42.731311],[-71.019445,42.733598],[-71.011583,42.73414],[-71.010923,42.734369],[-71.001023,42.739094],[-70.990603,42.743483],[-70.990559,42.74099],[-70.989027,42.738988],[-70.990505,42.73626],[-70.990251,42.729225],[-70.989578,42.726417],[-70.990276,42.725934],[-70.988403,42.724396],[-70.989267,42.722808],[-70.985947,42.720189],[-70.984638,42.719602],[-70.98082,42.719648],[-70.978667,42.719212],[-70.976418,42.717487],[-70.973364,42.716876],[-70.970401,42.715232],[-70.967826,42.711618],[-70.965092,42.70936],[-70.960956,42.707385],[-70.958882,42.70696],[-70.976411,42.694352],[-70.987533,42.698116],[-70.991611,42.699467],[-70.991926,42.700757],[-70.994921,42.700562],[-70.995766,42.699624],[-70.997262,42.700727],[-71.006344,42.701331],[-71.023627,42.701594],[-71.024589,42.702999],[-71.026274,42.704975],[-71.031619,42.718038],[-71.034638,42.732354]]","07/31/2016 - 08/28/2016, Every day, Daily Average",2278,1832,2831
"1116","Harborwalk, Waterfront, Boston","[[-71.062911,42.361229],[-71.061856,42.36243],[-71.058261,42.363697],[-71.057757,42.363616],[-71.056105,42.362402],[-71.05542,42.361957],[-71.054925,42.362046],[-71.053826,42.363303],[-71.052111,42.363676],[-71.051647,42.36311],[-71.0512,42.363712],[-71.05109,42.364175],[-71.046389,42.363935],[-71.045918,42.361164],[-71.0455,42.359825],[-71.045566,42.359733],[-71.049595,42.354497],[-71.05106,42.355131],[-71.050851,42.356671],[-71.052158,42.358666],[-71.053518,42.358356],[-71.055759,42.356913],[-71.05771,42.356777],[-71.058737,42.356988],[-71.05829,42.35741],[-71.06151,42.358336],[-71.062642,42.357977],[-71.062875,42.359483],[-71.062911,42.361229]]","27","100 Inner Belt Road, Inner Belt, Somerville","[[-71.095589,42.376972],[-71.095868,42.377872],[-71.096387,42.379635],[-71.095919,42.379656],[-71.09143,42.379609],[-71.089741,42.380109],[-71.089075,42.380557],[-71.087559,42.380988],[-71.086232,42.381315],[-71.080884,42.382141],[-71.080595,42.380997],[-71.077596,42.380597],[-71.075696,42.380197],[-71.072968,42.373342],[-71.080831,42.37422],[-71.08203,42.37365],[-71.085443,42.374045],[-71.087506,42.373422],[-71.089522,42.373968],[-71.091466,42.374095],[-71.093745,42.374251],[-71.097416,42.374428],[-71.095589,42.376972]]","07/31/2016 - 08/28/2016, Every day, Daily Average",361,164,794
"1116","Harborwalk, Waterfront, Boston","[[-71.062911,42.361229],[-71.061856,42.36243],[-71.058261,42.363697],[-71.057757,42.363616],[-71.056105,42.362402],[-71.05542,42.361957],[-71.054925,42.362046],[-71.053826,42.363303],[-71.052111,42.363676],[-71.051647,42.36311],[-71.0512,42.363712],[-71.05109,42.364175],[-71.046389,42.363935],[-71.045918,42.361164],[-71.0455,42.359825],[-71.045566,42.359733],[-71.049595,42.354497],[-71.05106,42.355131],[-71.050851,42.356671],[-71.052158,42.358666],[-71.053518,42.358356],[-71.055759,42.356913],[-71.05771,42.356777],[-71.058737,42.356988],[-71.05829,42.35741],[-71.06151,42.358336],[-71.062642,42.357977],[-71.062875,42.359483],[-71.062911,42.361229]]","28","0 Lincoln Road, Brookline","[[-71.131323,42.332939],[-71.12882,42.33546],[-71.12806,42.33561],[-71.128024,42.336319],[-71.126351,42.336949],[-71.12508,42.33731],[-71.123427,42.336348],[-71.1212,42.33656],[-71.12052,42.33597],[-71.11932,42.33484],[-71.11874,42.33321],[-71.118223,42.332249],[-71.11749,42.33165],[-71.11774,42.33161],[-71.12607,42.3301],[-71.1283,42.3297],[-71.13136,42.33152],[-71.131323,42.332939]]","07/31/2016 - 08/28/2016, Every day, Daily Average",1245,914,1695
"1116","Harborwalk, Waterfront, Boston","[[-71.062911,42.361229],[-71.061856,42.36243],[-71.058261,42.363697],[-71.057757,42.363616],[-71.056105,42.362402],[-71.05542,42.361957],[-71.054925,42.362046],[-71.053826,42.363303],[-71.052111,42.363676],[-71.051647,42.36311],[-71.0512,42.363712],[-71.05109,42.364175],[-71.046389,42.363935],[-71.045918,42.361164],[-71.0455,42.359825],[-71.045566,42.359733],[-71.049595,42.354497],[-71.05106,42.355131],[-71.050851,42.356671],[-71.052158,42.358666],[-71.053518,42.358356],[-71.055759,42.356913],[-71.05771,42.356777],[-71.058737,42.356988],[-71.05829,42.35741],[-71.06151,42.358336],[-71.062642,42.357977],[-71.062875,42.359483],[-71.062911,42.361229]]","29","100 Crosby Street, Arlington","[[-71.174955,42.435068],[-71.17368,42.436156],[-71.164788,42.435964],[-71.155688,42.435796],[-71.149798,42.435795],[-71.146302,42.423725],[-71.142559,42.421773],[-71.142832,42.420579],[-71.143355,42.420589],[-71.144709,42.420103],[-71.14844,42.416426],[-71.149084,42.41621],[-71.151407,42.416647],[-71.150867,42.4176],[-71.151986,42.419467],[-71.153065,42.419295],[-71.157204,42.419023],[-71.16043,42.419903],[-71.162156,42.421448],[-71.162764,42.421777],[-71.164597,42.422785],[-71.165989,42.42301],[-71.169068,42.42408],[-71.170228,42.428971],[-71.17175,42.42738],[-71.174341,42.428267],[-71.174916,42.430176],[-71.176004,42.431554],[-71.174955,42.435068]]","07/31/2016 - 08/28/2016, Every day, Daily Average",1043,750,1448
"1116","Harborwalk, Waterfront, Boston","[[-71.062911,42.361229],[-71.061856,42.36243],[-71.058261,42.363697],[-71.057757,42.363616],[-71.056105,42.362402],[-71.05542,42.361957],[-71.054925,42.362046],[-71.053826,42.363303],[-71.052111,42.363676],[-71.051647,42.36311],[-71.0512,42.363712],[-71.05109,42.364175],[-71.046389,42.363935],[-71.045918,42.361164],[-71.0455,42.359825],[-71.045566,42.359733],[-71.049595,42.354497],[-71.05106,42.355131],[-71.050851,42.356671],[-71.052158,42.358666],[-71.053518,42.358356],[-71.055759,42.356913],[-71.05771,42.356777],[-71.058737,42.356988],[-71.05829,42.35741],[-71.06151,42.358336],[-71.062642,42.357977],[-71.062875,42.359483],[-71.062911,42.361229]]","30","0 Stagecoach Way, Hopkinton","[[-71.599318,42.225959],[-71.592868,42.243211],[-71.589855,42.251265],[-71.586759,42.259545],[-71.57799,42.262486],[-71.564584,42.266985],[-71.56338,42.262544],[-71.5574,42.249052],[-71.555124,42.242041],[-71.552542,42.236801],[-71.551591,42.23388],[-71.5511,42.230007],[-71.549963,42.220999],[-71.546473,42.213923],[-71.544159,42.209611],[-71.541956,42.203899],[-71.538914,42.197971],[-71.53589,42.189649],[-71.539277,42.18973],[-71.555568,42.182592],[-71.555122,42.184876],[-71.556951,42.185997],[-71.555752,42.189869],[-71.556204,42.191857],[-71.572338,42.192228],[-71.571548,42.194653],[-71.578225,42.195202],[-71.58291,42.195559],[-71.602221,42.218101],[-71.599318,42.225959]]","07/31/2016 - 08/28/2016, Every day, Daily Average",2517,1822,3475
"1116","Harborwalk, Waterfront, Boston","[[-71.062911,42.361229],[-71.061856,42.36243],[-71.058261,42.363697],[-71.057757,42.363616],[-71.056105,42.362402],[-71.05542,42.361957],[-71.054925,42.362046],[-71.053826,42.363303],[-71.052111,42.363676],[-71.051647,42.36311],[-71.0512,42.363712],[-71.05109,42.364175],[-71.046389,42.363935],[-71.045918,42.361164],[-71.0455,42.359825],[-71.045566,42.359733],[-71.049595,42.354497],[-71.05106,42.355131],[-71.050851,42.356671],[-71.052158,42.358666],[-71.053518,42.358356],[-71.055759,42.356913],[-71.05771,42.356777],[-71.058737,42.356988],[-71.05829,42.35741],[-71.06151,42.358336],[-71.062642,42.357977],[-71.062875,42.359483],[-71.062911,42.361229]]","32","0 Gainsborough Street, Fenway/Kenmore, Boston","[[-71.091188,42.340949],[-71.090331,42.342605],[-71.090204,42.343189],[-71.089965,42.34392],[-71.086805,42.343436],[-71.085796,42.343332],[-71.084958,42.34277],[-71.086614,42.341474],[-71.091026,42.339608],[-71.09181,42.339871],[-71.091188,42.340949]]","07/31/2016 - 08/28/2016, Every day, Daily Average",903,598,1363
"1116","Harborwalk, Waterfront, Boston","[[-71.062911,42.361229],[-71.061856,42.36243],[-71.058261,42.363697],[-71.057757,42.363616],[-71.056105,42.362402],[-71.05542,42.361957],[-71.054925,42.362046],[-71.053826,42.363303],[-71.052111,42.363676],[-71.051647,42.36311],[-71.0512,42.363712],[-71.05109,42.364175],[-71.046389,42.363935],[-71.045918,42.361164],[-71.0455,42.359825],[-71.045566,42.359733],[-71.049595,42.354497],[-71.05106,42.355131],[-71.050851,42.356671],[-71.052158,42.358666],[-71.053518,42.358356],[-71.055759,42.356913],[-71.05771,42.356777],[-71.058737,42.356988],[-71.05829,42.35741],[-71.06151,42.358336],[-71.062642,42.357977],[-71.062875,42.359483],[-71.062911,42.361229]]","33","200 Prospect Avenue, Revere","[[-71.032493,42.415506],[-71.031701,42.417384],[-71.027544,42.416257],[-71.022741,42.414945],[-71.018278,42.413709],[-71.017656,42.413537],[-71.014408,42.412631],[-71.011234,42.411781],[-71.011635,42.411161],[-71.013549,42.408154],[-71.014192,42.407046],[-71.014545,42.406491],[-71.018126,42.403378],[-71.020853,42.403511],[-71.020436,42.404775],[-71.026327,42.406002],[-71.02669,42.406316],[-71.026898,42.407332],[-71.02905,42.41028],[-71.031354,42.412519],[-71.033203,42.414226],[-71.032493,42.415506]]","07/31/2016 - 08/28/2016, Every day, Daily Average",737,471,1152
"1116","Harborwalk, Waterfront, Boston","[[-71.062911,42.361229],[-71.061856,42.36243],[-71.058261,42.363697],[-71.057757,42.363616],[-71.056105,42.362402],[-71.05542,42.361957],[-71.054925,42.362046],[-71.053826,42.363303],[-71.052111,42.363676],[-71.051647,42.36311],[-71.0512,42.363712],[-71.05109,42.364175],[-71.046389,42.363935],[-71.045918,42.361164],[-71.0455,42.359825],[-71.045566,42.359733],[-71.049595,42.354497],[-71.05106,42.355131],[-71.050851,42.356671],[-71.052158,42.358666],[-71.053518,42.358356],[-71.055759,42.356913],[-71.05771,42.356777],[-71.058737,42.356988],[-71.05829,42.35741],[-71.06151,42.358336],[-71.062642,42.357977],[-71.062875,42.359483],[-71.062911,42.361229]]","37","0 Perrin Street, Roxbury, Boston","[[-71.083308,42.325959],[-71.081605,42.325549],[-71.0796,42.324161],[-71.077516,42.323261],[-71.076664,42.322889],[-71.077146,42.322196],[-71.077746,42.320431],[-71.077749,42.319284],[-71.077814,42.318296],[-71.078215,42.315871],[-71.078823,42.314608],[-71.080998,42.315755],[-71.08285,42.316362],[-71.082367,42.317233],[-71.081917,42.318021],[-71.081789,42.31827],[-71.081385,42.319802],[-71.081621,42.320732],[-71.081923,42.321727],[-71.083308,42.325959]]","07/31/2016 - 08/28/2016, Every day, Daily Average",1041,686,1579
"1116","Harborwalk, Waterfront, Boston","[[-71.062911,42.361229],[-71.061856,42.36243],[-71.058261,42.363697],[-71.057757,42.363616],[-71.056105,42.362402],[-71.05542,42.361957],[-71.054925,42.362046],[-71.053826,42.363303],[-71.052111,42.363676],[-71.051647,42.36311],[-71.0512,42.363712],[-71.05109,42.364175],[-71.046389,42.363935],[-71.045918,42.361164],[-71.0455,42.359825],[-71.045566,42.359733],[-71.049595,42.354497],[-71.05106,42.355131],[-71.050851,42.356671],[-71.052158,42.358666],[-71.053518,42.358356],[-71.055759,42.356913],[-71.05771,42.356777],[-71.058737,42.356988],[-71.05829,42.35741],[-71.06151,42.358336],[-71.062642,42.357977],[-71.062875,42.359483],[-71.062911,42.361229]]","38","McLean Street, Belmont","[[-71.207636,42.409799],[-71.203178,42.414279],[-71.201336,42.410224],[-71.198052,42.406131],[-71.196482,42.403425],[-71.193153,42.401237],[-71.184062,42.398375],[-71.182514,42.398268],[-71.181423,42.396499],[-71.177944,42.396446],[-71.180203,42.39449],[-71.179808,42.394313],[-71.183664,42.39077],[-71.182386,42.38941],[-71.182174,42.388328],[-71.180669,42.388925],[-71.178776,42.387694],[-71.179305,42.387072],[-71.180044,42.382483],[-71.183335,42.385302],[-71.18487,42.385898],[-71.185862,42.386264],[-71.18697,42.386664],[-71.190673,42.385925],[-71.190273,42.385289],[-71.192801,42.384559],[-71.194177,42.386031],[-71.19446,42.386317],[-71.196706,42.389886],[-71.196616,42.390482],[-71.197879,42.392497],[-71.196406,42.394331],[-71.199422,42.397249],[-71.200619,42.399574],[-71.201397,42.400188],[-71.201899,42.40247],[-71.202679,42.403714],[-71.211261,42.406074],[-71.207636,42.409799]]","07/31/2016 - 08/28/2016, Every day, Daily Average",1484,1178,1868
"1116","Harborwalk, Waterfront, Boston","[[-71.062911,42.361229],[-71.061856,42.36243],[-71.058261,42.363697],[-71.057757,42.363616],[-71.056105,42.362402],[-71.05542,42.361957],[-71.054925,42.362046],[-71.053826,42.363303],[-71.052111,42.363676],[-71.051647,42.36311],[-71.0512,42.363712],[-71.05109,42.364175],[-71.046389,42.363935],[-71.045918,42.361164],[-71.0455,42.359825],[-71.045566,42.359733],[-71.049595,42.354497],[-71.05106,42.355131],[-71.050851,42.356671],[-71.052158,42.358666],[-71.053518,42.358356],[-71.055759,42.356913],[-71.05771,42.356777],[-71.058737,42.356988],[-71.05829,42.35741],[-71.06151,42.358336],[-71.062642,42.357977],[-71.062875,42.359483],[-71.062911,42.361229]]","40","0 Aycliffe Road, Swampscott","[[-70.922705,42.46954],[-70.921411,42.470751],[-70.917154,42.473658],[-70.915108,42.47505],[-70.914855,42.475219],[-70.913849,42.475888],[-70.908046,42.47798],[-70.904566,42.480028],[-70.900651,42.483411],[-70.900247,42.484945],[-70.899372,42.48475],[-70.898032,42.482481],[-70.89246,42.476148],[-70.893394,42.475267],[-70.896856,42.474589],[-70.905566,42.474942],[-70.909182,42.47415],[-70.907979,42.472884],[-70.909883,42.47219],[-70.911783,42.471764],[-70.912484,42.470279],[-70.91702,42.468072],[-70.918227,42.468368],[-70.919014,42.468277],[-70.922284,42.467403],[-70.922974,42.468751],[-70.922705,42.46954]]","07/31/2016 - 08/28/2016, Every day, Daily Average",1713,1344,2183
"1116","Harborwalk, Waterfront, Boston","[[-71.062911,42.361229],[-71.061856,42.36243],[-71.058261,42.363697],[-71.057757,42.363616],[-71.056105,42.362402],[-71.05542,42.361957],[-71.054925,42.362046],[-71.053826,42.363303],[-71.052111,42.363676],[-71.051647,42.36311],[-71.0512,42.363712],[-71.05109,42.364175],[-71.046389,42.363935],[-71.045918,42.361164],[-71.0455,42.359825],[-71.045566,42.359733],[-71.049595,42.354497],[-71.05106,42.355131],[-71.050851,42.356671],[-71.052158,42.358666],[-71.053518,42.358356],[-71.055759,42.356913],[-71.05771,42.356777],[-71.058737,42.356988],[-71.05829,42.35741],[-71.06151,42.358336],[-71.062642,42.357977],[-71.062875,42.359483],[-71.062911,42.361229]]","41","200 Sumner Street, East Boston, Boston","[[-71.040294,42.370739],[-71.037643,42.369577],[-71.036989,42.369287],[-71.034754,42.36831],[-71.035728,42.367125],[-71.036831,42.365716],[-71.039439,42.367271],[-71.038689,42.368406],[-71.038919,42.368504],[-71.041255,42.369535],[-71.040294,42.370739]]","07/31/2016 - 08/28/2016, Every day, Daily Average",286,130,626
"1116","Harborwalk, Waterfront, Boston","[[-71.062911,42.361229],[-71.061856,42.36243],[-71.058261,42.363697],[-71.057757,42.363616],[-71.056105,42.362402],[-71.05542,42.361957],[-71.054925,42.362046],[-71.053826,42.363303],[-71.052111,42.363676],[-71.051647,42.36311],[-71.0512,42.363712],[-71.05109,42.364175],[-71.046389,42.363935],[-71.045918,42.361164],[-71.0455,42.359825],[-71.045566,42.359733],[-71.049595,42.354497],[-71.05106,42.355131],[-71.050851,42.356671],[-71.052158,42.358666],[-71.053518,42.358356],[-71.055759,42.356913],[-71.05771,42.356777],[-71.058737,42.356988],[-71.05829,42.35741],[-71.06151,42.358336],[-71.062642,42.357977],[-71.062875,42.359483],[-71.062911,42.361229]]","44","0 Georgetown Road, Boxford","[[-71.097834,42.73522],[-71.092467,42.737],[-71.088064,42.736144],[-71.084182,42.736565],[-71.08191,42.736685],[-71.074,42.734466],[-71.072111,42.732668],[-71.058883,42.732463],[-71.047606,42.726495],[-71.031619,42.718038],[-71.026274,42.704975],[-71.024589,42.702999],[-71.023627,42.701594],[-71.006344,42.701331],[-70.997262,42.700727],[-70.995766,42.699624],[-70.994921,42.700562],[-70.991926,42.700757],[-70.991611,42.699467],[-70.987533,42.698116],[-70.976411,42.694352],[-70.975389,42.693929],[-70.948594,42.680667],[-70.964455,42.674825],[-70.965225,42.672274],[-70.965341,42.671867],[-70.967051,42.672494],[-70.968955,42.673178],[-70.967506,42.669434],[-70.96404,42.659926],[-70.960361,42.649843],[-70.969954,42.645011],[-70.975545,42.642184],[-70.975283,42.639391],[-70.973385,42.636866],[-70.974764,42.634747],[-70.973274,42.631703],[-70.971383,42.628071],[-70.967667,42.626722],[-70.969386,42.625297],[-70.976669,42.623311],[-70.976721,42.62088],[-70.978305,42.621483],[-70.985938,42.622041],[-71.02231,42.641636],[-71.037575,42.667655],[-71.040519,42.672688],[-71.064491,42.694717],[-71.075134,42.704498],[-71.090594,42.718699],[-71.09175,42.718122],[-71.095362,42.722025],[-71.091753,42.72427],[-71.093668,42.726742],[-71.095023,42.726252],[-71.096463,42.724097],[-71.108632,42.735281],[-71.097834,42.73522]]","07/31/2016 - 08/28/2016, Every day, Daily Average",2110,1648,2700
"1116","Harborwalk, Waterfront, Boston","[[-71.062911,42.361229],[-71.061856,42.36243],[-71.058261,42.363697],[-71.057757,42.363616],[-71.056105,42.362402],[-71.05542,42.361957],[-71.054925,42.362046],[-71.053826,42.363303],[-71.052111,42.363676],[-71.051647,42.36311],[-71.0512,42.363712],[-71.05109,42.364175],[-71.046389,42.363935],[-71.045918,42.361164],[-71.0455,42.359825],[-71.045566,42.359733],[-71.049595,42.354497],[-71.05106,42.355131],[-71.050851,42.356671],[-71.052158,42.358666],[-71.053518,42.358356],[-71.055759,42.356913],[-71.05771,42.356777],[-71.058737,42.356988],[-71.05829,42.35741],[-71.06151,42.358336],[-71.062642,42.357977],[-71.062875,42.359483],[-71.062911,42.361229]]","45","0 Lyon Street, Back Central, Lowell","[[-71.313714,42.634487],[-71.308996,42.635095],[-71.308913,42.636994],[-71.306735,42.637439],[-71.305943,42.635805],[-71.305369,42.637316],[-71.302852,42.638205],[-71.302251,42.636968],[-71.30149,42.636024],[-71.303282,42.636114],[-71.302642,42.634241],[-71.304085,42.633807],[-71.304917,42.632594],[-71.308631,42.631621],[-71.31253,42.632524],[-71.312679,42.632726],[-71.313714,42.634487]]","07/31/2016 - 08/28/2016, Every day, Daily Average",2192,1772,2710
"1116","Harborwalk, Waterfront, Boston","[[-71.062911,42.361229],[-71.061856,42.36243],[-71.058261,42.363697],[-71.057757,42.363616],[-71.056105,42.362402],[-71.05542,42.361957],[-71.054925,42.362046],[-71.053826,42.363303],[-71.052111,42.363676],[-71.051647,42.36311],[-71.0512,42.363712],[-71.05109,42.364175],[-71.046389,42.363935],[-71.045918,42.361164],[-71.0455,42.359825],[-71.045566,42.359733],[-71.049595,42.354497],[-71.05106,42.355131],[-71.050851,42.356671],[-71.052158,42.358666],[-71.053518,42.358356],[-71.055759,42.356913],[-71.05771,42.356777],[-71.058737,42.356988],[-71.05829,42.35741],[-71.06151,42.358336],[-71.062642,42.357977],[-71.062875,42.359483],[-71.062911,42.361229]]","46","300 River Street, Cambridgeport, Cambridge","[[-71.117193,42.364229],[-71.113901,42.364478],[-71.109892,42.364827],[-71.109016,42.364908],[-71.104994,42.365253],[-71.106679,42.364557],[-71.108241,42.36405],[-71.109753,42.362716],[-71.110326,42.362214],[-71.110928,42.361735],[-71.11278,42.36013],[-71.113815,42.359196],[-71.116929,42.358716],[-71.116995,42.361173],[-71.117193,42.364229]]","07/31/2016 - 08/28/2016, Every day, Daily Average",980,667,1438
"1116","Harborwalk, Waterfront, Boston","[[-71.062911,42.361229],[-71.061856,42.36243],[-71.058261,42.363697],[-71.057757,42.363616],[-71.056105,42.362402],[-71.05542,42.361957],[-71.054925,42.362046],[-71.053826,42.363303],[-71.052111,42.363676],[-71.051647,42.36311],[-71.0512,42.363712],[-71.05109,42.364175],[-71.046389,42.363935],[-71.045918,42.361164],[-71.0455,42.359825],[-71.045566,42.359733],[-71.049595,42.354497],[-71.05106,42.355131],[-71.050851,42.356671],[-71.052158,42.358666],[-71.053518,42.358356],[-71.055759,42.356913],[-71.05771,42.356777],[-71.058737,42.356988],[-71.05829,42.35741],[-71.06151,42.358336],[-71.062642,42.357977],[-71.062875,42.359483],[-71.062911,42.361229]]","47","200 Huntington Avenue, Prudential / St. Botolph, Boston","[[-71.087758,42.3473],[-71.085602,42.347884],[-71.084406,42.346039],[-71.082757,42.345856],[-71.081821,42.345413],[-71.080911,42.344787],[-71.080082,42.344219],[-71.08078,42.343744],[-71.083151,42.341622],[-71.084096,42.342192],[-71.084958,42.34277],[-71.085796,42.343332],[-71.086831,42.345424],[-71.087455,42.346635],[-71.087758,42.3473]]","07/31/2016 - 08/28/2016, Every day, Daily Average",925,622,1374
"1116","Harborwalk, Waterfront, Boston","[[-71.062911,42.361229],[-71.061856,42.36243],[-71.058261,42.363697],[-71.057757,42.363616],[-71.056105,42.362402],[-71.05542,42.361957],[-71.054925,42.362046],[-71.053826,42.363303],[-71.052111,42.363676],[-71.051647,42.36311],[-71.0512,42.363712],[-71.05109,42.364175],[-71.046389,42.363935],[-71.045918,42.361164],[-71.0455,42.359825],[-71.045566,42.359733],[-71.049595,42.354497],[-71.05106,42.355131],[-71.050851,42.356671],[-71.052158,42.358666],[-71.053518,42.358356],[-71.055759,42.356913],[-71.05771,42.356777],[-71.058737,42.356988],[-71.05829,42.35741],[-71.06151,42.358336],[-71.062642,42.357977],[-71.062875,42.359483],[-71.062911,42.361229]]","48","100 Gove Street, East Boston, Boston","[[-71.036989,42.369287],[-71.033923,42.371932],[-71.030998,42.370043],[-71.033387,42.367734],[-71.034754,42.36831],[-71.036989,42.369287]]","07/31/2016 - 08/28/2016, Every day, Daily Average",381,214,676
"1116","Harborwalk, Waterfront, Boston","[[-71.062911,42.361229],[-71.061856,42.36243],[-71.058261,42.363697],[-71.057757,42.363616],[-71.056105,42.362402],[-71.05542,42.361957],[-71.054925,42.362046],[-71.053826,42.363303],[-71.052111,42.363676],[-71.051647,42.36311],[-71.0512,42.363712],[-71.05109,42.364175],[-71.046389,42.363935],[-71.045918,42.361164],[-71.0455,42.359825],[-71.045566,42.359733],[-71.049595,42.354497],[-71.05106,42.355131],[-71.050851,42.356671],[-71.052158,42.358666],[-71.053518,42.358356],[-71.055759,42.356913],[-71.05771,42.356777],[-71.058737,42.356988],[-71.05829,42.35741],[-71.06151,42.358336],[-71.062642,42.357977],[-71.062875,42.359483],[-71.062911,42.361229]]","51","0 Peterborough Street, West Fens, Boston","[[-71.102519,42.343375],[-71.098955,42.346815],[-71.098115,42.347637],[-71.092871,42.347643],[-71.089636,42.347644],[-71.087916,42.347461],[-71.087758,42.3473],[-71.089264,42.346887],[-71.090902,42.346544],[-71.092231,42.346988],[-71.094451,42.345189],[-71.094644,42.344549],[-71.097412,42.343694],[-71.096493,42.341843],[-71.098361,42.34081],[-71.099795,42.340804],[-71.101071,42.341738],[-71.102519,42.343375]]","07/31/2016 - 08/28/2016, Every day, Daily Average",760,476,1213
"1116","Harborwalk, Waterfront, Boston","[[-71.062911,42.361229],[-71.061856,42.36243],[-71.058261,42.363697],[-71.057757,42.363616],[-71.056105,42.362402],[-71.05542,42.361957],[-71.054925,42.362046],[-71.053826,42.363303],[-71.052111,42.363676],[-71.051647,42.36311],[-71.0512,42.363712],[-71.05109,42.364175],[-71.046389,42.363935],[-71.045918,42.361164],[-71.0455,42.359825],[-71.045566,42.359733],[-71.049595,42.354497],[-71.05106,42.355131],[-71.050851,42.356671],[-71.052158,42.358666],[-71.053518,42.358356],[-71.055759,42.356913],[-71.05771,42.356777],[-71.058737,42.356988],[-71.05829,42.35741],[-71.06151,42.358336],[-71.062642,42.357977],[-71.062875,42.359483],[-71.062911,42.361229]]","52","0 Berkshire Street, Wellington-Harrington, Cambridge","[[-71.094785,42.368766],[-71.093279,42.372754],[-71.09182,42.372562],[-71.089733,42.372289],[-71.087866,42.372044],[-71.088259,42.370645],[-71.089181,42.367065],[-71.092134,42.368116],[-71.0938,42.367955],[-71.094785,42.368766]]","07/31/2016 - 08/28/2016, Every day, Daily Average",846,564,1268
"1116","Harborwalk, Waterfront, Boston","[[-71.062911,42.361229],[-71.061856,42.36243],[-71.058261,42.363697],[-71.057757,42.363616],[-71.056105,42.362402],[-71.05542,42.361957],[-71.054925,42.362046],[-71.053826,42.363303],[-71.052111,42.363676],[-71.051647,42.36311],[-71.0512,42.363712],[-71.05109,42.364175],[-71.046389,42.363935],[-71.045918,42.361164],[-71.0455,42.359825],[-71.045566,42.359733],[-71.049595,42.354497],[-71.05106,42.355131],[-71.050851,42.356671],[-71.052158,42.358666],[-71.053518,42.358356],[-71.055759,42.356913],[-71.05771,42.356777],[-71.058737,42.356988],[-71.05829,42.35741],[-71.06151,42.358336],[-71.062642,42.357977],[-71.062875,42.359483],[-71.062911,42.361229]]","53","600 Commonwealth Avenue, Fenway/Kenmore, Boston","[[-71.110732,42.351819],[-71.108996,42.351394],[-71.103318,42.350985],[-71.100255,42.350785],[-71.09778,42.350596],[-71.097168,42.348982],[-71.100564,42.347918],[-71.101143,42.347758],[-71.106854,42.348759],[-71.106702,42.349433],[-71.10657,42.349912],[-71.110936,42.350446],[-71.110732,42.351819]]","07/31/2016 - 08/28/2016, Every day, Daily Average",725,456,1152
"1116","Harborwalk, Waterfront, Boston","[[-71.062911,42.361229],[-71.061856,42.36243],[-71.058261,42.363697],[-71.057757,42.363616],[-71.056105,42.362402],[-71.05542,42.361957],[-71.054925,42.362046],[-71.053826,42.363303],[-71.052111,42.363676],[-71.051647,42.36311],[-71.0512,42.363712],[-71.05109,42.364175],[-71.046389,42.363935],[-71.045918,42.361164],[-71.0455,42.359825],[-71.045566,42.359733],[-71.049595,42.354497],[-71.05106,42.355131],[-71.050851,42.356671],[-71.052158,42.358666],[-71.053518,42.358356],[-71.055759,42.356913],[-71.05771,42.356777],[-71.058737,42.356988],[-71.05829,42.35741],[-71.06151,42.358336],[-71.062642,42.357977],[-71.062875,42.359483],[-71.062911,42.361229]]","54","0 Binney Street, Arefth, Cambridge","[[-71.089181,42.367065],[-71.088259,42.370645],[-71.083464,42.370068],[-71.083625,42.369381],[-71.08031,42.368966],[-71.077388,42.368576],[-71.078063,42.365913],[-71.078822,42.362627],[-71.081159,42.362825],[-71.083775,42.363461],[-71.086769,42.364591],[-71.089532,42.36565],[-71.089181,42.367065]]","07/31/2016 - 08/28/2016, Every day, Daily Average",682,426,1090
"1116","Harborwalk, Waterfront, Boston","[[-71.062911,42.361229],[-71.061856,42.36243],[-71.058261,42.363697],[-71.057757,42.363616],[-71.056105,42.362402],[-71.05542,42.361957],[-71.054925,42.362046],[-71.053826,42.363303],[-71.052111,42.363676],[-71.051647,42.36311],[-71.0512,42.363712],[-71.05109,42.364175],[-71.046389,42.363935],[-71.045918,42.361164],[-71.0455,42.359825],[-71.045566,42.359733],[-71.049595,42.354497],[-71.05106,42.355131],[-71.050851,42.356671],[-71.052158,42.358666],[-71.053518,42.358356],[-71.055759,42.356913],[-71.05771,42.356777],[-71.058737,42.356988],[-71.05829,42.35741],[-71.06151,42.358336],[-71.062642,42.357977],[-71.062875,42.359483],[-71.062911,42.361229]]","57","100 Memorial Park Avenue, Lynn","[[-70.946371,42.475674],[-70.945841,42.476154],[-70.94422,42.477828],[-70.942364,42.479405],[-70.939041,42.477294],[-70.938914,42.475823],[-70.937581,42.474591],[-70.934588,42.471732],[-70.93695,42.470556],[-70.937886,42.470376],[-70.938586,42.470231],[-70.941639,42.469116],[-70.943729,42.471385],[-70.943536,42.471564],[-70.94748,42.473935],[-70.946371,42.475674]]","07/31/2016 - 08/28/2016, Every day, Daily Average",1822,1424,2330
"1116","Harborwalk, Waterfront, Boston","[[-71.062911,42.361229],[-71.061856,42.36243],[-71.058261,42.363697],[-71.057757,42.363616],[-71.056105,42.362402],[-71.05542,42.361957],[-71.054925,42.362046],[-71.053826,42.363303],[-71.052111,42.363676],[-71.051647,42.36311],[-71.0512,42.363712],[-71.05109,42.364175],[-71.046389,42.363935],[-71.045918,42.361164],[-71.0455,42.359825],[-71.045566,42.359733],[-71.049595,42.354497],[-71.05106,42.355131],[-71.050851,42.356671],[-71.052158,42.358666],[-71.053518,42.358356],[-71.055759,42.356913],[-71.05771,42.356777],[-71.058737,42.356988],[-71.05829,42.35741],[-71.06151,42.358336],[-71.062642,42.357977],[-71.062875,42.359483],[-71.062911,42.361229]]","58","100 Summit Avenue, Corey Hill, Brookline","[[-71.139977,42.34214],[-71.137824,42.343876],[-71.135985,42.345366],[-71.135155,42.346023],[-71.12874,42.3438],[-71.12718,42.34542],[-71.12327,42.34339],[-71.12172,42.3425],[-71.12123,42.342],[-71.123041,42.341498],[-71.123616,42.341364],[-71.130171,42.3396],[-71.134429,42.339406],[-71.1352,42.33923],[-71.137211,42.338727],[-71.138787,42.338361],[-71.139259,42.33824],[-71.13969,42.33989],[-71.141302,42.341073],[-71.139977,42.34214]]","07/31/2016 - 08/28/2016, Every day, Daily Average",1147,821,1601
"1116","Harborwalk, Waterfront, Boston","[[-71.062911,42.361229],[-71.061856,42.36243],[-71.058261,42.363697],[-71.057757,42.363616],[-71.056105,42.362402],[-71.05542,42.361957],[-71.054925,42.362046],[-71.053826,42.363303],[-71.052111,42.363676],[-71.051647,42.36311],[-71.0512,42.363712],[-71.05109,42.364175],[-71.046389,42.363935],[-71.045918,42.361164],[-71.0455,42.359825],[-71.045566,42.359733],[-71.049595,42.354497],[-71.05106,42.355131],[-71.050851,42.356671],[-71.052158,42.358666],[-71.053518,42.358356],[-71.055759,42.356913],[-71.05771,42.356777],[-71.058737,42.356988],[-71.05829,42.35741],[-71.06151,42.358336],[-71.062642,42.357977],[-71.062875,42.359483],[-71.062911,42.361229]]","59","300 Shea Memorial Drive, SouthField, Weymouth","[[-70.95538,42.17673],[-70.95526,42.1797],[-70.947272,42.17948],[-70.94552,42.17903],[-70.940405,42.177159],[-70.935551,42.17791],[-70.934575,42.178109],[-70.925298,42.17986],[-70.921149,42.18104],[-70.923324,42.167936],[-70.924877,42.15758],[-70.928462,42.156184],[-70.940828,42.151341],[-70.948963,42.148156],[-70.955168,42.158118],[-70.95522,42.16265],[-70.95528,42.1678],[-70.95537,42.1716],[-70.95538,42.17673]]","07/31/2016 - 08/28/2016, Every day, Daily Average",1758,1261,2449
"1116","Harborwalk, Waterfront, Boston","[[-71.062911,42.361229],[-71.061856,42.36243],[-71.058261,42.363697],[-71.057757,42.363616],[-71.056105,42.362402],[-71.05542,42.361957],[-71.054925,42.362046],[-71.053826,42.363303],[-71.052111,42.363676],[-71.051647,42.36311],[-71.0512,42.363712],[-71.05109,42.364175],[-71.046389,42.363935],[-71.045918,42.361164],[-71.0455,42.359825],[-71.045566,42.359733],[-71.049595,42.354497],[-71.05106,42.355131],[-71.050851,42.356671],[-71.052158,42.358666],[-71.053518,42.358356],[-71.055759,42.356913],[-71.05771,42.356777],[-71.058737,42.356988],[-71.05829,42.35741],[-71.06151,42.358336],[-71.062642,42.357977],[-71.062875,42.359483],[-71.062911,42.361229]]","60","Pilgrims Highway, Weymouth","[[-70.95583,42.199491],[-70.950271,42.200676],[-70.94602,42.20081],[-70.94557,42.201446],[-70.938633,42.199793],[-70.93411,42.19878],[-70.92926,42.19698],[-70.922819,42.194421],[-70.919199,42.193629],[-70.920936,42.182178],[-70.921149,42.18104],[-70.925298,42.17986],[-70.934575,42.178109],[-70.935551,42.17791],[-70.940405,42.177159],[-70.94552,42.17903],[-70.947272,42.17948],[-70.95526,42.1797],[-70.955221,42.180174],[-70.9556,42.189031],[-70.955659,42.194497],[-70.95583,42.199491]]","07/31/2016 - 08/28/2016, Every day, Daily Average",1480,1004,2180
"1116","Harborwalk, Waterfront, Boston","[[-71.062911,42.361229],[-71.061856,42.36243],[-71.058261,42.363697],[-71.057757,42.363616],[-71.056105,42.362402],[-71.05542,42.361957],[-71.054925,42.362046],[-71.053826,42.363303],[-71.052111,42.363676],[-71.051647,42.36311],[-71.0512,42.363712],[-71.05109,42.364175],[-71.046389,42.363935],[-71.045918,42.361164],[-71.0455,42.359825],[-71.045566,42.359733],[-71.049595,42.354497],[-71.05106,42.355131],[-71.050851,42.356671],[-71.052158,42.358666],[-71.053518,42.358356],[-71.055759,42.356913],[-71.05771,42.356777],[-71.058737,42.356988],[-71.05829,42.35741],[-71.06151,42.358336],[-71.062642,42.357977],[-71.062875,42.359483],[-71.062911,42.361229]]","62","200 Pond Street, Avon","[[-71.070944,42.132181],[-71.065038,42.138722],[-71.063846,42.140473],[-71.056511,42.153815],[-71.053927,42.151195],[-71.04007,42.13717],[-71.035093,42.135634],[-71.027233,42.132949],[-71.027471,42.129556],[-71.027579,42.126662],[-71.026997,42.123749],[-71.021859,42.118745],[-71.025534,42.117293],[-71.034188,42.113872],[-71.041119,42.111156],[-71.044305,42.109878],[-71.057766,42.10457],[-71.061249,42.103215],[-71.060787,42.104828],[-71.060412,42.106974],[-71.067653,42.124282],[-71.068326,42.125874],[-71.070944,42.132181]]","07/31/2016 - 08/28/2016, Every day, Daily Average",1832,1290,2601
"1116","Harborwalk, Waterfront, Boston","[[-71.062911,42.361229],[-71.061856,42.36243],[-71.058261,42.363697],[-71.057757,42.363616],[-71.056105,42.362402],[-71.05542,42.361957],[-71.054925,42.362046],[-71.053826,42.363303],[-71.052111,42.363676],[-71.051647,42.36311],[-71.0512,42.363712],[-71.05109,42.364175],[-71.046389,42.363935],[-71.045918,42.361164],[-71.0455,42.359825],[-71.045566,42.359733],[-71.049595,42.354497],[-71.05106,42.355131],[-71.050851,42.356671],[-71.052158,42.358666],[-71.053518,42.358356],[-71.055759,42.356913],[-71.05771,42.356777],[-71.058737,42.356988],[-71.05829,42.35741],[-71.06151,42.358336],[-71.062642,42.357977],[-71.062875,42.359483],[-71.062911,42.361229]]","65","0 Glen Road, Reading","[[-71.131316,42.531814],[-71.132451,42.53652],[-71.130594,42.53621],[-71.129585,42.535993],[-71.122382,42.533296],[-71.11418,42.529796],[-71.111306,42.528945],[-71.108534,42.528131],[-71.106197,42.527093],[-71.1035,42.525784],[-71.103018,42.525438],[-71.102791,42.524082],[-71.102989,42.523536],[-71.103048,42.523263],[-71.103212,42.521113],[-71.105803,42.520871],[-71.107585,42.521573],[-71.114776,42.518449],[-71.119635,42.51744],[-71.119801,42.517945],[-71.119931,42.518132],[-71.120728,42.519957],[-71.121105,42.520394],[-71.124549,42.524395],[-71.126206,42.527467],[-71.128871,42.528025],[-71.13062,42.529148],[-71.132516,42.531286],[-71.131316,42.531814]]","07/31/2016 - 08/28/2016, Every day, Daily Average",1227,935,1608
"1116","Harborwalk, Waterfront, Boston","[[-71.062911,42.361229],[-71.061856,42.36243],[-71.058261,42.363697],[-71.057757,42.363616],[-71.056105,42.362402],[-71.05542,42.361957],[-71.054925,42.362046],[-71.053826,42.363303],[-71.052111,42.363676],[-71.051647,42.36311],[-71.0512,42.363712],[-71.05109,42.364175],[-71.046389,42.363935],[-71.045918,42.361164],[-71.0455,42.359825],[-71.045566,42.359733],[-71.049595,42.354497],[-71.05106,42.355131],[-71.050851,42.356671],[-71.052158,42.358666],[-71.053518,42.358356],[-71.055759,42.356913],[-71.05771,42.356777],[-71.058737,42.356988],[-71.05829,42.35741],[-71.06151,42.358336],[-71.062642,42.357977],[-71.062875,42.359483],[-71.062911,42.361229]]","67","0 Nightingale Lane, Salem","[[-70.949917,42.494776],[-70.942161,42.501364],[-70.934048,42.50837],[-70.928586,42.513053],[-70.926328,42.514867],[-70.928588,42.51016],[-70.925381,42.506845],[-70.924288,42.502913],[-70.917792,42.506754],[-70.912447,42.508377],[-70.910399,42.509808],[-70.907445,42.513166],[-70.909476,42.516278],[-70.90897,42.51787],[-70.908463,42.518712],[-70.90639,42.518122],[-70.905388,42.5174],[-70.905833,42.515774],[-70.899097,42.514846],[-70.899651,42.514458],[-70.897315,42.512365],[-70.897182,42.511389],[-70.897394,42.508796],[-70.898261,42.507267],[-70.906155,42.494931],[-70.908321,42.492398],[-70.911393,42.489063],[-70.913547,42.485939],[-70.933987,42.49081],[-70.935454,42.491179],[-70.949321,42.494578],[-70.949917,42.494776]]","07/31/2016 - 08/28/2016, Every day, Daily Average",1985,1555,2532
"1116","Harborwalk, Waterfront, Boston","[[-71.062911,42.361229],[-71.061856,42.36243],[-71.058261,42.363697],[-71.057757,42.363616],[-71.056105,42.362402],[-71.05542,42.361957],[-71.054925,42.362046],[-71.053826,42.363303],[-71.052111,42.363676],[-71.051647,42.36311],[-71.0512,42.363712],[-71.05109,42.364175],[-71.046389,42.363935],[-71.045918,42.361164],[-71.0455,42.359825],[-71.045566,42.359733],[-71.049595,42.354497],[-71.05106,42.355131],[-71.050851,42.356671],[-71.052158,42.358666],[-71.053518,42.358356],[-71.055759,42.356913],[-71.05771,42.356777],[-71.058737,42.356988],[-71.05829,42.35741],[-71.06151,42.358336],[-71.062642,42.357977],[-71.062875,42.359483],[-71.062911,42.361229]]","68","100 Beacon Street, Back Bay East, Boston","[[-71.081595,42.353704],[-71.079464,42.354275],[-71.077575,42.354876],[-71.075219,42.355507],[-71.075049,42.355325],[-71.073302,42.355812],[-71.072564,42.355439],[-71.072055,42.354655],[-71.074401,42.354022],[-71.076583,42.353425],[-71.080862,42.352267],[-71.081595,42.353704]]","07/31/2016 - 08/28/2016, Every day, Daily Average",515,304,869
"1116","Harborwalk, Waterfront, Boston","[[-71.062911,42.361229],[-71.061856,42.36243],[-71.058261,42.363697],[-71.057757,42.363616],[-71.056105,42.362402],[-71.05542,42.361957],[-71.054925,42.362046],[-71.053826,42.363303],[-71.052111,42.363676],[-71.051647,42.36311],[-71.0512,42.363712],[-71.05109,42.364175],[-71.046389,42.363935],[-71.045918,42.361164],[-71.0455,42.359825],[-71.045566,42.359733],[-71.049595,42.354497],[-71.05106,42.355131],[-71.050851,42.356671],[-71.052158,42.358666],[-71.053518,42.358356],[-71.055759,42.356913],[-71.05771,42.356777],[-71.058737,42.356988],[-71.05829,42.35741],[-71.06151,42.358336],[-71.062642,42.357977],[-71.062875,42.359483],[-71.062911,42.361229]]","69","0 Burrill Avenue, Lynn","[[-70.934472,42.468199],[-70.932139,42.469209],[-70.924896,42.472578],[-70.923788,42.470371],[-70.922974,42.468751],[-70.922284,42.467403],[-70.921993,42.466696],[-70.92554,42.463097],[-70.926792,42.461827],[-70.928479,42.462],[-70.929886,42.463542],[-70.932913,42.465398],[-70.934051,42.467077],[-70.934472,42.468199]]","07/31/2016 - 08/28/2016, Every day, Daily Average",1565,1230,1991
"1116","Harborwalk, Waterfront, Boston","[[-71.062911,42.361229],[-71.061856,42.36243],[-71.058261,42.363697],[-71.057757,42.363616],[-71.056105,42.362402],[-71.05542,42.361957],[-71.054925,42.362046],[-71.053826,42.363303],[-71.052111,42.363676],[-71.051647,42.36311],[-71.0512,42.363712],[-71.05109,42.364175],[-71.046389,42.363935],[-71.045918,42.361164],[-71.0455,42.359825],[-71.045566,42.359733],[-71.049595,42.354497],[-71.05106,42.355131],[-71.050851,42.356671],[-71.052158,42.358666],[-71.053518,42.358356],[-71.055759,42.356913],[-71.05771,42.356777],[-71.058737,42.356988],[-71.05829,42.35741],[-71.06151,42.358336],[-71.062642,42.357977],[-71.062875,42.359483],[-71.062911,42.361229]]","72","0 Stonington Street, North Andover","[[-71.144857,42.698985],[-71.142778,42.698923],[-71.140022,42.703378],[-71.137083,42.704353],[-71.13728,42.706733],[-71.136039,42.707586],[-71.134925,42.708712],[-71.134153,42.708368],[-71.133194,42.705952],[-71.129903,42.705624],[-71.124847,42.703111],[-71.123109,42.701317],[-71.118334,42.699095],[-71.119199,42.695543],[-71.120192,42.69299],[-71.121579,42.687674],[-71.124436,42.688953],[-71.13187,42.692743],[-71.132717,42.692768],[-71.135289,42.69223],[-71.136501,42.69252],[-71.138039,42.692197],[-71.141371,42.694058],[-71.142544,42.694248],[-71.143395,42.697028],[-71.14577,42.698352],[-71.144857,42.698985]]","07/31/2016 - 08/28/2016, Every day, Daily Average",1864,1439,2413
"1116","Harborwalk, Waterfront, Boston","[[-71.062911,42.361229],[-71.061856,42.36243],[-71.058261,42.363697],[-71.057757,42.363616],[-71.056105,42.362402],[-71.05542,42.361957],[-71.054925,42.362046],[-71.053826,42.363303],[-71.052111,42.363676],[-71.051647,42.36311],[-71.0512,42.363712],[-71.05109,42.364175],[-71.046389,42.363935],[-71.045918,42.361164],[-71.0455,42.359825],[-71.045566,42.359733],[-71.049595,42.354497],[-71.05106,42.355131],[-71.050851,42.356671],[-71.052158,42.358666],[-71.053518,42.358356],[-71.055759,42.356913],[-71.05771,42.356777],[-71.058737,42.356988],[-71.05829,42.35741],[-71.06151,42.358336],[-71.062642,42.357977],[-71.062875,42.359483],[-71.062911,42.361229]]","74","700 Washington Street, Haverhill","[[-71.119355,42.773899],[-71.119264,42.77435],[-71.115979,42.783404],[-71.11162,42.7823],[-71.106345,42.781125],[-71.098905,42.779002],[-71.10001,42.77869],[-71.09982,42.776494],[-71.09572,42.773623],[-71.096707,42.772899],[-71.094372,42.770246],[-71.095885,42.769018],[-71.094132,42.767461],[-71.097191,42.763042],[-71.099602,42.76239],[-71.103702,42.76259],[-71.104904,42.763224],[-71.107382,42.764498],[-71.109886,42.766708],[-71.114212,42.76822],[-71.120786,42.768437],[-71.119355,42.773899]]","07/31/2016 - 08/28/2016, Every day, Daily Average",2200,1743,2776
"1116","Harborwalk, Waterfront, Boston","[[-71.062911,42.361229],[-71.061856,42.36243],[-71.058261,42.363697],[-71.057757,42.363616],[-71.056105,42.362402],[-71.05542,42.361957],[-71.054925,42.362046],[-71.053826,42.363303],[-71.052111,42.363676],[-71.051647,42.36311],[-71.0512,42.363712],[-71.05109,42.364175],[-71.046389,42.363935],[-71.045918,42.361164],[-71.0455,42.359825],[-71.045566,42.359733],[-71.049595,42.354497],[-71.05106,42.355131],[-71.050851,42.356671],[-71.052158,42.358666],[-71.053518,42.358356],[-71.055759,42.356913],[-71.05771,42.356777],[-71.058737,42.356988],[-71.05829,42.35741],[-71.06151,42.358336],[-71.062642,42.357977],[-71.062875,42.359483],[-71.062911,42.361229]]","77","0 The Mountain Road, Framingham","[[-71.489897,42.303655],[-71.486925,42.304979],[-71.483937,42.307143],[-71.479742,42.30842],[-71.471441,42.307796],[-71.468509,42.306771],[-71.464895,42.305161],[-71.461238,42.304028],[-71.451483,42.304695],[-71.446086,42.303903],[-71.445481,42.301566],[-71.445042,42.301092],[-71.441906,42.299367],[-71.449705,42.298038],[-71.459937,42.293478],[-71.46139,42.293467],[-71.464433,42.294242],[-71.466785,42.294035],[-71.472194,42.296749],[-71.483634,42.297045],[-71.488589,42.297684],[-71.493182,42.297282],[-71.489897,42.303655]]","07/31/2016 - 08/28/2016, Every day, Daily Average",1942,1499,2515
"1116","Harborwalk, Waterfront, Boston","[[-71.062911,42.361229],[-71.061856,42.36243],[-71.058261,42.363697],[-71.057757,42.363616],[-71.056105,42.362402],[-71.05542,42.361957],[-71.054925,42.362046],[-71.053826,42.363303],[-71.052111,42.363676],[-71.051647,42.36311],[-71.0512,42.363712],[-71.05109,42.364175],[-71.046389,42.363935],[-71.045918,42.361164],[-71.0455,42.359825],[-71.045566,42.359733],[-71.049595,42.354497],[-71.05106,42.355131],[-71.050851,42.356671],[-71.052158,42.358666],[-71.053518,42.358356],[-71.055759,42.356913],[-71.05771,42.356777],[-71.058737,42.356988],[-71.05829,42.35741],[-71.06151,42.358336],[-71.062642,42.357977],[-71.062875,42.359483],[-71.062911,42.361229]]","78","0 John Street, Woburn","[[-71.160159,42.473582],[-71.155664,42.474013],[-71.152287,42.475022],[-71.152707,42.475393],[-71.150536,42.476636],[-71.151308,42.478209],[-71.151964,42.479692],[-71.151771,42.480119],[-71.150792,42.481503],[-71.146622,42.480947],[-71.144325,42.478426],[-71.143796,42.475599],[-71.14338,42.474297],[-71.141456,42.470517],[-71.137902,42.468581],[-71.146008,42.465801],[-71.150538,42.464265],[-71.152282,42.463783],[-71.154732,42.463011],[-71.15856,42.464272],[-71.161394,42.470256],[-71.160159,42.473582]]","07/31/2016 - 08/28/2016, Every day, Daily Average",1204,881,1645
"1116","Harborwalk, Waterfront, Boston","[[-71.062911,42.361229],[-71.061856,42.36243],[-71.058261,42.363697],[-71.057757,42.363616],[-71.056105,42.362402],[-71.05542,42.361957],[-71.054925,42.362046],[-71.053826,42.363303],[-71.052111,42.363676],[-71.051647,42.36311],[-71.0512,42.363712],[-71.05109,42.364175],[-71.046389,42.363935],[-71.045918,42.361164],[-71.0455,42.359825],[-71.045566,42.359733],[-71.049595,42.354497],[-71.05106,42.355131],[-71.050851,42.356671],[-71.052158,42.358666],[-71.053518,42.358356],[-71.055759,42.356913],[-71.05771,42.356777],[-71.058737,42.356988],[-71.05829,42.35741],[-71.06151,42.358336],[-71.062642,42.357977],[-71.062875,42.359483],[-71.062911,42.361229]]","79","Massachusetts State House, Beacon Hill, Boston","[[-71.065161,42.361201],[-71.063755,42.361241],[-71.062911,42.361229],[-71.062875,42.359483],[-71.062642,42.357977],[-71.063169,42.357748],[-71.06499,42.357195],[-71.065069,42.358856],[-71.065048,42.359368],[-71.065161,42.361201]]","07/31/2016 - 08/28/2016, Every day, Daily Average",245,88,676
"1116","Harborwalk, Waterfront, Boston","[[-71.062911,42.361229],[-71.061856,42.36243],[-71.058261,42.363697],[-71.057757,42.363616],[-71.056105,42.362402],[-71.05542,42.361957],[-71.054925,42.362046],[-71.053826,42.363303],[-71.052111,42.363676],[-71.051647,42.36311],[-71.0512,42.363712],[-71.05109,42.364175],[-71.046389,42.363935],[-71.045918,42.361164],[-71.0455,42.359825],[-71.045566,42.359733],[-71.049595,42.354497],[-71.05106,42.355131],[-71.050851,42.356671],[-71.052158,42.358666],[-71.053518,42.358356],[-71.055759,42.356913],[-71.05771,42.356777],[-71.058737,42.356988],[-71.05829,42.35741],[-71.06151,42.358336],[-71.062642,42.357977],[-71.062875,42.359483],[-71.062911,42.361229]]","80","0 Bussell Road, West Medford, Medford","[[-71.149798,42.435795],[-71.145997,42.435749],[-71.14533,42.435756],[-71.130019,42.435545],[-71.128963,42.435603],[-71.131905,42.4339],[-71.131012,42.431714],[-71.12947,42.429582],[-71.126508,42.427794],[-71.125752,42.427363],[-71.123324,42.425656],[-71.122905,42.425352],[-71.121033,42.423904],[-71.1179,42.421341],[-71.117942,42.419096],[-71.12499,42.419115],[-71.12582,42.418886],[-71.126949,42.421723],[-71.131315,42.421075],[-71.132565,42.421197],[-71.136236,42.42168],[-71.136862,42.421441],[-71.142832,42.420579],[-71.142559,42.421773],[-71.146302,42.423725],[-71.149798,42.435795]]","07/31/2016 - 08/28/2016, Every day, Daily Average",744,503,1100
"1116","Harborwalk, Waterfront, Boston","[[-71.062911,42.361229],[-71.061856,42.36243],[-71.058261,42.363697],[-71.057757,42.363616],[-71.056105,42.362402],[-71.05542,42.361957],[-71.054925,42.362046],[-71.053826,42.363303],[-71.052111,42.363676],[-71.051647,42.36311],[-71.0512,42.363712],[-71.05109,42.364175],[-71.046389,42.363935],[-71.045918,42.361164],[-71.0455,42.359825],[-71.045566,42.359733],[-71.049595,42.354497],[-71.05106,42.355131],[-71.050851,42.356671],[-71.052158,42.358666],[-71.053518,42.358356],[-71.055759,42.356913],[-71.05771,42.356777],[-71.058737,42.356988],[-71.05829,42.35741],[-71.06151,42.358336],[-71.062642,42.357977],[-71.062875,42.359483],[-71.062911,42.361229]]","81","0 Rock Street, The Acre, Lowell","[[-71.326227,42.644292],[-71.325403,42.644465],[-71.321855,42.64553],[-71.320997,42.64459],[-71.317434,42.645126],[-71.317238,42.644384],[-71.315556,42.643887],[-71.314798,42.64352],[-71.31678,42.640632],[-71.317841,42.640015],[-71.32006,42.639167],[-71.325058,42.640255],[-71.325866,42.643098],[-71.326227,42.644292]]","07/31/2016 - 08/28/2016, Every day, Daily Average",2107,1611,2755
"1116","Harborwalk, Waterfront, Boston","[[-71.062911,42.361229],[-71.061856,42.36243],[-71.058261,42.363697],[-71.057757,42.363616],[-71.056105,42.362402],[-71.05542,42.361957],[-71.054925,42.362046],[-71.053826,42.363303],[-71.052111,42.363676],[-71.051647,42.36311],[-71.0512,42.363712],[-71.05109,42.364175],[-71.046389,42.363935],[-71.045918,42.361164],[-71.0455,42.359825],[-71.045566,42.359733],[-71.049595,42.354497],[-71.05106,42.355131],[-71.050851,42.356671],[-71.052158,42.358666],[-71.053518,42.358356],[-71.055759,42.356913],[-71.05771,42.356777],[-71.058737,42.356988],[-71.05829,42.35741],[-71.06151,42.358336],[-71.062642,42.357977],[-71.062875,42.359483],[-71.062911,42.361229]]","82","100 Private Alley 527, South End, Boston","[[-71.079207,42.342697],[-71.078561,42.343211],[-71.0782,42.343266],[-71.075936,42.343915],[-71.074488,42.344297],[-71.074872,42.345105],[-71.072746,42.345657],[-71.071863,42.343833],[-71.073157,42.34316],[-71.073755,42.342831],[-71.074586,42.342408],[-71.075349,42.341991],[-71.076592,42.341336],[-71.077372,42.340931],[-71.079014,42.342551],[-71.079207,42.342697]]","07/31/2016 - 08/28/2016, Every day, Daily Average",824,581,1168
"1116","Harborwalk, Waterfront, Boston","[[-71.062911,42.361229],[-71.061856,42.36243],[-71.058261,42.363697],[-71.057757,42.363616],[-71.056105,42.362402],[-71.05542,42.361957],[-71.054925,42.362046],[-71.053826,42.363303],[-71.052111,42.363676],[-71.051647,42.36311],[-71.0512,42.363712],[-71.05109,42.364175],[-71.046389,42.363935],[-71.045918,42.361164],[-71.0455,42.359825],[-71.045566,42.359733],[-71.049595,42.354497],[-71.05106,42.355131],[-71.050851,42.356671],[-71.052158,42.358666],[-71.053518,42.358356],[-71.055759,42.356913],[-71.05771,42.356777],[-71.058737,42.356988],[-71.05829,42.35741],[-71.06151,42.358336],[-71.062642,42.357977],[-71.062875,42.359483],[-71.062911,42.361229]]","83","0 Golden Drive, Winthrop","[[-70.988281,42.387107],[-70.986621,42.387138],[-70.986053,42.388116],[-70.980434,42.391663],[-70.980336,42.391513],[-70.975882,42.390611],[-70.972788,42.389985],[-70.972706,42.389968],[-70.966667,42.388942],[-70.969792,42.38672],[-70.971779,42.385495],[-70.972513,42.385042],[-70.972706,42.381759],[-70.972644,42.381186],[-70.974944,42.380882],[-70.976653,42.381948],[-70.977445,42.380833],[-70.9791,42.379477],[-70.981384,42.380991],[-70.983142,42.384595],[-70.984981,42.38579],[-70.987109,42.385388],[-70.988281,42.387107]]","07/31/2016 - 08/28/2016, Every day, Daily Average",952,699,1295
"1116","Harborwalk, Waterfront, Boston","[[-71.062911,42.361229],[-71.061856,42.36243],[-71.058261,42.363697],[-71.057757,42.363616],[-71.056105,42.362402],[-71.05542,42.361957],[-71.054925,42.362046],[-71.053826,42.363303],[-71.052111,42.363676],[-71.051647,42.36311],[-71.0512,42.363712],[-71.05109,42.364175],[-71.046389,42.363935],[-71.045918,42.361164],[-71.0455,42.359825],[-71.045566,42.359733],[-71.049595,42.354497],[-71.05106,42.355131],[-71.050851,42.356671],[-71.052158,42.358666],[-71.053518,42.358356],[-71.055759,42.356913],[-71.05771,42.356777],[-71.058737,42.356988],[-71.05829,42.35741],[-71.06151,42.358336],[-71.062642,42.357977],[-71.062875,42.359483],[-71.062911,42.361229]]","89","0 Cottage Street, Lynn","[[-70.983353,42.453808],[-70.979494,42.456196],[-70.975057,42.457875],[-70.976897,42.458729],[-70.97579,42.459683],[-70.975942,42.463685],[-70.974841,42.463887],[-70.974034,42.464027],[-70.972676,42.464352],[-70.97021,42.465172],[-70.9696,42.465422],[-70.966639,42.465714],[-70.965572,42.462606],[-70.966143,42.462279],[-70.967508,42.461057],[-70.970134,42.458595],[-70.971493,42.457475],[-70.979083,42.450863],[-70.983828,42.452376],[-70.983353,42.453808]]","07/31/2016 - 08/28/2016, Every day, Daily Average",1272,929,1741
"1116","Harborwalk, Waterfront, Boston","[[-71.062911,42.361229],[-71.061856,42.36243],[-71.058261,42.363697],[-71.057757,42.363616],[-71.056105,42.362402],[-71.05542,42.361957],[-71.054925,42.362046],[-71.053826,42.363303],[-71.052111,42.363676],[-71.051647,42.36311],[-71.0512,42.363712],[-71.05109,42.364175],[-71.046389,42.363935],[-71.045918,42.361164],[-71.0455,42.359825],[-71.045566,42.359733],[-71.049595,42.354497],[-71.05106,42.355131],[-71.050851,42.356671],[-71.052158,42.358666],[-71.053518,42.358356],[-71.055759,42.356913],[-71.05771,42.356777],[-71.058737,42.356988],[-71.05829,42.35741],[-71.06151,42.358336],[-71.062642,42.357977],[-71.062875,42.359483],[-71.062911,42.361229]]","90","100 Concord Street, Gloucester","[[-70.750395,42.628771],[-70.739571,42.642397],[-70.737358,42.646135],[-70.733821,42.651305],[-70.725023,42.665223],[-70.719153,42.66375],[-70.705832,42.658245],[-70.695942,42.655825],[-70.691231,42.65579],[-70.690429,42.656335],[-70.687353,42.655124],[-70.687407,42.65723],[-70.684376,42.653882],[-70.680184,42.651085],[-70.679503,42.650331],[-70.678581,42.648438],[-70.680009,42.645652],[-70.685097,42.638896],[-70.687418,42.633886],[-70.690306,42.630786],[-70.689309,42.626497],[-70.689202,42.624668],[-70.689333,42.620633],[-70.687989,42.619652],[-70.683429,42.618788],[-70.681523,42.618855],[-70.679565,42.618597],[-70.678667,42.612778],[-70.673371,42.609855],[-70.675594,42.609213],[-70.68414,42.613066],[-70.687055,42.614103],[-70.69137,42.613448],[-70.693917,42.614239],[-70.695608,42.615469],[-70.698722,42.615422],[-70.701622,42.612905],[-70.706161,42.61097],[-70.707478,42.610774],[-70.70978,42.613059],[-70.710477,42.616711],[-70.712604,42.617852],[-70.714753,42.617554],[-70.721403,42.618273],[-70.725885,42.615366],[-70.732329,42.6129],[-70.734125,42.611598],[-70.738308,42.606636],[-70.743462,42.603461],[-70.746611,42.60123],[-70.757461,42.620205],[-70.750395,42.628771]]","07/31/2016 - 08/28/2016, Every day, Daily Average",2747,2226,3389
"1116","Harborwalk, Waterfront, Boston","[[-71.062911,42.361229],[-71.061856,42.36243],[-71.058261,42.363697],[-71.057757,42.363616],[-71.056105,42.362402],[-71.05542,42.361957],[-71.054925,42.362046],[-71.053826,42.363303],[-71.052111,42.363676],[-71.051647,42.36311],[-71.0512,42.363712],[-71.05109,42.364175],[-71.046389,42.363935],[-71.045918,42.361164],[-71.0455,42.359825],[-71.045566,42.359733],[-71.049595,42.354497],[-71.05106,42.355131],[-71.050851,42.356671],[-71.052158,42.358666],[-71.053518,42.358356],[-71.055759,42.356913],[-71.05771,42.356777],[-71.058737,42.356988],[-71.05829,42.35741],[-71.06151,42.358336],[-71.062642,42.357977],[-71.062875,42.359483],[-71.062911,42.361229]]","91","Northbridge Road, Hanscom Air Force Base","[[-71.298892,42.462738],[-71.289302,42.464557],[-71.289676,42.466182],[-71.287976,42.464917],[-71.28294,42.461171],[-71.28184,42.45964],[-71.279501,42.459676],[-71.277889,42.46071],[-71.272695,42.459704],[-71.271039,42.451044],[-71.273608,42.452182],[-71.272969,42.451216],[-71.272543,42.450571],[-71.27405,42.450241],[-71.275676,42.449619],[-71.277192,42.449143],[-71.277757,42.449055],[-71.278276,42.44917],[-71.278566,42.449433],[-71.28386,42.448953],[-71.285115,42.449194],[-71.288552,42.452935],[-71.29093,42.460855],[-71.292918,42.46134],[-71.294367,42.459713],[-71.298892,42.462738]]","07/31/2016 - 08/28/2016, Every day, Daily Average",2150,1666,2773
"1116","Harborwalk, Waterfront, Boston","[[-71.062911,42.361229],[-71.061856,42.36243],[-71.058261,42.363697],[-71.057757,42.363616],[-71.056105,42.362402],[-71.05542,42.361957],[-71.054925,42.362046],[-71.053826,42.363303],[-71.052111,42.363676],[-71.051647,42.36311],[-71.0512,42.363712],[-71.05109,42.364175],[-71.046389,42.363935],[-71.045918,42.361164],[-71.0455,42.359825],[-71.045566,42.359733],[-71.049595,42.354497],[-71.05106,42.355131],[-71.050851,42.356671],[-71.052158,42.358666],[-71.053518,42.358356],[-71.055759,42.356913],[-71.05771,42.356777],[-71.058737,42.356988],[-71.05829,42.35741],[-71.06151,42.358336],[-71.062642,42.357977],[-71.062875,42.359483],[-71.062911,42.361229]]","92","Southeast Expressway, Quincy","[[-71.0285,42.23569],[-71.02564,42.23769],[-71.024543,42.240094],[-71.023008,42.241489],[-71.02128,42.24198],[-71.01768,42.24043],[-71.01619,42.2391],[-71.01501,42.23792],[-71.017622,42.235685],[-71.016037,42.233937],[-71.016168,42.233877],[-71.01392,42.23231],[-71.011009,42.23351],[-71.009655,42.232606],[-71.007212,42.230133],[-71.008337,42.229669],[-71.01079,42.228668],[-71.031468,42.227938],[-71.0285,42.23569]]","07/31/2016 - 08/28/2016, Every day, Daily Average",1064,716,1579
"1116","Harborwalk, Waterfront, Boston","[[-71.062911,42.361229],[-71.061856,42.36243],[-71.058261,42.363697],[-71.057757,42.363616],[-71.056105,42.362402],[-71.05542,42.361957],[-71.054925,42.362046],[-71.053826,42.363303],[-71.052111,42.363676],[-71.051647,42.36311],[-71.0512,42.363712],[-71.05109,42.364175],[-71.046389,42.363935],[-71.045918,42.361164],[-71.0455,42.359825],[-71.045566,42.359733],[-71.049595,42.354497],[-71.05106,42.355131],[-71.050851,42.356671],[-71.052158,42.358666],[-71.053518,42.358356],[-71.055759,42.356913],[-71.05771,42.356777],[-71.058737,42.356988],[-71.05829,42.35741],[-71.06151,42.358336],[-71.062642,42.357977],[-71.062875,42.359483],[-71.062911,42.361229]]","94","300 Marlborough Street, Back Bay, Boston","[[-71.08982,42.351493],[-71.085915,42.352526],[-71.081595,42.353704],[-71.080862,42.352267],[-71.083173,42.351651],[-71.085125,42.351144],[-71.084699,42.350297],[-71.086243,42.34991],[-71.08871,42.349252],[-71.089497,42.350848],[-71.08982,42.351493]]","07/31/2016 - 08/28/2016, Every day, Daily Average",712,448,1131
"1116","Harborwalk, Waterfront, Boston","[[-71.062911,42.361229],[-71.061856,42.36243],[-71.058261,42.363697],[-71.057757,42.363616],[-71.056105,42.362402],[-71.05542,42.361957],[-71.054925,42.362046],[-71.053826,42.363303],[-71.052111,42.363676],[-71.051647,42.36311],[-71.0512,42.363712],[-71.05109,42.364175],[-71.046389,42.363935],[-71.045918,42.361164],[-71.0455,42.359825],[-71.045566,42.359733],[-71.049595,42.354497],[-71.05106,42.355131],[-71.050851,42.356671],[-71.052158,42.358666],[-71.053518,42.358356],[-71.055759,42.356913],[-71.05771,42.356777],[-71.058737,42.356988],[-71.05829,42.35741],[-71.06151,42.358336],[-71.062642,42.357977],[-71.062875,42.359483],[-71.062911,42.361229]]","95","0 G Street, South Boston, Boston","[[-71.047508,42.334599],[-71.045695,42.335452],[-71.045444,42.335452],[-71.044269,42.33547],[-71.04155,42.335518],[-71.041511,42.333827],[-71.041479,42.333016],[-71.037336,42.33308],[-71.037314,42.332265],[-71.037291,42.331432],[-71.037248,42.329525],[-71.039542,42.330052],[-71.044053,42.330192],[-71.047385,42.330136],[-71.047384,42.330419],[-71.047415,42.331245],[-71.047456,42.332966],[-71.047508,42.334599]]","07/31/2016 - 08/28/2016, Every day, Daily Average",817,564,1182
"1116","Harborwalk, Waterfront, Boston","[[-71.062911,42.361229],[-71.061856,42.36243],[-71.058261,42.363697],[-71.057757,42.363616],[-71.056105,42.362402],[-71.05542,42.361957],[-71.054925,42.362046],[-71.053826,42.363303],[-71.052111,42.363676],[-71.051647,42.36311],[-71.0512,42.363712],[-71.05109,42.364175],[-71.046389,42.363935],[-71.045918,42.361164],[-71.0455,42.359825],[-71.045566,42.359733],[-71.049595,42.354497],[-71.05106,42.355131],[-71.050851,42.356671],[-71.052158,42.358666],[-71.053518,42.358356],[-71.055759,42.356913],[-71.05771,42.356777],[-71.058737,42.356988],[-71.05829,42.35741],[-71.06151,42.358336],[-71.062642,42.357977],[-71.062875,42.359483],[-71.062911,42.361229]]","97","300 Bishops Forest Drive, Waltham","[[-71.239248,42.389782],[-71.238817,42.391062],[-71.235682,42.396657],[-71.234986,42.397254],[-71.234057,42.402123],[-71.23438,42.408928],[-71.23377,42.410966],[-71.226224,42.408492],[-71.220745,42.406895],[-71.217163,42.40486],[-71.216386,42.403939],[-71.214728,42.401454],[-71.21505,42.400781],[-71.215908,42.399214],[-71.216975,42.397065],[-71.217224,42.396705],[-71.220585,42.392847],[-71.217836,42.391071],[-71.217002,42.388602],[-71.214346,42.387667],[-71.213547,42.386083],[-71.213328,42.384902],[-71.216495,42.384982],[-71.218867,42.385021],[-71.225972,42.385613],[-71.228164,42.385326],[-71.230646,42.383955],[-71.232815,42.385507],[-71.236575,42.386324],[-71.238101,42.386761],[-71.239035,42.388898],[-71.239248,42.389782]]","07/31/2016 - 08/28/2016, Every day, Daily Average",1818,1400,2360
"1116","Harborwalk, Waterfront, Boston","[[-71.062911,42.361229],[-71.061856,42.36243],[-71.058261,42.363697],[-71.057757,42.363616],[-71.056105,42.362402],[-71.05542,42.361957],[-71.054925,42.362046],[-71.053826,42.363303],[-71.052111,42.363676],[-71.051647,42.36311],[-71.0512,42.363712],[-71.05109,42.364175],[-71.046389,42.363935],[-71.045918,42.361164],[-71.0455,42.359825],[-71.045566,42.359733],[-71.049595,42.354497],[-71.05106,42.355131],[-71.050851,42.356671],[-71.052158,42.358666],[-71.053518,42.358356],[-71.055759,42.356913],[-71.05771,42.356777],[-71.058737,42.356988],[-71.05829,42.35741],[-71.06151,42.358336],[-71.062642,42.357977],[-71.062875,42.359483],[-71.062911,42.361229]]","98","100 Suffolk Road, Chestnut Hill, Newton","[[-71.193467,42.333439],[-71.193416,42.334483],[-71.193326,42.336007],[-71.1923,42.336199],[-71.187123,42.336331],[-71.184987,42.336594],[-71.183793,42.336618],[-71.17836,42.336115],[-71.174367,42.337235],[-71.172113,42.337211],[-71.169954,42.338934],[-71.16674,42.339854],[-71.168936,42.338449],[-71.168886,42.335826],[-71.167565,42.333441],[-71.162298,42.333965],[-71.159723,42.333036],[-71.156833,42.330189],[-71.162196,42.326497],[-71.164567,42.324583],[-71.166954,42.322927],[-71.169397,42.321947],[-71.170406,42.321392],[-71.17172,42.31949],[-71.172481,42.321151],[-71.179064,42.319401],[-71.181086,42.319342],[-71.179189,42.320667],[-71.178459,42.323923],[-71.175741,42.32529],[-71.176026,42.327016],[-71.178026,42.328838],[-71.186051,42.330356],[-71.186061,42.331474],[-71.192233,42.330445],[-71.194842,42.330063],[-71.193467,42.333439]]","07/31/2016 - 08/28/2016, Every day, Daily Average",1580,1182,2111
"1116","Harborwalk, Waterfront, Boston","[[-71.062911,42.361229],[-71.061856,42.36243],[-71.058261,42.363697],[-71.057757,42.363616],[-71.056105,42.362402],[-71.05542,42.361957],[-71.054925,42.362046],[-71.053826,42.363303],[-71.052111,42.363676],[-71.051647,42.36311],[-71.0512,42.363712],[-71.05109,42.364175],[-71.046389,42.363935],[-71.045918,42.361164],[-71.0455,42.359825],[-71.045566,42.359733],[-71.049595,42.354497],[-71.05106,42.355131],[-71.050851,42.356671],[-71.052158,42.358666],[-71.053518,42.358356],[-71.055759,42.356913],[-71.05771,42.356777],[-71.058737,42.356988],[-71.05829,42.35741],[-71.06151,42.358336],[-71.062642,42.357977],[-71.062875,42.359483],[-71.062911,42.361229]]","100","500 Western Avenue, Gloucester","[[-70.746611,42.60123],[-70.743462,42.603461],[-70.738308,42.606636],[-70.734125,42.611598],[-70.732329,42.6129],[-70.725885,42.615366],[-70.721403,42.618273],[-70.714753,42.617554],[-70.712604,42.617852],[-70.710477,42.616711],[-70.70978,42.613059],[-70.707478,42.610774],[-70.706161,42.61097],[-70.701622,42.612905],[-70.698722,42.615422],[-70.695608,42.615469],[-70.693917,42.614239],[-70.69137,42.613448],[-70.687055,42.614103],[-70.68414,42.613066],[-70.675594,42.609213],[-70.673371,42.609855],[-70.670659,42.608383],[-70.676733,42.607527],[-70.676495,42.603329],[-70.681486,42.600704],[-70.684338,42.596155],[-70.680803,42.593464],[-70.684502,42.588858],[-70.687609,42.586326],[-70.688076,42.585946],[-70.692932,42.584214],[-70.698574,42.577393],[-70.708191,42.575575],[-70.710349,42.572568],[-70.715329,42.572296],[-70.716093,42.573891],[-70.715166,42.575959],[-70.716228,42.579086],[-70.717111,42.581506],[-70.723516,42.584325],[-70.733844,42.588106],[-70.740455,42.589996],[-70.74565,42.599576],[-70.746611,42.60123]]","07/31/2016 - 08/28/2016, Every day, Daily Average",2580,2104,3163
"1116","Harborwalk, Waterfront, Boston","[[-71.062911,42.361229],[-71.061856,42.36243],[-71.058261,42.363697],[-71.057757,42.363616],[-71.056105,42.362402],[-71.05542,42.361957],[-71.054925,42.362046],[-71.053826,42.363303],[-71.052111,42.363676],[-71.051647,42.36311],[-71.0512,42.363712],[-71.05109,42.364175],[-71.046389,42.363935],[-71.045918,42.361164],[-71.0455,42.359825],[-71.045566,42.359733],[-71.049595,42.354497],[-71.05106,42.355131],[-71.050851,42.356671],[-71.052158,42.358666],[-71.053518,42.358356],[-71.055759,42.356913],[-71.05771,42.356777],[-71.058737,42.356988],[-71.05829,42.35741],[-71.06151,42.358336],[-71.062642,42.357977],[-71.062875,42.359483],[-71.062911,42.361229]]","105","100 Columbia Street, The Port, Cambridge","[[-71.099001,42.36852],[-71.099962,42.368903],[-71.098849,42.370485],[-71.098112,42.371495],[-71.096875,42.370475],[-71.094785,42.368766],[-71.095419,42.367111],[-71.096275,42.364881],[-71.098802,42.365406],[-71.100719,42.366029],[-71.099001,42.36852]]","07/31/2016 - 08/28/2016, Every day, Daily Average",998,684,1454
"1116","Harborwalk, Waterfront, Boston","[[-71.062911,42.361229],[-71.061856,42.36243],[-71.058261,42.363697],[-71.057757,42.363616],[-71.056105,42.362402],[-71.05542,42.361957],[-71.054925,42.362046],[-71.053826,42.363303],[-71.052111,42.363676],[-71.051647,42.36311],[-71.0512,42.363712],[-71.05109,42.364175],[-71.046389,42.363935],[-71.045918,42.361164],[-71.0455,42.359825],[-71.045566,42.359733],[-71.049595,42.354497],[-71.05106,42.355131],[-71.050851,42.356671],[-71.052158,42.358666],[-71.053518,42.358356],[-71.055759,42.356913],[-71.05771,42.356777],[-71.058737,42.356988],[-71.05829,42.35741],[-71.06151,42.358336],[-71.062642,42.357977],[-71.062875,42.359483],[-71.062911,42.361229]]","113","0 McKinley Road, Salem","[[-70.911393,42.489063],[-70.908321,42.492398],[-70.906155,42.494931],[-70.898261,42.507267],[-70.897858,42.504736],[-70.896048,42.502984],[-70.890931,42.498413],[-70.887312,42.497418],[-70.886004,42.496299],[-70.886639,42.495104],[-70.890803,42.493555],[-70.890897,42.49325],[-70.890211,42.489587],[-70.894462,42.485882],[-70.895834,42.485456],[-70.898994,42.484683],[-70.899372,42.48475],[-70.900247,42.484945],[-70.901779,42.485358],[-70.906594,42.484278],[-70.913547,42.485939],[-70.911393,42.489063]]","07/31/2016 - 08/28/2016, Every day, Daily Average",2179,1754,2706
"1116","Harborwalk, Waterfront, Boston","[[-71.062911,42.361229],[-71.061856,42.36243],[-71.058261,42.363697],[-71.057757,42.363616],[-71.056105,42.362402],[-71.05542,42.361957],[-71.054925,42.362046],[-71.053826,42.363303],[-71.052111,42.363676],[-71.051647,42.36311],[-71.0512,42.363712],[-71.05109,42.364175],[-71.046389,42.363935],[-71.045918,42.361164],[-71.0455,42.359825],[-71.045566,42.359733],[-71.049595,42.354497],[-71.05106,42.355131],[-71.050851,42.356671],[-71.052158,42.358666],[-71.053518,42.358356],[-71.055759,42.356913],[-71.05771,42.356777],[-71.058737,42.356988],[-71.05829,42.35741],[-71.06151,42.358336],[-71.062642,42.357977],[-71.062875,42.359483],[-71.062911,42.361229]]","114","600 Western Avenue, Lynn","[[-70.968231,42.466234],[-70.965926,42.466359],[-70.964118,42.466542],[-70.962773,42.467505],[-70.960034,42.469975],[-70.958376,42.46855],[-70.96016,42.467089],[-70.958194,42.463629],[-70.960307,42.463572],[-70.965232,42.462581],[-70.965572,42.462606],[-70.966639,42.465714],[-70.9696,42.465422],[-70.968231,42.466234]]","07/31/2016 - 08/28/2016, Every day, Daily Average",1422,1028,1965
"1116","Harborwalk, Waterfront, Boston","[[-71.062911,42.361229],[-71.061856,42.36243],[-71.058261,42.363697],[-71.057757,42.363616],[-71.056105,42.362402],[-71.05542,42.361957],[-71.054925,42.362046],[-71.053826,42.363303],[-71.052111,42.363676],[-71.051647,42.36311],[-71.0512,42.363712],[-71.05109,42.364175],[-71.046389,42.363935],[-71.045918,42.361164],[-71.0455,42.359825],[-71.045566,42.359733],[-71.049595,42.354497],[-71.05106,42.355131],[-71.050851,42.356671],[-71.052158,42.358666],[-71.053518,42.358356],[-71.055759,42.356913],[-71.05771,42.356777],[-71.058737,42.356988],[-71.05829,42.35741],[-71.06151,42.358336],[-71.062642,42.357977],[-71.062875,42.359483],[-71.062911,42.361229]]","116","200 Eastern Avenue, Lynn","[[-70.939004,42.468001],[-70.937551,42.468731],[-70.938586,42.470231],[-70.937886,42.470376],[-70.93695,42.470556],[-70.934588,42.471732],[-70.933305,42.472376],[-70.931238,42.473125],[-70.930807,42.473323],[-70.928582,42.474642],[-70.927141,42.475532],[-70.926596,42.475958],[-70.926462,42.47569],[-70.924896,42.472578],[-70.932139,42.469209],[-70.934472,42.468199],[-70.937838,42.466611],[-70.939004,42.468001]]","07/31/2016 - 08/28/2016, Every day, Daily Average",1858,1419,2431
"1116","Harborwalk, Waterfront, Boston","[[-71.062911,42.361229],[-71.061856,42.36243],[-71.058261,42.363697],[-71.057757,42.363616],[-71.056105,42.362402],[-71.05542,42.361957],[-71.054925,42.362046],[-71.053826,42.363303],[-71.052111,42.363676],[-71.051647,42.36311],[-71.0512,42.363712],[-71.05109,42.364175],[-71.046389,42.363935],[-71.045918,42.361164],[-71.0455,42.359825],[-71.045566,42.359733],[-71.049595,42.354497],[-71.05106,42.355131],[-71.050851,42.356671],[-71.052158,42.358666],[-71.053518,42.358356],[-71.055759,42.356913],[-71.05771,42.356777],[-71.058737,42.356988],[-71.05829,42.35741],[-71.06151,42.358336],[-71.062642,42.357977],[-71.062875,42.359483],[-71.062911,42.361229]]","118","0 County Way Extension, Beverly","[[-70.908591,42.557477],[-70.908556,42.559595],[-70.90845,42.571514],[-70.907514,42.572013],[-70.905517,42.572688],[-70.895179,42.574293],[-70.893207,42.571959],[-70.894365,42.570319],[-70.894156,42.567443],[-70.893919,42.564821],[-70.892162,42.561289],[-70.889439,42.560099],[-70.892205,42.558304],[-70.891527,42.556265],[-70.896978,42.554885],[-70.897772,42.554149],[-70.895813,42.550565],[-70.900336,42.551657],[-70.902323,42.552138],[-70.908247,42.555829],[-70.908889,42.556715],[-70.908591,42.557477]]","07/31/2016 - 08/28/2016, Every day, Daily Average",1918,1512,2432
"1116","Harborwalk, Waterfront, Boston","[[-71.062911,42.361229],[-71.061856,42.36243],[-71.058261,42.363697],[-71.057757,42.363616],[-71.056105,42.362402],[-71.05542,42.361957],[-71.054925,42.362046],[-71.053826,42.363303],[-71.052111,42.363676],[-71.051647,42.36311],[-71.0512,42.363712],[-71.05109,42.364175],[-71.046389,42.363935],[-71.045918,42.361164],[-71.0455,42.359825],[-71.045566,42.359733],[-71.049595,42.354497],[-71.05106,42.355131],[-71.050851,42.356671],[-71.052158,42.358666],[-71.053518,42.358356],[-71.055759,42.356913],[-71.05771,42.356777],[-71.058737,42.356988],[-71.05829,42.35741],[-71.06151,42.358336],[-71.062642,42.357977],[-71.062875,42.359483],[-71.062911,42.361229]]","120","0 Cherrywood Circle, Andover","[[-71.256103,42.656691],[-71.250303,42.660591],[-71.242227,42.662287],[-71.238103,42.669491],[-71.234606,42.672002],[-71.231508,42.675606],[-71.227721,42.6809],[-71.225402,42.686771],[-71.224807,42.69343],[-71.220622,42.699116],[-71.219447,42.699904],[-71.215138,42.701208],[-71.209942,42.70062],[-71.203418,42.699076],[-71.193246,42.698132],[-71.188858,42.696247],[-71.187322,42.687539],[-71.185502,42.675863],[-71.172533,42.678081],[-71.17209,42.675708],[-71.172135,42.675046],[-71.178959,42.673022],[-71.183679,42.671081],[-71.191539,42.666557],[-71.194533,42.664287],[-71.191121,42.656853],[-71.186206,42.646093],[-71.18198,42.636816],[-71.17962,42.630253],[-71.176213,42.618724],[-71.199042,42.62951],[-71.2261,42.642491],[-71.229304,42.644187],[-71.239076,42.649015],[-71.25453,42.656332],[-71.256103,42.656691]]","07/31/2016 - 08/28/2016, Every day, Daily Average",1641,1287,2091
"1116","Harborwalk, Waterfront, Boston","[[-71.062911,42.361229],[-71.061856,42.36243],[-71.058261,42.363697],[-71.057757,42.363616],[-71.056105,42.362402],[-71.05542,42.361957],[-71.054925,42.362046],[-71.053826,42.363303],[-71.052111,42.363676],[-71.051647,42.36311],[-71.0512,42.363712],[-71.05109,42.364175],[-71.046389,42.363935],[-71.045918,42.361164],[-71.0455,42.359825],[-71.045566,42.359733],[-71.049595,42.354497],[-71.05106,42.355131],[-71.050851,42.356671],[-71.052158,42.358666],[-71.053518,42.358356],[-71.055759,42.356913],[-71.05771,42.356777],[-71.058737,42.356988],[-71.05829,42.35741],[-71.06151,42.358336],[-71.062642,42.357977],[-71.062875,42.359483],[-71.062911,42.361229]]","121","0 Macy Street, Amesbury","[[-70.937253,42.851887],[-70.935157,42.853925],[-70.931756,42.855644],[-70.930867,42.857248],[-70.930085,42.857973],[-70.927419,42.859261],[-70.923626,42.858292],[-70.922102,42.856825],[-70.921477,42.854607],[-70.918081,42.853382],[-70.913222,42.851677],[-70.912112,42.850974],[-70.910224,42.849508],[-70.908421,42.848523],[-70.906821,42.847133],[-70.900041,42.846764],[-70.904198,42.83389],[-70.906692,42.833714],[-70.908311,42.833645],[-70.91179,42.83451],[-70.912901,42.835152],[-70.914778,42.839281],[-70.916805,42.841117],[-70.920842,42.841039],[-70.923777,42.83956],[-70.925222,42.83846],[-70.931461,42.832189],[-70.933102,42.83282],[-70.930021,42.836131],[-70.934531,42.834159],[-70.936605,42.83989],[-70.937371,42.842629],[-70.937304,42.844672],[-70.936958,42.845649],[-70.936848,42.8462],[-70.937473,42.850965],[-70.937253,42.851887]]","07/31/2016 - 08/28/2016, Every day, Daily Average",2670,2253,3163
"1116","Harborwalk, Waterfront, Boston","[[-71.062911,42.361229],[-71.061856,42.36243],[-71.058261,42.363697],[-71.057757,42.363616],[-71.056105,42.362402],[-71.05542,42.361957],[-71.054925,42.362046],[-71.053826,42.363303],[-71.052111,42.363676],[-71.051647,42.36311],[-71.0512,42.363712],[-71.05109,42.364175],[-71.046389,42.363935],[-71.045918,42.361164],[-71.0455,42.359825],[-71.045566,42.359733],[-71.049595,42.354497],[-71.05106,42.355131],[-71.050851,42.356671],[-71.052158,42.358666],[-71.053518,42.358356],[-71.055759,42.356913],[-71.05771,42.356777],[-71.058737,42.356988],[-71.05829,42.35741],[-71.06151,42.358336],[-71.062642,42.357977],[-71.062875,42.359483],[-71.062911,42.361229]]","126","200 Paris Way, Woburn","[[-71.204289,42.465871],[-71.188279,42.479696],[-71.187396,42.479364],[-71.18548,42.479967],[-71.186452,42.481023],[-71.184189,42.481836],[-71.183399,42.481594],[-71.181832,42.480333],[-71.178757,42.475791],[-71.174378,42.4699],[-71.156891,42.462404],[-71.153098,42.462495],[-71.156159,42.456879],[-71.164285,42.459721],[-71.175658,42.45528],[-71.180036,42.45359],[-71.189599,42.449795],[-71.193169,42.452674],[-71.195413,42.45359],[-71.196011,42.454275],[-71.198446,42.456982],[-71.202162,42.459818],[-71.206967,42.463624],[-71.204289,42.465871]]","07/31/2016 - 08/28/2016, Every day, Daily Average",1487,1171,1887
"1116","Harborwalk, Waterfront, Boston","[[-71.062911,42.361229],[-71.061856,42.36243],[-71.058261,42.363697],[-71.057757,42.363616],[-71.056105,42.362402],[-71.05542,42.361957],[-71.054925,42.362046],[-71.053826,42.363303],[-71.052111,42.363676],[-71.051647,42.36311],[-71.0512,42.363712],[-71.05109,42.364175],[-71.046389,42.363935],[-71.045918,42.361164],[-71.0455,42.359825],[-71.045566,42.359733],[-71.049595,42.354497],[-71.05106,42.355131],[-71.050851,42.356671],[-71.052158,42.358666],[-71.053518,42.358356],[-71.055759,42.356913],[-71.05771,42.356777],[-71.058737,42.356988],[-71.05829,42.35741],[-71.06151,42.358336],[-71.062642,42.357977],[-71.062875,42.359483],[-71.062911,42.361229]]","127","200 Vinton Street, Melrose","[[-71.079245,42.461321],[-71.07891,42.464979],[-71.078443,42.470612],[-71.078152,42.47402],[-71.077985,42.473975],[-71.06954,42.471689],[-71.067442,42.471932],[-71.06676,42.471995],[-71.061269,42.472651],[-71.061137,42.469421],[-71.061423,42.466899],[-71.061844,42.463835],[-71.062235,42.46074],[-71.06312,42.458771],[-71.06989,42.459152],[-71.074553,42.459588],[-71.076116,42.458484],[-71.078696,42.457799],[-71.079797,42.457977],[-71.079245,42.461321]]","07/31/2016 - 08/28/2016, Every day, Daily Average",1190,872,1623
"1116","Harborwalk, Waterfront, Boston","[[-71.062911,42.361229],[-71.061856,42.36243],[-71.058261,42.363697],[-71.057757,42.363616],[-71.056105,42.362402],[-71.05542,42.361957],[-71.054925,42.362046],[-71.053826,42.363303],[-71.052111,42.363676],[-71.051647,42.36311],[-71.0512,42.363712],[-71.05109,42.364175],[-71.046389,42.363935],[-71.045918,42.361164],[-71.0455,42.359825],[-71.045566,42.359733],[-71.049595,42.354497],[-71.05106,42.355131],[-71.050851,42.356671],[-71.052158,42.358666],[-71.053518,42.358356],[-71.055759,42.356913],[-71.05771,42.356777],[-71.058737,42.356988],[-71.05829,42.35741],[-71.06151,42.358336],[-71.062642,42.357977],[-71.062875,42.359483],[-71.062911,42.361229]]","128","100 Glen Street, Malden","[[-71.086346,42.440108],[-71.085696,42.444695],[-71.082104,42.444017],[-71.082919,42.43884],[-71.074013,42.439757],[-71.071619,42.44],[-71.070553,42.440124],[-71.071148,42.435339],[-71.071374,42.434125],[-71.072106,42.432014],[-71.072307,42.432058],[-71.074826,42.431958],[-71.076787,42.43164],[-71.08177,42.431228],[-71.082271,42.433016],[-71.083177,42.433898],[-71.086852,42.43677],[-71.086346,42.440108]]","07/31/2016 - 08/28/2016, Every day, Daily Average",975,705,1347
"1116","Harborwalk, Waterfront, Boston","[[-71.062911,42.361229],[-71.061856,42.36243],[-71.058261,42.363697],[-71.057757,42.363616],[-71.056105,42.362402],[-71.05542,42.361957],[-71.054925,42.362046],[-71.053826,42.363303],[-71.052111,42.363676],[-71.051647,42.36311],[-71.0512,42.363712],[-71.05109,42.364175],[-71.046389,42.363935],[-71.045918,42.361164],[-71.0455,42.359825],[-71.045566,42.359733],[-71.049595,42.354497],[-71.05106,42.355131],[-71.050851,42.356671],[-71.052158,42.358666],[-71.053518,42.358356],[-71.055759,42.356913],[-71.05771,42.356777],[-71.058737,42.356988],[-71.05829,42.35741],[-71.06151,42.358336],[-71.062642,42.357977],[-71.062875,42.359483],[-71.062911,42.361229]]","129","0 Glendale Street, Everett","[[-71.05685,42.418671],[-71.05458,42.420034],[-71.049992,42.417725],[-71.049524,42.417336],[-71.048196,42.415147],[-71.052025,42.410811],[-71.053599,42.411921],[-71.055742,42.413475],[-71.056241,42.413814],[-71.059881,42.416388],[-71.05685,42.418671]]","07/31/2016 - 08/28/2016, Every day, Daily Average",1072,746,1539
"1116","Harborwalk, Waterfront, Boston","[[-71.062911,42.361229],[-71.061856,42.36243],[-71.058261,42.363697],[-71.057757,42.363616],[-71.056105,42.362402],[-71.05542,42.361957],[-71.054925,42.362046],[-71.053826,42.363303],[-71.052111,42.363676],[-71.051647,42.36311],[-71.0512,42.363712],[-71.05109,42.364175],[-71.046389,42.363935],[-71.045918,42.361164],[-71.0455,42.359825],[-71.045566,42.359733],[-71.049595,42.354497],[-71.05106,42.355131],[-71.050851,42.356671],[-71.052158,42.358666],[-71.053518,42.358356],[-71.055759,42.356913],[-71.05771,42.356777],[-71.058737,42.356988],[-71.05829,42.35741],[-71.06151,42.358336],[-71.062642,42.357977],[-71.062875,42.359483],[-71.062911,42.361229]]","130","0 Cambria Street, Spring Hill, Somerville","[[-71.110644,42.384831],[-71.108954,42.387462],[-71.109623,42.387794],[-71.109409,42.390866],[-71.107942,42.390203],[-71.106662,42.392069],[-71.105911,42.393136],[-71.10432,42.391691],[-71.102035,42.390402],[-71.09763,42.388431],[-71.09965,42.385523],[-71.100403,42.384362],[-71.101243,42.383195],[-71.102723,42.383621],[-71.104546,42.384238],[-71.106884,42.383314],[-71.106386,42.384152],[-71.109152,42.385135],[-71.110644,42.384831]]","07/31/2016 - 08/28/2016, Every day, Daily Average",945,655,1362
"1116","Harborwalk, Waterfront, Boston","[[-71.062911,42.361229],[-71.061856,42.36243],[-71.058261,42.363697],[-71.057757,42.363616],[-71.056105,42.362402],[-71.05542,42.361957],[-71.054925,42.362046],[-71.053826,42.363303],[-71.052111,42.363676],[-71.051647,42.36311],[-71.0512,42.363712],[-71.05109,42.364175],[-71.046389,42.363935],[-71.045918,42.361164],[-71.0455,42.359825],[-71.045566,42.359733],[-71.049595,42.354497],[-71.05106,42.355131],[-71.050851,42.356671],[-71.052158,42.358666],[-71.053518,42.358356],[-71.055759,42.356913],[-71.05771,42.356777],[-71.058737,42.356988],[-71.05829,42.35741],[-71.06151,42.358336],[-71.062642,42.357977],[-71.062875,42.359483],[-71.062911,42.361229]]","131","2000 Massachusetts Avenue, North Cambridge, Cambridge","[[-71.129006,42.390072],[-71.127685,42.389851],[-71.124703,42.389381],[-71.123323,42.391332],[-71.123934,42.391723],[-71.122987,42.392377],[-71.120974,42.393706],[-71.120214,42.392641],[-71.117085,42.389581],[-71.117394,42.388415],[-71.118159,42.388025],[-71.11761,42.387487],[-71.119556,42.388463],[-71.119464,42.388156],[-71.121656,42.387909],[-71.124206,42.387207],[-71.126943,42.386351],[-71.127558,42.387402],[-71.128701,42.389374],[-71.129006,42.390072]]","07/31/2016 - 08/28/2016, Every day, Daily Average",1194,865,1647
"1116","Harborwalk, Waterfront, Boston","[[-71.062911,42.361229],[-71.061856,42.36243],[-71.058261,42.363697],[-71.057757,42.363616],[-71.056105,42.362402],[-71.05542,42.361957],[-71.054925,42.362046],[-71.053826,42.363303],[-71.052111,42.363676],[-71.051647,42.36311],[-71.0512,42.363712],[-71.05109,42.364175],[-71.046389,42.363935],[-71.045918,42.361164],[-71.0455,42.359825],[-71.045566,42.359733],[-71.049595,42.354497],[-71.05106,42.355131],[-71.050851,42.356671],[-71.052158,42.358666],[-71.053518,42.358356],[-71.055759,42.356913],[-71.05771,42.356777],[-71.058737,42.356988],[-71.05829,42.35741],[-71.06151,42.358336],[-71.062642,42.357977],[-71.062875,42.359483],[-71.062911,42.361229]]","132","0 Townsend Road, Belmont","[[-71.175599,42.379436],[-71.174593,42.380509],[-71.175015,42.381863],[-71.170777,42.383199],[-71.169405,42.386436],[-71.167535,42.386402],[-71.165593,42.386041],[-71.165446,42.385828],[-71.163536,42.382479],[-71.163338,42.381771],[-71.163496,42.377024],[-71.163363,42.376802],[-71.164483,42.376886],[-71.166466,42.377177],[-71.169082,42.377592],[-71.170232,42.377961],[-71.170803,42.378319],[-71.175461,42.379413],[-71.175599,42.379436]]","07/31/2016 - 08/28/2016, Every day, Daily Average",1400,1034,1894
"1116","Harborwalk, Waterfront, Boston","[[-71.062911,42.361229],[-71.061856,42.36243],[-71.058261,42.363697],[-71.057757,42.363616],[-71.056105,42.362402],[-71.05542,42.361957],[-71.054925,42.362046],[-71.053826,42.363303],[-71.052111,42.363676],[-71.051647,42.36311],[-71.0512,42.363712],[-71.05109,42.364175],[-71.046389,42.363935],[-71.045918,42.361164],[-71.0455,42.359825],[-71.045566,42.359733],[-71.049595,42.354497],[-71.05106,42.355131],[-71.050851,42.356671],[-71.052158,42.358666],[-71.053518,42.358356],[-71.055759,42.356913],[-71.05771,42.356777],[-71.058737,42.356988],[-71.05829,42.35741],[-71.06151,42.358336],[-71.062642,42.357977],[-71.062875,42.359483],[-71.062911,42.361229]]","133","0 Old Mill Road, West Concord, Concord","[[-71.430389,42.436937],[-71.417622,42.455926],[-71.417369,42.456302],[-71.41495,42.459898],[-71.408455,42.469552],[-71.39127,42.4658],[-71.393362,42.461244],[-71.393091,42.459652],[-71.389847,42.456744],[-71.389787,42.456333],[-71.390855,42.454622],[-71.389298,42.45254],[-71.389135,42.449862],[-71.391694,42.444048],[-71.394111,42.435815],[-71.394481,42.431379],[-71.394189,42.427157],[-71.396264,42.42402],[-71.405431,42.42752],[-71.422642,42.434124],[-71.430389,42.436937]]","07/31/2016 - 08/28/2016, Every day, Daily Average",2182,1787,2663
"1116","Harborwalk, Waterfront, Boston","[[-71.062911,42.361229],[-71.061856,42.36243],[-71.058261,42.363697],[-71.057757,42.363616],[-71.056105,42.362402],[-71.05542,42.361957],[-71.054925,42.362046],[-71.053826,42.363303],[-71.052111,42.363676],[-71.051647,42.36311],[-71.0512,42.363712],[-71.05109,42.364175],[-71.046389,42.363935],[-71.045918,42.361164],[-71.0455,42.359825],[-71.045566,42.359733],[-71.049595,42.354497],[-71.05106,42.355131],[-71.050851,42.356671],[-71.052158,42.358666],[-71.053518,42.358356],[-71.055759,42.356913],[-71.05771,42.356777],[-71.058737,42.356988],[-71.05829,42.35741],[-71.06151,42.358336],[-71.062642,42.357977],[-71.062875,42.359483],[-71.062911,42.361229]]","134","Yankee Division Highway, Waltham","[[-71.274387,42.401986],[-71.272112,42.405023],[-71.271882,42.407498],[-71.273865,42.410901],[-71.270859,42.416497],[-71.271765,42.416775],[-71.26941,42.420838],[-71.264793,42.417474],[-71.257128,42.415293],[-71.257499,42.412713],[-71.255449,42.41164],[-71.252221,42.407781],[-71.251422,42.40682],[-71.250777,42.406244],[-71.248245,42.405063],[-71.245332,42.404556],[-71.240204,42.403766],[-71.234057,42.402123],[-71.234986,42.397254],[-71.235682,42.396657],[-71.238817,42.391062],[-71.241064,42.393344],[-71.243564,42.393667],[-71.245528,42.395168],[-71.250991,42.397556],[-71.253616,42.39886],[-71.257799,42.398324],[-71.259487,42.396985],[-71.263136,42.39735],[-71.266443,42.396976],[-71.268854,42.39798],[-71.271841,42.398174],[-71.275195,42.399335],[-71.274387,42.401986]]","07/31/2016 - 08/28/2016, Every day, Daily Average",1817,1393,2368
"1116","Harborwalk, Waterfront, Boston","[[-71.062911,42.361229],[-71.061856,42.36243],[-71.058261,42.363697],[-71.057757,42.363616],[-71.056105,42.362402],[-71.05542,42.361957],[-71.054925,42.362046],[-71.053826,42.363303],[-71.052111,42.363676],[-71.051647,42.36311],[-71.0512,42.363712],[-71.05109,42.364175],[-71.046389,42.363935],[-71.045918,42.361164],[-71.0455,42.359825],[-71.045566,42.359733],[-71.049595,42.354497],[-71.05106,42.355131],[-71.050851,42.356671],[-71.052158,42.358666],[-71.053518,42.358356],[-71.055759,42.356913],[-71.05771,42.356777],[-71.058737,42.356988],[-71.05829,42.35741],[-71.06151,42.358336],[-71.062642,42.357977],[-71.062875,42.359483],[-71.062911,42.361229]]","135","100 Orchard Street, Watertown","[[-71.191541,42.374945],[-71.18804,42.377353],[-71.189883,42.379202],[-71.190503,42.379867],[-71.189159,42.380717],[-71.186517,42.38035],[-71.185165,42.380441],[-71.18299,42.380353],[-71.181088,42.38025],[-71.179495,42.380195],[-71.175599,42.379436],[-71.175461,42.379413],[-71.175688,42.379138],[-71.17764,42.374748],[-71.179284,42.369741],[-71.17829,42.368174],[-71.179831,42.367467],[-71.18329,42.370034],[-71.184664,42.371038],[-71.187482,42.373107],[-71.189376,42.37429],[-71.191541,42.374945]]","07/31/2016 - 08/28/2016, Every day, Daily Average",1367,1050,1779
"1116","Harborwalk, Waterfront, Boston","[[-71.062911,42.361229],[-71.061856,42.36243],[-71.058261,42.363697],[-71.057757,42.363616],[-71.056105,42.362402],[-71.05542,42.361957],[-71.054925,42.362046],[-71.053826,42.363303],[-71.052111,42.363676],[-71.051647,42.36311],[-71.0512,42.363712],[-71.05109,42.364175],[-71.046389,42.363935],[-71.045918,42.361164],[-71.0455,42.359825],[-71.045566,42.359733],[-71.049595,42.354497],[-71.05106,42.355131],[-71.050851,42.356671],[-71.052158,42.358666],[-71.053518,42.358356],[-71.055759,42.356913],[-71.05771,42.356777],[-71.058737,42.356988],[-71.05829,42.35741],[-71.06151,42.358336],[-71.062642,42.357977],[-71.062875,42.359483],[-71.062911,42.361229]]","136","200 Adams Avenue, West Newton, Newton","[[-71.243076,42.358875],[-71.239325,42.35999],[-71.236588,42.360805],[-71.231027,42.362465],[-71.226638,42.363775],[-71.226245,42.363887],[-71.223293,42.361113],[-71.222406,42.35941],[-71.223688,42.355502],[-71.22401,42.353257],[-71.226362,42.351275],[-71.226335,42.349391],[-71.231952,42.347961],[-71.232135,42.347566],[-71.234543,42.347278],[-71.234878,42.348645],[-71.238238,42.349964],[-71.238074,42.35186],[-71.236244,42.352658],[-71.231945,42.352885],[-71.233566,42.353965],[-71.239971,42.357959],[-71.243076,42.358875]]","07/31/2016 - 08/28/2016, Every day, Daily Average",1191,888,1597
"1116","Harborwalk, Waterfront, Boston","[[-71.062911,42.361229],[-71.061856,42.36243],[-71.058261,42.363697],[-71.057757,42.363616],[-71.056105,42.362402],[-71.05542,42.361957],[-71.054925,42.362046],[-71.053826,42.363303],[-71.052111,42.363676],[-71.051647,42.36311],[-71.0512,42.363712],[-71.05109,42.364175],[-71.046389,42.363935],[-71.045918,42.361164],[-71.0455,42.359825],[-71.045566,42.359733],[-71.049595,42.354497],[-71.05106,42.355131],[-71.050851,42.356671],[-71.052158,42.358666],[-71.053518,42.358356],[-71.055759,42.356913],[-71.05771,42.356777],[-71.058737,42.356988],[-71.05829,42.35741],[-71.06151,42.358336],[-71.062642,42.357977],[-71.062875,42.359483],[-71.062911,42.361229]]","137","0 Badger Road, Framingham","[[-71.493182,42.297282],[-71.488589,42.297684],[-71.483634,42.297045],[-71.472194,42.296749],[-71.466785,42.294035],[-71.464433,42.294242],[-71.46139,42.293467],[-71.459937,42.293478],[-71.449705,42.298038],[-71.447406,42.295434],[-71.44883,42.293322],[-71.446192,42.292095],[-71.44825,42.29058],[-71.450412,42.286128],[-71.446375,42.283807],[-71.443115,42.281271],[-71.444048,42.273072],[-71.445606,42.271095],[-71.460859,42.279096],[-71.491426,42.288162],[-71.497046,42.289829],[-71.493182,42.297282]]","07/31/2016 - 08/28/2016, Every day, Daily Average",2018,1579,2577
"1116","Harborwalk, Waterfront, Boston","[[-71.062911,42.361229],[-71.061856,42.36243],[-71.058261,42.363697],[-71.057757,42.363616],[-71.056105,42.362402],[-71.05542,42.361957],[-71.054925,42.362046],[-71.053826,42.363303],[-71.052111,42.363676],[-71.051647,42.36311],[-71.0512,42.363712],[-71.05109,42.364175],[-71.046389,42.363935],[-71.045918,42.361164],[-71.0455,42.359825],[-71.045566,42.359733],[-71.049595,42.354497],[-71.05106,42.355131],[-71.050851,42.356671],[-71.052158,42.358666],[-71.053518,42.358356],[-71.055759,42.356913],[-71.05771,42.356777],[-71.058737,42.356988],[-71.05829,42.35741],[-71.06151,42.358336],[-71.062642,42.357977],[-71.062875,42.359483],[-71.062911,42.361229]]","138","0 Emmett Avenue, Dedham","[[-71.161574,42.257546],[-71.158584,42.255155],[-71.155958,42.256485],[-71.152312,42.258336],[-71.150386,42.25746],[-71.146597,42.255597],[-71.146196,42.253998],[-71.146103,42.252988],[-71.144069,42.242819],[-71.143498,42.240065],[-71.147953,42.241499],[-71.155154,42.244864],[-71.157435,42.245974],[-71.160527,42.246706],[-71.16039,42.24808],[-71.159894,42.24887],[-71.161223,42.25045],[-71.161465,42.252613],[-71.164631,42.255126],[-71.161574,42.257546]]","07/31/2016 - 08/28/2016, Every day, Daily Average",1862,1563,2216
"1116","Harborwalk, Waterfront, Boston","[[-71.062911,42.361229],[-71.061856,42.36243],[-71.058261,42.363697],[-71.057757,42.363616],[-71.056105,42.362402],[-71.05542,42.361957],[-71.054925,42.362046],[-71.053826,42.363303],[-71.052111,42.363676],[-71.051647,42.36311],[-71.0512,42.363712],[-71.05109,42.364175],[-71.046389,42.363935],[-71.045918,42.361164],[-71.0455,42.359825],[-71.045566,42.359733],[-71.049595,42.354497],[-71.05106,42.355131],[-71.050851,42.356671],[-71.052158,42.358666],[-71.053518,42.358356],[-71.055759,42.356913],[-71.05771,42.356777],[-71.058737,42.356988],[-71.05829,42.35741],[-71.06151,42.358336],[-71.062642,42.357977],[-71.062875,42.359483],[-71.062911,42.361229]]","140","100 Montclair Avenue, Quincy","[[-71.042794,42.276998],[-71.041594,42.278098],[-71.040494,42.281898],[-71.03908,42.283966],[-71.037894,42.284898],[-71.034593,42.282068],[-71.033126,42.280589],[-71.032466,42.279092],[-71.031513,42.27716],[-71.029146,42.274819],[-71.025226,42.2711],[-71.02136,42.26757],[-71.020319,42.266536],[-71.02405,42.26434],[-71.02621,42.26307],[-71.02726,42.26406],[-71.02785,42.26379],[-71.03091,42.262],[-71.033807,42.26107],[-71.034279,42.26124],[-71.037468,42.26348],[-71.039067,42.264599],[-71.041672,42.266427],[-71.041635,42.26839],[-71.042794,42.276998]]","07/31/2016 - 08/28/2016, Every day, Daily Average",1038,660,1631
"1116","Harborwalk, Waterfront, Boston","[[-71.062911,42.361229],[-71.061856,42.36243],[-71.058261,42.363697],[-71.057757,42.363616],[-71.056105,42.362402],[-71.05542,42.361957],[-71.054925,42.362046],[-71.053826,42.363303],[-71.052111,42.363676],[-71.051647,42.36311],[-71.0512,42.363712],[-71.05109,42.364175],[-71.046389,42.363935],[-71.045918,42.361164],[-71.0455,42.359825],[-71.045566,42.359733],[-71.049595,42.354497],[-71.05106,42.355131],[-71.050851,42.356671],[-71.052158,42.358666],[-71.053518,42.358356],[-71.055759,42.356913],[-71.05771,42.356777],[-71.058737,42.356988],[-71.05829,42.35741],[-71.06151,42.358336],[-71.062642,42.357977],[-71.062875,42.359483],[-71.062911,42.361229]]","141","0 Brooks Avenue, Quincy","[[-71.02177,42.24301],[-71.01525,42.24243],[-71.01102,42.24313],[-71.01081,42.2444],[-71.009181,42.2444],[-71.007,42.24409],[-71.00533,42.24372],[-71.00336,42.24395],[-71.00355,42.24189],[-71.00324,42.23976],[-71.00396,42.23788],[-71.00591,42.23455],[-71.00603,42.23344],[-71.005482,42.230848],[-71.007212,42.230133],[-71.009655,42.232606],[-71.011009,42.23351],[-71.01392,42.23231],[-71.016168,42.233877],[-71.016037,42.233937],[-71.017622,42.235685],[-71.01501,42.23792],[-71.01619,42.2391],[-71.01768,42.24043],[-71.02128,42.24198],[-71.02177,42.24301]]","07/31/2016 - 08/28/2016, Every day, Daily Average",1273,897,1806
"1116","Harborwalk, Waterfront, Boston","[[-71.062911,42.361229],[-71.061856,42.36243],[-71.058261,42.363697],[-71.057757,42.363616],[-71.056105,42.362402],[-71.05542,42.361957],[-71.054925,42.362046],[-71.053826,42.363303],[-71.052111,42.363676],[-71.051647,42.36311],[-71.0512,42.363712],[-71.05109,42.364175],[-71.046389,42.363935],[-71.045918,42.361164],[-71.0455,42.359825],[-71.045566,42.359733],[-71.049595,42.354497],[-71.05106,42.355131],[-71.050851,42.356671],[-71.052158,42.358666],[-71.053518,42.358356],[-71.055759,42.356913],[-71.05771,42.356777],[-71.058737,42.356988],[-71.05829,42.35741],[-71.06151,42.358336],[-71.062642,42.357977],[-71.062875,42.359483],[-71.062911,42.361229]]","142","0 Althea Road, Randolph","[[-71.0668,42.17616],[-71.06681,42.17747],[-71.06699,42.18776],[-71.06145,42.18696],[-71.06112,42.18691],[-71.05702,42.18571],[-71.05522,42.18552],[-71.05489,42.18506],[-71.052848,42.182284],[-71.04848,42.17477],[-71.04816,42.17418],[-71.049323,42.173619],[-71.05216,42.17318],[-71.054311,42.173336],[-71.05834,42.17209],[-71.06213,42.16953],[-71.0653,42.17028],[-71.06713,42.17497],[-71.0668,42.17616]]","07/31/2016 - 08/28/2016, Every day, Daily Average",1424,1099,1844
"1116","Harborwalk, Waterfront, Boston","[[-71.062911,42.361229],[-71.061856,42.36243],[-71.058261,42.363697],[-71.057757,42.363616],[-71.056105,42.362402],[-71.05542,42.361957],[-71.054925,42.362046],[-71.053826,42.363303],[-71.052111,42.363676],[-71.051647,42.36311],[-71.0512,42.363712],[-71.05109,42.364175],[-71.046389,42.363935],[-71.045918,42.361164],[-71.0455,42.359825],[-71.045566,42.359733],[-71.049595,42.354497],[-71.05106,42.355131],[-71.050851,42.356671],[-71.052158,42.358666],[-71.053518,42.358356],[-71.055759,42.356913],[-71.05771,42.356777],[-71.058737,42.356988],[-71.05829,42.35741],[-71.06151,42.358336],[-71.062642,42.357977],[-71.062875,42.359483],[-71.062911,42.361229]]","144","900 Massachusetts 139, Stoughton","[[-71.104069,42.145924],[-71.095485,42.148005],[-71.088305,42.151981],[-71.066609,42.164042],[-71.063521,42.160915],[-71.056511,42.153815],[-71.063846,42.140473],[-71.065038,42.138722],[-71.070944,42.132181],[-71.068326,42.125874],[-71.067653,42.124282],[-71.06995,42.12541],[-71.070343,42.125893],[-71.0771,42.12845],[-71.08409,42.12973],[-71.08845,42.1316],[-71.09428,42.13428],[-71.101689,42.135494],[-71.10407,42.14492],[-71.104069,42.145924]]","07/31/2016 - 08/28/2016, Every day, Daily Average",1724,1163,2555
"1116","Harborwalk, Waterfront, Boston","[[-71.062911,42.361229],[-71.061856,42.36243],[-71.058261,42.363697],[-71.057757,42.363616],[-71.056105,42.362402],[-71.05542,42.361957],[-71.054925,42.362046],[-71.053826,42.363303],[-71.052111,42.363676],[-71.051647,42.36311],[-71.0512,42.363712],[-71.05109,42.364175],[-71.046389,42.363935],[-71.045918,42.361164],[-71.0455,42.359825],[-71.045566,42.359733],[-71.049595,42.354497],[-71.05106,42.355131],[-71.050851,42.356671],[-71.052158,42.358666],[-71.053518,42.358356],[-71.055759,42.356913],[-71.05771,42.356777],[-71.058737,42.356988],[-71.05829,42.35741],[-71.06151,42.358336],[-71.062642,42.357977],[-71.062875,42.359483],[-71.062911,42.361229]]","150","Monastery Path, Brighton, Boston","[[-71.150271,42.348773],[-71.14816,42.349758],[-71.147079,42.350165],[-71.145612,42.350786],[-71.143981,42.351433],[-71.142997,42.351634],[-71.140266,42.352543],[-71.137341,42.35359],[-71.135801,42.353497],[-71.13456,42.353352],[-71.135644,42.351695],[-71.136379,42.350393],[-71.13758,42.348649],[-71.139731,42.348977],[-71.140366,42.348686],[-71.141522,42.346291],[-71.141698,42.34602],[-71.143109,42.343878],[-71.144543,42.344623],[-71.145049,42.344963],[-71.146238,42.346106],[-71.149047,42.347457],[-71.149755,42.348185],[-71.150271,42.348773]]","07/31/2016 - 08/28/2016, Every day, Daily Average",1284,936,1760
"1116","Harborwalk, Waterfront, Boston","[[-71.062911,42.361229],[-71.061856,42.36243],[-71.058261,42.363697],[-71.057757,42.363616],[-71.056105,42.362402],[-71.05542,42.361957],[-71.054925,42.362046],[-71.053826,42.363303],[-71.052111,42.363676],[-71.051647,42.36311],[-71.0512,42.363712],[-71.05109,42.364175],[-71.046389,42.363935],[-71.045918,42.361164],[-71.0455,42.359825],[-71.045566,42.359733],[-71.049595,42.354497],[-71.05106,42.355131],[-71.050851,42.356671],[-71.052158,42.358666],[-71.053518,42.358356],[-71.055759,42.356913],[-71.05771,42.356777],[-71.058737,42.356988],[-71.05829,42.35741],[-71.06151,42.358336],[-71.062642,42.357977],[-71.062875,42.359483],[-71.062911,42.361229]]","151","300 Commercial Street, North End, Boston","[[-71.059795,42.368767],[-71.057141,42.369982],[-71.054995,42.370697],[-71.050895,42.370697],[-71.049095,42.371197],[-71.048844,42.370904],[-71.049575,42.370189],[-71.046672,42.367503],[-71.046389,42.363935],[-71.05109,42.364175],[-71.0512,42.363712],[-71.053459,42.364778],[-71.052878,42.365771],[-71.053965,42.366908],[-71.0534,42.367525],[-71.056374,42.368292],[-71.057369,42.367771],[-71.058525,42.366952],[-71.059795,42.368767]]","07/31/2016 - 08/28/2016, Every day, Daily Average",213,78,575
"1116","Harborwalk, Waterfront, Boston","[[-71.062911,42.361229],[-71.061856,42.36243],[-71.058261,42.363697],[-71.057757,42.363616],[-71.056105,42.362402],[-71.05542,42.361957],[-71.054925,42.362046],[-71.053826,42.363303],[-71.052111,42.363676],[-71.051647,42.36311],[-71.0512,42.363712],[-71.05109,42.364175],[-71.046389,42.363935],[-71.045918,42.361164],[-71.0455,42.359825],[-71.045566,42.359733],[-71.049595,42.354497],[-71.05106,42.355131],[-71.050851,42.356671],[-71.052158,42.358666],[-71.053518,42.358356],[-71.055759,42.356913],[-71.05771,42.356777],[-71.058737,42.356988],[-71.05829,42.35741],[-71.06151,42.358336],[-71.062642,42.357977],[-71.062875,42.359483],[-71.062911,42.361229]]","152","400 Border Street, East Boston, Boston","[[-71.044298,42.383209],[-71.043264,42.383594],[-71.039262,42.386831],[-71.039306,42.386624],[-71.039315,42.382606],[-71.033395,42.382611],[-71.033423,42.380522],[-71.032781,42.379486],[-71.034924,42.378685],[-71.035764,42.379936],[-71.039211,42.378634],[-71.040029,42.37865],[-71.044982,42.378543],[-71.044298,42.383209]]","07/31/2016 - 08/28/2016, Every day, Daily Average",600,380,945
"1116","Harborwalk, Waterfront, Boston","[[-71.062911,42.361229],[-71.061856,42.36243],[-71.058261,42.363697],[-71.057757,42.363616],[-71.056105,42.362402],[-71.05542,42.361957],[-71.054925,42.362046],[-71.053826,42.363303],[-71.052111,42.363676],[-71.051647,42.36311],[-71.0512,42.363712],[-71.05109,42.364175],[-71.046389,42.363935],[-71.045918,42.361164],[-71.0455,42.359825],[-71.045566,42.359733],[-71.049595,42.354497],[-71.05106,42.355131],[-71.050851,42.356671],[-71.052158,42.358666],[-71.053518,42.358356],[-71.055759,42.356913],[-71.05771,42.356777],[-71.058737,42.356988],[-71.05829,42.35741],[-71.06151,42.358336],[-71.062642,42.357977],[-71.062875,42.359483],[-71.062911,42.361229]]","153","200 Marginal Street, Jeffries Point, Boston","[[-71.043396,42.364598],[-71.040855,42.367488],[-71.038919,42.368504],[-71.038689,42.368406],[-71.039439,42.367271],[-71.036831,42.365716],[-71.035728,42.367125],[-71.034754,42.36831],[-71.033387,42.367734],[-71.028866,42.365751],[-71.026294,42.363845],[-71.027919,42.358002],[-71.026428,42.35726],[-71.02716,42.356075],[-71.029856,42.357659],[-71.030303,42.35941],[-71.028405,42.362204],[-71.031614,42.361215],[-71.032796,42.35926],[-71.034253,42.359277],[-71.039629,42.361777],[-71.042596,42.363798],[-71.043396,42.364598]]","07/31/2016 - 08/28/2016, Every day, Daily Average",463,276,775
"1116","Harborwalk, Waterfront, Boston","[[-71.062911,42.361229],[-71.061856,42.36243],[-71.058261,42.363697],[-71.057757,42.363616],[-71.056105,42.362402],[-71.05542,42.361957],[-71.054925,42.362046],[-71.053826,42.363303],[-71.052111,42.363676],[-71.051647,42.36311],[-71.0512,42.363712],[-71.05109,42.364175],[-71.046389,42.363935],[-71.045918,42.361164],[-71.0455,42.359825],[-71.045566,42.359733],[-71.049595,42.354497],[-71.05106,42.355131],[-71.050851,42.356671],[-71.052158,42.358666],[-71.053518,42.358356],[-71.055759,42.356913],[-71.05771,42.356777],[-71.058737,42.356988],[-71.05829,42.35741],[-71.06151,42.358336],[-71.062642,42.357977],[-71.062875,42.359483],[-71.062911,42.361229]]","154","700 Washington Street, Downtown, Boston","[[-71.066485,42.348986],[-71.066868,42.350962],[-71.067533,42.352513],[-71.064562,42.352383],[-71.062761,42.351508],[-71.061187,42.351486],[-71.059875,42.351228],[-71.061193,42.34793],[-71.062451,42.346985],[-71.063039,42.34685],[-71.064434,42.347186],[-71.066158,42.347589],[-71.068193,42.347866],[-71.066485,42.348986]]","07/31/2016 - 08/28/2016, Every day, Daily Average",461,275,771
"1116","Harborwalk, Waterfront, Boston","[[-71.062911,42.361229],[-71.061856,42.36243],[-71.058261,42.363697],[-71.057757,42.363616],[-71.056105,42.362402],[-71.05542,42.361957],[-71.054925,42.362046],[-71.053826,42.363303],[-71.052111,42.363676],[-71.051647,42.36311],[-71.0512,42.363712],[-71.05109,42.364175],[-71.046389,42.363935],[-71.045918,42.361164],[-71.0455,42.359825],[-71.045566,42.359733],[-71.049595,42.354497],[-71.05106,42.355131],[-71.050851,42.356671],[-71.052158,42.358666],[-71.053518,42.358356],[-71.055759,42.356913],[-71.05771,42.356777],[-71.058737,42.356988],[-71.05829,42.35741],[-71.06151,42.358336],[-71.062642,42.357977],[-71.062875,42.359483],[-71.062911,42.361229]]","155","100 West Springfield Street, South End, Boston","[[-71.08047,42.339292],[-71.077372,42.340931],[-71.075269,42.339211],[-71.074995,42.337931],[-71.076941,42.336527],[-71.077621,42.336001],[-71.079266,42.336538],[-71.081969,42.338416],[-71.08047,42.339292]]","07/31/2016 - 08/28/2016, Every day, Daily Average",794,538,1170
"1116","Harborwalk, Waterfront, Boston","[[-71.062911,42.361229],[-71.061856,42.36243],[-71.058261,42.363697],[-71.057757,42.363616],[-71.056105,42.362402],[-71.05542,42.361957],[-71.054925,42.362046],[-71.053826,42.363303],[-71.052111,42.363676],[-71.051647,42.36311],[-71.0512,42.363712],[-71.05109,42.364175],[-71.046389,42.363935],[-71.045918,42.361164],[-71.0455,42.359825],[-71.045566,42.359733],[-71.049595,42.354497],[-71.05106,42.355131],[-71.050851,42.356671],[-71.052158,42.358666],[-71.053518,42.358356],[-71.055759,42.356913],[-71.05771,42.356777],[-71.058737,42.356988],[-71.05829,42.35741],[-71.06151,42.358336],[-71.062642,42.357977],[-71.062875,42.359483],[-71.062911,42.361229]]","156","0 Academy Road, Roxbury, Boston","[[-71.102944,42.319298],[-71.100023,42.322772],[-71.099319,42.323994],[-71.098917,42.325025],[-71.098398,42.324934],[-71.096523,42.326202],[-71.095398,42.32325],[-71.095108,42.321923],[-71.093146,42.3208],[-71.094355,42.319756],[-71.097086,42.317028],[-71.094274,42.315634],[-71.093559,42.315515],[-71.093821,42.314541],[-71.095145,42.313282],[-71.096248,42.312492],[-71.099191,42.314356],[-71.099481,42.314606],[-71.098451,42.315644],[-71.101192,42.318215],[-71.102944,42.319298]]","07/31/2016 - 08/28/2016, Every day, Daily Average",1081,776,1505
"1116","Harborwalk, Waterfront, Boston","[[-71.062911,42.361229],[-71.061856,42.36243],[-71.058261,42.363697],[-71.057757,42.363616],[-71.056105,42.362402],[-71.05542,42.361957],[-71.054925,42.362046],[-71.053826,42.363303],[-71.052111,42.363676],[-71.051647,42.36311],[-71.0512,42.363712],[-71.05109,42.364175],[-71.046389,42.363935],[-71.045918,42.361164],[-71.0455,42.359825],[-71.045566,42.359733],[-71.049595,42.354497],[-71.05106,42.355131],[-71.050851,42.356671],[-71.052158,42.358666],[-71.053518,42.358356],[-71.055759,42.356913],[-71.05771,42.356777],[-71.058737,42.356988],[-71.05829,42.35741],[-71.06151,42.358336],[-71.062642,42.357977],[-71.062875,42.359483],[-71.062911,42.361229]]","157","100 Train Street, Dorchester, Boston","[[-71.062611,42.291809],[-71.06036,42.292351],[-71.057296,42.293125],[-71.054651,42.293703],[-71.052431,42.294476],[-71.050633,42.292782],[-71.048418,42.290058],[-71.051472,42.289314],[-71.052158,42.289137],[-71.055347,42.288242],[-71.055703,42.289158],[-71.058624,42.288442],[-71.060489,42.288294],[-71.063796,42.287492],[-71.062611,42.291809]]","07/31/2016 - 08/28/2016, Every day, Daily Average",1180,822,1692
"1116","Harborwalk, Waterfront, Boston","[[-71.062911,42.361229],[-71.061856,42.36243],[-71.058261,42.363697],[-71.057757,42.363616],[-71.056105,42.362402],[-71.05542,42.361957],[-71.054925,42.362046],[-71.053826,42.363303],[-71.052111,42.363676],[-71.051647,42.36311],[-71.0512,42.363712],[-71.05109,42.364175],[-71.046389,42.363935],[-71.045918,42.361164],[-71.0455,42.359825],[-71.045566,42.359733],[-71.049595,42.354497],[-71.05106,42.355131],[-71.050851,42.356671],[-71.052158,42.358666],[-71.053518,42.358356],[-71.055759,42.356913],[-71.05771,42.356777],[-71.058737,42.356988],[-71.05829,42.35741],[-71.06151,42.358336],[-71.062642,42.357977],[-71.062875,42.359483],[-71.062911,42.361229]]","158","100 Sycamore Street, Roslindale, Boston","[[-71.127045,42.28746],[-71.126312,42.288149],[-71.125814,42.288615],[-71.122463,42.291749],[-71.120069,42.290788],[-71.119282,42.290235],[-71.119549,42.285511],[-71.119712,42.280288],[-71.120675,42.280696],[-71.122433,42.281826],[-71.124041,42.282998],[-71.125127,42.28449],[-71.126098,42.285175],[-71.128128,42.286448],[-71.127045,42.28746]]","07/31/2016 - 08/28/2016, Every day, Daily Average",1704,1254,2314
"1116","Harborwalk, Waterfront, Boston","[[-71.062911,42.361229],[-71.061856,42.36243],[-71.058261,42.363697],[-71.057757,42.363616],[-71.056105,42.362402],[-71.05542,42.361957],[-71.054925,42.362046],[-71.053826,42.363303],[-71.052111,42.363676],[-71.051647,42.36311],[-71.0512,42.363712],[-71.05109,42.364175],[-71.046389,42.363935],[-71.045918,42.361164],[-71.0455,42.359825],[-71.045566,42.359733],[-71.049595,42.354497],[-71.05106,42.355131],[-71.050851,42.356671],[-71.052158,42.358666],[-71.053518,42.358356],[-71.055759,42.356913],[-71.05771,42.356777],[-71.058737,42.356988],[-71.05829,42.35741],[-71.06151,42.358336],[-71.062642,42.357977],[-71.062875,42.359483],[-71.062911,42.361229]]","159","0 Congress Avenue, Chelsea","[[-71.039229,42.389906],[-71.038265,42.390437],[-71.035969,42.391723],[-71.032723,42.393547],[-71.03295,42.393099],[-71.032301,42.392216],[-71.032634,42.391592],[-71.033538,42.389885],[-71.03373,42.389273],[-71.033927,42.388653],[-71.034563,42.386723],[-71.039818,42.388268],[-71.039229,42.389906]]","07/31/2016 - 08/28/2016, Every day, Daily Average",743,463,1191
"1116","Harborwalk, Waterfront, Boston","[[-71.062911,42.361229],[-71.061856,42.36243],[-71.058261,42.363697],[-71.057757,42.363616],[-71.056105,42.362402],[-71.05542,42.361957],[-71.054925,42.362046],[-71.053826,42.363303],[-71.052111,42.363676],[-71.051647,42.36311],[-71.0512,42.363712],[-71.05109,42.364175],[-71.046389,42.363935],[-71.045918,42.361164],[-71.0455,42.359825],[-71.045566,42.359733],[-71.049595,42.354497],[-71.05106,42.355131],[-71.050851,42.356671],[-71.052158,42.358666],[-71.053518,42.358356],[-71.055759,42.356913],[-71.05771,42.356777],[-71.058737,42.356988],[-71.05829,42.35741],[-71.06151,42.358336],[-71.062642,42.357977],[-71.062875,42.359483],[-71.062911,42.361229]]","160","0 Franklin Place, Revere","[[-71.004423,42.404978],[-71.002521,42.406767],[-71.000208,42.409573],[-71.000172,42.409624],[-70.999345,42.410089],[-70.994516,42.412053],[-70.993362,42.411821],[-70.993536,42.40858],[-70.993783,42.407553],[-70.992408,42.407238],[-70.992313,42.405533],[-70.994112,42.404917],[-70.996053,42.401775],[-70.997091,42.401184],[-70.997522,42.400907],[-71.001578,42.40379],[-71.002593,42.404351],[-71.002727,42.404412],[-71.004279,42.404928],[-71.004423,42.404978]]","07/31/2016 - 08/28/2016, Every day, Daily Average",736,483,1119
"1116","Harborwalk, Waterfront, Boston","[[-71.062911,42.361229],[-71.061856,42.36243],[-71.058261,42.363697],[-71.057757,42.363616],[-71.056105,42.362402],[-71.05542,42.361957],[-71.054925,42.362046],[-71.053826,42.363303],[-71.052111,42.363676],[-71.051647,42.36311],[-71.0512,42.363712],[-71.05109,42.364175],[-71.046389,42.363935],[-71.045918,42.361164],[-71.0455,42.359825],[-71.045566,42.359733],[-71.049595,42.354497],[-71.05106,42.355131],[-71.050851,42.356671],[-71.052158,42.358666],[-71.053518,42.358356],[-71.055759,42.356913],[-71.05771,42.356777],[-71.058737,42.356988],[-71.05829,42.35741],[-71.06151,42.358336],[-71.062642,42.357977],[-71.062875,42.359483],[-71.062911,42.361229]]","161","0 William Fairfield Drive, Wenham","[[-70.929559,42.608806],[-70.93109,42.612444],[-70.928485,42.615925],[-70.927557,42.616851],[-70.925714,42.622925],[-70.924172,42.623726],[-70.919781,42.623164],[-70.919052,42.623846],[-70.918925,42.622767],[-70.918608,42.622609],[-70.887914,42.613553],[-70.884197,42.61246],[-70.874627,42.609771],[-70.866065,42.607395],[-70.837593,42.599646],[-70.814493,42.593377],[-70.810093,42.584095],[-70.813296,42.580139],[-70.819019,42.579286],[-70.819942,42.578242],[-70.820311,42.577822],[-70.824134,42.580573],[-70.827692,42.583131],[-70.835411,42.590681],[-70.860898,42.590808],[-70.881794,42.590918],[-70.904644,42.59106],[-70.922263,42.591512],[-70.927497,42.592228],[-70.929547,42.594596],[-70.933883,42.599597],[-70.929559,42.608806]]","07/31/2016 - 08/28/2016, Every day, Daily Average",2227,1788,2773
"1116","Harborwalk, Waterfront, Boston","[[-71.062911,42.361229],[-71.061856,42.36243],[-71.058261,42.363697],[-71.057757,42.363616],[-71.056105,42.362402],[-71.05542,42.361957],[-71.054925,42.362046],[-71.053826,42.363303],[-71.052111,42.363676],[-71.051647,42.36311],[-71.0512,42.363712],[-71.05109,42.364175],[-71.046389,42.363935],[-71.045918,42.361164],[-71.0455,42.359825],[-71.045566,42.359733],[-71.049595,42.354497],[-71.05106,42.355131],[-71.050851,42.356671],[-71.052158,42.358666],[-71.053518,42.358356],[-71.055759,42.356913],[-71.05771,42.356777],[-71.058737,42.356988],[-71.05829,42.35741],[-71.06151,42.358336],[-71.062642,42.357977],[-71.062875,42.359483],[-71.062911,42.361229]]","167","0 Miner Street, Fenway/Kenmore, Boston","[[-71.106894,42.348588],[-71.106854,42.348759],[-71.101143,42.347758],[-71.099802,42.347651],[-71.098115,42.347637],[-71.098955,42.346815],[-71.102519,42.343375],[-71.104393,42.344117],[-71.105938,42.343808],[-71.105796,42.344397],[-71.10674,42.34604],[-71.107213,42.347049],[-71.106894,42.348588]]","07/31/2016 - 08/28/2016, Every day, Daily Average",846,557,1283
"1116","Harborwalk, Waterfront, Boston","[[-71.062911,42.361229],[-71.061856,42.36243],[-71.058261,42.363697],[-71.057757,42.363616],[-71.056105,42.362402],[-71.05542,42.361957],[-71.054925,42.362046],[-71.053826,42.363303],[-71.052111,42.363676],[-71.051647,42.36311],[-71.0512,42.363712],[-71.05109,42.364175],[-71.046389,42.363935],[-71.045918,42.361164],[-71.0455,42.359825],[-71.045566,42.359733],[-71.049595,42.354497],[-71.05106,42.355131],[-71.050851,42.356671],[-71.052158,42.358666],[-71.053518,42.358356],[-71.055759,42.356913],[-71.05771,42.356777],[-71.058737,42.356988],[-71.05829,42.35741],[-71.06151,42.358336],[-71.062642,42.357977],[-71.062875,42.359483],[-71.062911,42.361229]]","170","0 Stowe Road, Sandwich","[[-70.483836,41.700844],[-70.477107,41.707004],[-70.471859,41.709509],[-70.46743,41.715511],[-70.466228,41.716428],[-70.46503,41.71728],[-70.462606,41.720401],[-70.459055,41.723414],[-70.457626,41.73073],[-70.453441,41.72955],[-70.44535,41.728494],[-70.441491,41.727717],[-70.438821,41.726831],[-70.436134,41.725589],[-70.418489,41.71549],[-70.412191,41.710802],[-70.423926,41.699014],[-70.436083,41.686797],[-70.441157,41.681695],[-70.458737,41.664041],[-70.471112,41.665964],[-70.472326,41.663933],[-70.475371,41.659745],[-70.480554,41.661024],[-70.482171,41.665975],[-70.474886,41.678428],[-70.475553,41.682421],[-70.47822,41.685114],[-70.480516,41.694547],[-70.481675,41.696448],[-70.48261,41.697728],[-70.483836,41.700844]]","07/31/2016 - 08/28/2016, Every day, Daily Average",4444,3488,5661
"1116","Harborwalk, Waterfront, Boston","[[-71.062911,42.361229],[-71.061856,42.36243],[-71.058261,42.363697],[-71.057757,42.363616],[-71.056105,42.362402],[-71.05542,42.361957],[-71.054925,42.362046],[-71.053826,42.363303],[-71.052111,42.363676],[-71.051647,42.36311],[-71.0512,42.363712],[-71.05109,42.364175],[-71.046389,42.363935],[-71.045918,42.361164],[-71.0455,42.359825],[-71.045566,42.359733],[-71.049595,42.354497],[-71.05106,42.355131],[-71.050851,42.356671],[-71.052158,42.358666],[-71.053518,42.358356],[-71.055759,42.356913],[-71.05771,42.356777],[-71.058737,42.356988],[-71.05829,42.35741],[-71.06151,42.358336],[-71.062642,42.357977],[-71.062875,42.359483],[-71.062911,42.361229]]","171","0 Andrew Road, Sagamore Beach, Bourne","[[-70.565632,41.769639],[-70.56319,41.771451],[-70.561438,41.773332],[-70.558864,41.77469],[-70.559962,41.774604],[-70.562572,41.775701],[-70.561487,41.780299],[-70.562238,41.783689],[-70.563672,41.78626],[-70.56167,41.788279],[-70.560875,41.790594],[-70.547505,41.801944],[-70.545863,41.803433],[-70.545834,41.80346],[-70.537289,41.810859],[-70.533303,41.805643],[-70.532656,41.804796],[-70.52507,41.797907],[-70.51946,41.792814],[-70.519678,41.787582],[-70.520331,41.773638],[-70.520661,41.771345],[-70.523281,41.768193],[-70.526214,41.758131],[-70.541113,41.765208],[-70.542429,41.7662],[-70.546933,41.77003],[-70.552134,41.770863],[-70.557091,41.76807],[-70.559395,41.770123],[-70.562144,41.768089],[-70.564488,41.769129],[-70.565632,41.769639]]","07/31/2016 - 08/28/2016, Every day, Daily Average",3960,3038,5161
"1116","Harborwalk, Waterfront, Boston","[[-71.062911,42.361229],[-71.061856,42.36243],[-71.058261,42.363697],[-71.057757,42.363616],[-71.056105,42.362402],[-71.05542,42.361957],[-71.054925,42.362046],[-71.053826,42.363303],[-71.052111,42.363676],[-71.051647,42.36311],[-71.0512,42.363712],[-71.05109,42.364175],[-71.046389,42.363935],[-71.045918,42.361164],[-71.0455,42.359825],[-71.045566,42.359733],[-71.049595,42.354497],[-71.05106,42.355131],[-71.050851,42.356671],[-71.052158,42.358666],[-71.053518,42.358356],[-71.055759,42.356913],[-71.05771,42.356777],[-71.058737,42.356988],[-71.05829,42.35741],[-71.06151,42.358336],[-71.062642,42.357977],[-71.062875,42.359483],[-71.062911,42.361229]]","175","0 Hazelwood Avenue, Attleboro","[[-71.307815,41.959142],[-71.307858,41.960247],[-71.296414,41.968163],[-71.291074,41.971861],[-71.268739,41.9873],[-71.260361,41.975674],[-71.276507,41.952793],[-71.279769,41.94818],[-71.28127,41.947982],[-71.283907,41.947748],[-71.287865,41.947211],[-71.290166,41.944441],[-71.294959,41.946445],[-71.294947,41.949385],[-71.297111,41.950171],[-71.296669,41.951938],[-71.298344,41.95283],[-71.30251,41.9527],[-71.304336,41.951192],[-71.306451,41.95234],[-71.308147,41.953826],[-71.307815,41.959142]]","07/31/2016 - 08/28/2016, Every day, Daily Average",2452,2032,2957
"1116","Harborwalk, Waterfront, Boston","[[-71.062911,42.361229],[-71.061856,42.36243],[-71.058261,42.363697],[-71.057757,42.363616],[-71.056105,42.362402],[-71.05542,42.361957],[-71.054925,42.362046],[-71.053826,42.363303],[-71.052111,42.363676],[-71.051647,42.36311],[-71.0512,42.363712],[-71.05109,42.364175],[-71.046389,42.363935],[-71.045918,42.361164],[-71.0455,42.359825],[-71.045566,42.359733],[-71.049595,42.354497],[-71.05106,42.355131],[-71.050851,42.356671],[-71.052158,42.358666],[-71.053518,42.358356],[-71.055759,42.356913],[-71.05771,42.356777],[-71.058737,42.356988],[-71.05829,42.35741],[-71.06151,42.358336],[-71.062642,42.357977],[-71.062875,42.359483],[-71.062911,42.361229]]","182","0 The Greenway, Swampscott","[[-70.933987,42.49081],[-70.913547,42.485939],[-70.906594,42.484278],[-70.901779,42.485358],[-70.900247,42.484945],[-70.900651,42.483411],[-70.904566,42.480028],[-70.908046,42.47798],[-70.913849,42.475888],[-70.914855,42.475219],[-70.915108,42.47505],[-70.917154,42.473658],[-70.921411,42.470751],[-70.922705,42.46954],[-70.922974,42.468751],[-70.923788,42.470371],[-70.924896,42.472578],[-70.926462,42.47569],[-70.926596,42.475958],[-70.931147,42.484964],[-70.933987,42.49081]]","07/31/2016 - 08/28/2016, Every day, Daily Average",1876,1461,2408
"1116","Harborwalk, Waterfront, Boston","[[-71.062911,42.361229],[-71.061856,42.36243],[-71.058261,42.363697],[-71.057757,42.363616],[-71.056105,42.362402],[-71.05542,42.361957],[-71.054925,42.362046],[-71.053826,42.363303],[-71.052111,42.363676],[-71.051647,42.36311],[-71.0512,42.363712],[-71.05109,42.364175],[-71.046389,42.363935],[-71.045918,42.361164],[-71.0455,42.359825],[-71.045566,42.359733],[-71.049595,42.354497],[-71.05106,42.355131],[-71.050851,42.356671],[-71.052158,42.358666],[-71.053518,42.358356],[-71.055759,42.356913],[-71.05771,42.356777],[-71.058737,42.356988],[-71.05829,42.35741],[-71.06151,42.358336],[-71.062642,42.357977],[-71.062875,42.359483],[-71.062911,42.361229]]","183","0 Western Avenue, Lynn","[[-70.950858,42.49498],[-70.949917,42.494776],[-70.949321,42.494578],[-70.935454,42.491179],[-70.933987,42.49081],[-70.931147,42.484964],[-70.931756,42.484951],[-70.935953,42.481034],[-70.939041,42.477294],[-70.942364,42.479405],[-70.943478,42.480078],[-70.945197,42.481127],[-70.946216,42.481595],[-70.945781,42.483321],[-70.947163,42.483922],[-70.949694,42.484776],[-70.950977,42.484028],[-70.950767,42.485432],[-70.95093,42.487645],[-70.950378,42.487948],[-70.951196,42.490696],[-70.950858,42.49498]]","07/31/2016 - 08/28/2016, Every day, Daily Average",1697,1309,2199
"1116","Harborwalk, Waterfront, Boston","[[-71.062911,42.361229],[-71.061856,42.36243],[-71.058261,42.363697],[-71.057757,42.363616],[-71.056105,42.362402],[-71.05542,42.361957],[-71.054925,42.362046],[-71.053826,42.363303],[-71.052111,42.363676],[-71.051647,42.36311],[-71.0512,42.363712],[-71.05109,42.364175],[-71.046389,42.363935],[-71.045918,42.361164],[-71.0455,42.359825],[-71.045566,42.359733],[-71.049595,42.354497],[-71.05106,42.355131],[-71.050851,42.356671],[-71.052158,42.358666],[-71.053518,42.358356],[-71.055759,42.356913],[-71.05771,42.356777],[-71.058737,42.356988],[-71.05829,42.35741],[-71.06151,42.358336],[-71.062642,42.357977],[-71.062875,42.359483],[-71.062911,42.361229]]","184","0 South Street, Lynn","[[-70.971493,42.457475],[-70.970134,42.458595],[-70.967508,42.461057],[-70.966143,42.462279],[-70.965572,42.462606],[-70.965232,42.462581],[-70.964998,42.462502],[-70.962248,42.462659],[-70.960653,42.460133],[-70.959978,42.459052],[-70.963592,42.457795],[-70.966323,42.45732],[-70.970396,42.45632],[-70.971493,42.457475]]","07/31/2016 - 08/28/2016, Every day, Daily Average",1289,948,1752
"1116","Harborwalk, Waterfront, Boston","[[-71.062911,42.361229],[-71.061856,42.36243],[-71.058261,42.363697],[-71.057757,42.363616],[-71.056105,42.362402],[-71.05542,42.361957],[-71.054925,42.362046],[-71.053826,42.363303],[-71.052111,42.363676],[-71.051647,42.36311],[-71.0512,42.363712],[-71.05109,42.364175],[-71.046389,42.363935],[-71.045918,42.361164],[-71.0455,42.359825],[-71.045566,42.359733],[-71.049595,42.354497],[-71.05106,42.355131],[-71.050851,42.356671],[-71.052158,42.358666],[-71.053518,42.358356],[-71.055759,42.356913],[-71.05771,42.356777],[-71.058737,42.356988],[-71.05829,42.35741],[-71.06151,42.358336],[-71.062642,42.357977],[-71.062875,42.359483],[-71.062911,42.361229]]","185","0 Paleologos Street, Peabody","[[-70.933514,42.531154],[-70.928764,42.5346],[-70.928585,42.534797],[-70.927494,42.532448],[-70.92731,42.530354],[-70.925558,42.530096],[-70.923346,42.530023],[-70.920427,42.530039],[-70.920288,42.530024],[-70.918688,42.529687],[-70.91554,42.528822],[-70.916482,42.526855],[-70.91823,42.525055],[-70.917166,42.524059],[-70.91773,42.522631],[-70.918898,42.52277],[-70.920102,42.522922],[-70.923121,42.524104],[-70.927286,42.525913],[-70.931664,42.527324],[-70.931904,42.527417],[-70.935503,42.529737],[-70.933514,42.531154]]","07/31/2016 - 08/28/2016, Every day, Daily Average",1699,1426,2022
"1116","Harborwalk, Waterfront, Boston","[[-71.062911,42.361229],[-71.061856,42.36243],[-71.058261,42.363697],[-71.057757,42.363616],[-71.056105,42.362402],[-71.05542,42.361957],[-71.054925,42.362046],[-71.053826,42.363303],[-71.052111,42.363676],[-71.051647,42.36311],[-71.0512,42.363712],[-71.05109,42.364175],[-71.046389,42.363935],[-71.045918,42.361164],[-71.0455,42.359825],[-71.045566,42.359733],[-71.049595,42.354497],[-71.05106,42.355131],[-71.050851,42.356671],[-71.052158,42.358666],[-71.053518,42.358356],[-71.055759,42.356913],[-71.05771,42.356777],[-71.058737,42.356988],[-71.05829,42.35741],[-71.06151,42.358336],[-71.062642,42.357977],[-71.062875,42.359483],[-71.062911,42.361229]]","190","0 Erie Road, Methuen","[[-71.150924,42.743397],[-71.148588,42.74414],[-71.145074,42.744414],[-71.141608,42.744895],[-71.139029,42.745264],[-71.127588,42.75467],[-71.125581,42.752044],[-71.122178,42.750091],[-71.119345,42.747575],[-71.116262,42.74389],[-71.115676,42.741945],[-71.115603,42.741191],[-71.116448,42.739086],[-71.118606,42.736623],[-71.124461,42.731654],[-71.125343,42.730393],[-71.126175,42.729073],[-71.134134,42.721507],[-71.137316,42.721516],[-71.141918,42.72164],[-71.140493,42.724353],[-71.140323,42.726815],[-71.141376,42.726415],[-71.14416,42.727065],[-71.144615,42.728837],[-71.1436,42.731676],[-71.144283,42.733194],[-71.144189,42.734254],[-71.145433,42.738594],[-71.150672,42.743063],[-71.150924,42.743397]]","07/31/2016 - 08/28/2016, Every day, Daily Average",1967,1593,2427
"1116","Harborwalk, Waterfront, Boston","[[-71.062911,42.361229],[-71.061856,42.36243],[-71.058261,42.363697],[-71.057757,42.363616],[-71.056105,42.362402],[-71.05542,42.361957],[-71.054925,42.362046],[-71.053826,42.363303],[-71.052111,42.363676],[-71.051647,42.36311],[-71.0512,42.363712],[-71.05109,42.364175],[-71.046389,42.363935],[-71.045918,42.361164],[-71.0455,42.359825],[-71.045566,42.359733],[-71.049595,42.354497],[-71.05106,42.355131],[-71.050851,42.356671],[-71.052158,42.358666],[-71.053518,42.358356],[-71.055759,42.356913],[-71.05771,42.356777],[-71.058737,42.356988],[-71.05829,42.35741],[-71.06151,42.358336],[-71.062642,42.357977],[-71.062875,42.359483],[-71.062911,42.361229]]","192","0 Fazio Farm Road, Georgetown","[[-70.990603,42.743483],[-70.98417,42.746193],[-70.979461,42.748661],[-70.973876,42.749612],[-70.970224,42.751213],[-70.959693,42.753833],[-70.947563,42.747014],[-70.947114,42.746832],[-70.942492,42.744515],[-70.930737,42.738557],[-70.924125,42.735992],[-70.937841,42.726554],[-70.938268,42.726157],[-70.958882,42.70696],[-70.960956,42.707385],[-70.965092,42.70936],[-70.967826,42.711618],[-70.970401,42.715232],[-70.973364,42.716876],[-70.976418,42.717487],[-70.978667,42.719212],[-70.98082,42.719648],[-70.984638,42.719602],[-70.985947,42.720189],[-70.989267,42.722808],[-70.988403,42.724396],[-70.990276,42.725934],[-70.989578,42.726417],[-70.990251,42.729225],[-70.990505,42.73626],[-70.989027,42.738988],[-70.990559,42.74099],[-70.990603,42.743483]]","07/31/2016 - 08/28/2016, Every day, Daily Average",2349,1897,2908
"1116","Harborwalk, Waterfront, Boston","[[-71.062911,42.361229],[-71.061856,42.36243],[-71.058261,42.363697],[-71.057757,42.363616],[-71.056105,42.362402],[-71.05542,42.361957],[-71.054925,42.362046],[-71.053826,42.363303],[-71.052111,42.363676],[-71.051647,42.36311],[-71.0512,42.363712],[-71.05109,42.364175],[-71.046389,42.363935],[-71.045918,42.361164],[-71.0455,42.359825],[-71.045566,42.359733],[-71.049595,42.354497],[-71.05106,42.355131],[-71.050851,42.356671],[-71.052158,42.358666],[-71.053518,42.358356],[-71.055759,42.356913],[-71.05771,42.356777],[-71.058737,42.356988],[-71.05829,42.35741],[-71.06151,42.358336],[-71.062642,42.357977],[-71.062875,42.359483],[-71.062911,42.361229]]","195","100 Chelmsford Street, Highlands, Lowell","[[-71.325139,42.635408],[-71.319395,42.637033],[-71.316078,42.637908],[-71.315812,42.638381],[-71.31424,42.635244],[-71.313714,42.634487],[-71.312679,42.632726],[-71.314269,42.631965],[-71.317892,42.628127],[-71.318924,42.630171],[-71.321241,42.63018],[-71.319711,42.631922],[-71.322247,42.632247],[-71.324069,42.63276],[-71.325145,42.633292],[-71.325139,42.635408]]","07/31/2016 - 08/28/2016, Every day, Daily Average",2109,1715,2592
"1116","Harborwalk, Waterfront, Boston","[[-71.062911,42.361229],[-71.061856,42.36243],[-71.058261,42.363697],[-71.057757,42.363616],[-71.056105,42.362402],[-71.05542,42.361957],[-71.054925,42.362046],[-71.053826,42.363303],[-71.052111,42.363676],[-71.051647,42.36311],[-71.0512,42.363712],[-71.05109,42.364175],[-71.046389,42.363935],[-71.045918,42.361164],[-71.0455,42.359825],[-71.045566,42.359733],[-71.049595,42.354497],[-71.05106,42.355131],[-71.050851,42.356671],[-71.052158,42.358666],[-71.053518,42.358356],[-71.055759,42.356913],[-71.05771,42.356777],[-71.058737,42.356988],[-71.05829,42.35741],[-71.06151,42.358336],[-71.062642,42.357977],[-71.062875,42.359483],[-71.062911,42.361229]]","198","100 Colonial Drive, Littleton Common, Littleton","[[-71.516221,42.513444],[-71.507979,42.520743],[-71.499318,42.531425],[-71.493214,42.539823],[-71.489955,42.543294],[-71.483977,42.547272],[-71.478084,42.549579],[-71.468842,42.551746],[-71.444713,42.538111],[-71.439054,42.534695],[-71.428536,42.528804],[-71.434718,42.522486],[-71.443939,42.509059],[-71.473528,42.500177],[-71.500053,42.509266],[-71.502758,42.506922],[-71.509084,42.510043],[-71.51161,42.508991],[-71.51482,42.511524],[-71.516221,42.513444]]","07/31/2016 - 08/28/2016, Every day, Daily Average",2481,2100,2931
"1116","Harborwalk, Waterfront, Boston","[[-71.062911,42.361229],[-71.061856,42.36243],[-71.058261,42.363697],[-71.057757,42.363616],[-71.056105,42.362402],[-71.05542,42.361957],[-71.054925,42.362046],[-71.053826,42.363303],[-71.052111,42.363676],[-71.051647,42.36311],[-71.0512,42.363712],[-71.05109,42.364175],[-71.046389,42.363935],[-71.045918,42.361164],[-71.0455,42.359825],[-71.045566,42.359733],[-71.049595,42.354497],[-71.05106,42.355131],[-71.050851,42.356671],[-71.052158,42.358666],[-71.053518,42.358356],[-71.055759,42.356913],[-71.05771,42.356777],[-71.058737,42.356988],[-71.05829,42.35741],[-71.06151,42.358336],[-71.062642,42.357977],[-71.062875,42.359483],[-71.062911,42.361229]]","199","0 Burlington Street, Woburn","[[-71.184189,42.481836],[-71.181501,42.483622],[-71.174838,42.485455],[-71.168924,42.487087],[-71.170186,42.488979],[-71.159854,42.48483],[-71.156097,42.483076],[-71.155249,42.482368],[-71.154487,42.481736],[-71.152175,42.479937],[-71.151771,42.480119],[-71.151964,42.479692],[-71.151308,42.478209],[-71.150536,42.476636],[-71.152707,42.475393],[-71.152287,42.475022],[-71.155664,42.474013],[-71.160159,42.473582],[-71.161394,42.470256],[-71.15856,42.464272],[-71.154732,42.463011],[-71.152282,42.463783],[-71.153098,42.462495],[-71.156891,42.462404],[-71.174378,42.4699],[-71.178757,42.475791],[-71.181832,42.480333],[-71.183399,42.481594],[-71.184189,42.481836]]","07/31/2016 - 08/28/2016, Every day, Daily Average",1421,1068,1889
"1116","Harborwalk, Waterfront, Boston","[[-71.062911,42.361229],[-71.061856,42.36243],[-71.058261,42.363697],[-71.057757,42.363616],[-71.056105,42.362402],[-71.05542,42.361957],[-71.054925,42.362046],[-71.053826,42.363303],[-71.052111,42.363676],[-71.051647,42.36311],[-71.0512,42.363712],[-71.05109,42.364175],[-71.046389,42.363935],[-71.045918,42.361164],[-71.0455,42.359825],[-71.045566,42.359733],[-71.049595,42.354497],[-71.05106,42.355131],[-71.050851,42.356671],[-71.052158,42.358666],[-71.053518,42.358356],[-71.055759,42.356913],[-71.05771,42.356777],[-71.058737,42.356988],[-71.05829,42.35741],[-71.06151,42.358336],[-71.062642,42.357977],[-71.062875,42.359483],[-71.062911,42.361229]]","200","100 Orange Street, Reading","[[-71.105121,42.536853],[-71.104072,42.540831],[-71.101513,42.540363],[-71.100479,42.539496],[-71.095601,42.539556],[-71.092763,42.538979],[-71.089524,42.543667],[-71.090727,42.546217],[-71.094897,42.549431],[-71.096051,42.551025],[-71.095877,42.554853],[-71.092818,42.559272],[-71.08989,42.558222],[-71.070978,42.555889],[-71.075257,42.531122],[-71.079745,42.526725],[-71.080103,42.526388],[-71.081085,42.525473],[-71.083725,42.525261],[-71.091089,42.517581],[-71.093057,42.515529],[-71.096773,42.511678],[-71.097398,42.510428],[-71.094351,42.507808],[-71.094261,42.507123],[-71.094326,42.507115],[-71.099693,42.506305],[-71.100722,42.502258],[-71.101801,42.502161],[-71.103362,42.505597],[-71.104195,42.507983],[-71.103305,42.520019],[-71.103212,42.521113],[-71.103048,42.523263],[-71.102989,42.523536],[-71.102791,42.524082],[-71.102664,42.524383],[-71.10218,42.525749],[-71.102039,42.52623],[-71.102405,42.527915],[-71.105132,42.536155],[-71.105121,42.536853]]","07/31/2016 - 08/28/2016, Every day, Daily Average",1015,744,1384
"1116","Harborwalk, Waterfront, Boston","[[-71.062911,42.361229],[-71.061856,42.36243],[-71.058261,42.363697],[-71.057757,42.363616],[-71.056105,42.362402],[-71.05542,42.361957],[-71.054925,42.362046],[-71.053826,42.363303],[-71.052111,42.363676],[-71.051647,42.36311],[-71.0512,42.363712],[-71.05109,42.364175],[-71.046389,42.363935],[-71.045918,42.361164],[-71.0455,42.359825],[-71.045566,42.359733],[-71.049595,42.354497],[-71.05106,42.355131],[-71.050851,42.356671],[-71.052158,42.358666],[-71.053518,42.358356],[-71.055759,42.356913],[-71.05771,42.356777],[-71.058737,42.356988],[-71.05829,42.35741],[-71.06151,42.358336],[-71.062642,42.357977],[-71.062875,42.359483],[-71.062911,42.361229]]","201","0 Cleveland Street, Melrose","[[-71.080595,42.453141],[-71.079797,42.457977],[-71.078696,42.457799],[-71.076116,42.458484],[-71.074553,42.459588],[-71.06989,42.459152],[-71.06312,42.458771],[-71.064669,42.456147],[-71.066458,42.453135],[-71.069007,42.452958],[-71.069136,42.451989],[-71.069304,42.452037],[-71.069564,42.452111],[-71.070024,42.45223],[-71.070586,42.4494],[-71.071427,42.448276],[-71.075055,42.447802],[-71.076032,42.450546],[-71.079411,42.452018],[-71.080471,42.453028],[-71.080595,42.453141]]","07/31/2016 - 08/28/2016, Every day, Daily Average",1074,786,1467
"1116","Harborwalk, Waterfront, Boston","[[-71.062911,42.361229],[-71.061856,42.36243],[-71.058261,42.363697],[-71.057757,42.363616],[-71.056105,42.362402],[-71.05542,42.361957],[-71.054925,42.362046],[-71.053826,42.363303],[-71.052111,42.363676],[-71.051647,42.36311],[-71.0512,42.363712],[-71.05109,42.364175],[-71.046389,42.363935],[-71.045918,42.361164],[-71.0455,42.359825],[-71.045566,42.359733],[-71.049595,42.354497],[-71.05106,42.355131],[-71.050851,42.356671],[-71.052158,42.358666],[-71.053518,42.358356],[-71.055759,42.356913],[-71.05771,42.356777],[-71.058737,42.356988],[-71.05829,42.35741],[-71.06151,42.358336],[-71.062642,42.357977],[-71.062875,42.359483],[-71.062911,42.361229]]","202","0 Girard Road, Winchester","[[-71.189599,42.449795],[-71.180036,42.45359],[-71.175658,42.45528],[-71.164285,42.459721],[-71.160047,42.456858],[-71.159301,42.454729],[-71.154135,42.447344],[-71.148106,42.449678],[-71.14741,42.448845],[-71.144042,42.446978],[-71.140103,42.444911],[-71.142098,42.442395],[-71.14533,42.435756],[-71.145997,42.435749],[-71.149798,42.435795],[-71.155688,42.435796],[-71.164788,42.435964],[-71.17368,42.436156],[-71.182277,42.436279],[-71.177885,42.440201],[-71.182562,42.443637],[-71.185813,42.444982],[-71.189599,42.449795]]","07/31/2016 - 08/28/2016, Every day, Daily Average",1166,852,1594
"1116","Harborwalk, Waterfront, Boston","[[-71.062911,42.361229],[-71.061856,42.36243],[-71.058261,42.363697],[-71.057757,42.363616],[-71.056105,42.362402],[-71.05542,42.361957],[-71.054925,42.362046],[-71.053826,42.363303],[-71.052111,42.363676],[-71.051647,42.36311],[-71.0512,42.363712],[-71.05109,42.364175],[-71.046389,42.363935],[-71.045918,42.361164],[-71.0455,42.359825],[-71.045566,42.359733],[-71.049595,42.354497],[-71.05106,42.355131],[-71.050851,42.356671],[-71.052158,42.358666],[-71.053518,42.358356],[-71.055759,42.356913],[-71.05771,42.356777],[-71.058737,42.356988],[-71.05829,42.35741],[-71.06151,42.358336],[-71.062642,42.357977],[-71.062875,42.359483],[-71.062911,42.361229]]","203","0 Hall Street, Medford","[[-71.104161,42.417374],[-71.099708,42.416849],[-71.096898,42.416193],[-71.093021,42.415603],[-71.084371,42.414117],[-71.084834,42.412437],[-71.084799,42.411001],[-71.081625,42.405548],[-71.081473,42.405078],[-71.081649,42.404666],[-71.081886,42.404084],[-71.082084,42.403486],[-71.083423,42.400013],[-71.085687,42.400651],[-71.093007,42.39923],[-71.095485,42.400052],[-71.094087,42.404637],[-71.099771,42.408299],[-71.101066,42.41296],[-71.103299,42.414751],[-71.104016,42.414769],[-71.104024,42.414904],[-71.1041,42.416355],[-71.104161,42.417374]]","07/31/2016 - 08/28/2016, Every day, Daily Average",505,303,841
"1116","Harborwalk, Waterfront, Boston","[[-71.062911,42.361229],[-71.061856,42.36243],[-71.058261,42.363697],[-71.057757,42.363616],[-71.056105,42.362402],[-71.05542,42.361957],[-71.054925,42.362046],[-71.053826,42.363303],[-71.052111,42.363676],[-71.051647,42.36311],[-71.0512,42.363712],[-71.05109,42.364175],[-71.046389,42.363935],[-71.045918,42.361164],[-71.0455,42.359825],[-71.045566,42.359733],[-71.049595,42.354497],[-71.05106,42.355131],[-71.050851,42.356671],[-71.052158,42.358666],[-71.053518,42.358356],[-71.055759,42.356913],[-71.05771,42.356777],[-71.058737,42.356988],[-71.05829,42.35741],[-71.06151,42.358336],[-71.062642,42.357977],[-71.062875,42.359483],[-71.062911,42.361229]]","204","0 Mohan Street, Everett","[[-71.052853,42.421177],[-71.050681,42.422763],[-71.042766,42.42341],[-71.040897,42.423492],[-71.042719,42.421463],[-71.044917,42.419008],[-71.046674,42.416982],[-71.048196,42.415147],[-71.049524,42.417336],[-71.049992,42.417725],[-71.05458,42.420034],[-71.052853,42.421177]]","07/31/2016 - 08/28/2016, Every day, Daily Average",1104,802,1518
"1116","Harborwalk, Waterfront, Boston","[[-71.062911,42.361229],[-71.061856,42.36243],[-71.058261,42.363697],[-71.057757,42.363616],[-71.056105,42.362402],[-71.05542,42.361957],[-71.054925,42.362046],[-71.053826,42.363303],[-71.052111,42.363676],[-71.051647,42.36311],[-71.0512,42.363712],[-71.05109,42.364175],[-71.046389,42.363935],[-71.045918,42.361164],[-71.0455,42.359825],[-71.045566,42.359733],[-71.049595,42.354497],[-71.05106,42.355131],[-71.050851,42.356671],[-71.052158,42.358666],[-71.053518,42.358356],[-71.055759,42.356913],[-71.05771,42.356777],[-71.058737,42.356988],[-71.05829,42.35741],[-71.06151,42.358336],[-71.062642,42.357977],[-71.062875,42.359483],[-71.062911,42.361229]]","205","0 Cutler Street, Magoun Square, Somerville","[[-71.11109,42.394013],[-71.110739,42.394497],[-71.108861,42.397193],[-71.110446,42.399318],[-71.11075,42.399703],[-71.104463,42.39758],[-71.10178,42.396649],[-71.103975,42.392357],[-71.101506,42.391148],[-71.102035,42.390402],[-71.10432,42.391691],[-71.105911,42.393136],[-71.106662,42.392069],[-71.111243,42.393767],[-71.11109,42.394013]]","07/31/2016 - 08/28/2016, Every day, Daily Average",828,574,1193
"1116","Harborwalk, Waterfront, Boston","[[-71.062911,42.361229],[-71.061856,42.36243],[-71.058261,42.363697],[-71.057757,42.363616],[-71.056105,42.362402],[-71.05542,42.361957],[-71.054925,42.362046],[-71.053826,42.363303],[-71.052111,42.363676],[-71.051647,42.36311],[-71.0512,42.363712],[-71.05109,42.364175],[-71.046389,42.363935],[-71.045918,42.361164],[-71.0455,42.359825],[-71.045566,42.359733],[-71.049595,42.354497],[-71.05106,42.355131],[-71.050851,42.356671],[-71.052158,42.358666],[-71.053518,42.358356],[-71.055759,42.356913],[-71.05771,42.356777],[-71.058737,42.356988],[-71.05829,42.35741],[-71.06151,42.358336],[-71.062642,42.357977],[-71.062875,42.359483],[-71.062911,42.361229]]","206","0 Claremon Street, Teele Square, Somerville","[[-71.130698,42.400943],[-71.128485,42.402746],[-71.128658,42.403998],[-71.127246,42.403293],[-71.126146,42.401039],[-71.124567,42.399034],[-71.124159,42.398518],[-71.123672,42.39792],[-71.122901,42.396991],[-71.125415,42.397559],[-71.127788,42.397506],[-71.128821,42.398695],[-71.130698,42.400943]]","07/31/2016 - 08/28/2016, Every day, Daily Average",1184,864,1622
"1116","Harborwalk, Waterfront, Boston","[[-71.062911,42.361229],[-71.061856,42.36243],[-71.058261,42.363697],[-71.057757,42.363616],[-71.056105,42.362402],[-71.05542,42.361957],[-71.054925,42.362046],[-71.053826,42.363303],[-71.052111,42.363676],[-71.051647,42.36311],[-71.0512,42.363712],[-71.05109,42.364175],[-71.046389,42.363935],[-71.045918,42.361164],[-71.0455,42.359825],[-71.045566,42.359733],[-71.049595,42.354497],[-71.05106,42.355131],[-71.050851,42.356671],[-71.052158,42.358666],[-71.053518,42.358356],[-71.055759,42.356913],[-71.05771,42.356777],[-71.058737,42.356988],[-71.05829,42.35741],[-71.06151,42.358336],[-71.062642,42.357977],[-71.062875,42.359483],[-71.062911,42.361229]]","207","0 Museum Way, East Cambridge, Cambridge","[[-71.08203,42.37365],[-71.080831,42.37422],[-71.072968,42.373342],[-71.072595,42.372597],[-71.070528,42.372378],[-71.067091,42.371843],[-71.064095,42.368997],[-71.069795,42.369097],[-71.070694,42.368067],[-71.070738,42.367995],[-71.073113,42.369131],[-71.074835,42.369935],[-71.075569,42.370361],[-71.07606,42.370713],[-71.078654,42.371934],[-71.081037,42.37315],[-71.08203,42.37365]]","07/31/2016 - 08/28/2016, Every day, Daily Average",469,221,995
"1116","Harborwalk, Waterfront, Boston","[[-71.062911,42.361229],[-71.061856,42.36243],[-71.058261,42.363697],[-71.057757,42.363616],[-71.056105,42.362402],[-71.05542,42.361957],[-71.054925,42.362046],[-71.053826,42.363303],[-71.052111,42.363676],[-71.051647,42.36311],[-71.0512,42.363712],[-71.05109,42.364175],[-71.046389,42.363935],[-71.045918,42.361164],[-71.0455,42.359825],[-71.045566,42.359733],[-71.049595,42.354497],[-71.05106,42.355131],[-71.050851,42.356671],[-71.052158,42.358666],[-71.053518,42.358356],[-71.055759,42.356913],[-71.05771,42.356777],[-71.058737,42.356988],[-71.05829,42.35741],[-71.06151,42.358336],[-71.062642,42.357977],[-71.062875,42.359483],[-71.062911,42.361229]]","208","0 Jefferson Street, Wellington-Harrington, Cambridge","[[-71.10157,42.374334],[-71.099477,42.374386],[-71.097416,42.374428],[-71.093745,42.374251],[-71.091466,42.374095],[-71.089522,42.373968],[-71.087506,42.373422],[-71.087866,42.372044],[-71.089733,42.372289],[-71.09182,42.372562],[-71.093279,42.372754],[-71.094488,42.372913],[-71.095322,42.373015],[-71.097119,42.373251],[-71.098106,42.373385],[-71.100834,42.373748],[-71.10157,42.374334]]","07/31/2016 - 08/28/2016, Every day, Daily Average",861,579,1279
"1116","Harborwalk, Waterfront, Boston","[[-71.062911,42.361229],[-71.061856,42.36243],[-71.058261,42.363697],[-71.057757,42.363616],[-71.056105,42.362402],[-71.05542,42.361957],[-71.054925,42.362046],[-71.053826,42.363303],[-71.052111,42.363676],[-71.051647,42.36311],[-71.0512,42.363712],[-71.05109,42.364175],[-71.046389,42.363935],[-71.045918,42.361164],[-71.0455,42.359825],[-71.045566,42.359733],[-71.049595,42.354497],[-71.05106,42.355131],[-71.050851,42.356671],[-71.052158,42.358666],[-71.053518,42.358356],[-71.055759,42.356913],[-71.05771,42.356777],[-71.058737,42.356988],[-71.05829,42.35741],[-71.06151,42.358336],[-71.062642,42.357977],[-71.062875,42.359483],[-71.062911,42.361229]]","209","100 Magazine Street, Cambridgeport, Cambridge","[[-71.116929,42.358716],[-71.113815,42.359196],[-71.11278,42.36013],[-71.110928,42.361735],[-71.110326,42.362214],[-71.109753,42.362716],[-71.108241,42.36405],[-71.106679,42.364557],[-71.105702,42.363979],[-71.104306,42.363136],[-71.106541,42.361085],[-71.107667,42.360057],[-71.109585,42.358263],[-71.112039,42.355995],[-71.110303,42.35512],[-71.110591,42.352585],[-71.111001,42.352597],[-71.117099,42.355594],[-71.116929,42.358716]]","07/31/2016 - 08/28/2016, Every day, Daily Average",1004,694,1451
"1116","Harborwalk, Waterfront, Boston","[[-71.062911,42.361229],[-71.061856,42.36243],[-71.058261,42.363697],[-71.057757,42.363616],[-71.056105,42.362402],[-71.05542,42.361957],[-71.054925,42.362046],[-71.053826,42.363303],[-71.052111,42.363676],[-71.051647,42.36311],[-71.0512,42.363712],[-71.05109,42.364175],[-71.046389,42.363935],[-71.045918,42.361164],[-71.0455,42.359825],[-71.045566,42.359733],[-71.049595,42.354497],[-71.05106,42.355131],[-71.050851,42.356671],[-71.052158,42.358666],[-71.053518,42.358356],[-71.055759,42.356913],[-71.05771,42.356777],[-71.058737,42.356988],[-71.05829,42.35741],[-71.06151,42.358336],[-71.062642,42.357977],[-71.062875,42.359483],[-71.062911,42.361229]]","210","0 Cowperthwaite Garage, Cowperthwaite Street, Riverside, Cambridge","[[-71.122454,42.369816],[-71.120151,42.372577],[-71.118364,42.371898],[-71.115954,42.371385],[-71.113905,42.370836],[-71.112607,42.369837],[-71.113348,42.370098],[-71.113448,42.369285],[-71.113512,42.368564],[-71.113508,42.367741],[-71.113578,42.365884],[-71.113901,42.364478],[-71.117193,42.364229],[-71.117197,42.367197],[-71.118497,42.368397],[-71.123168,42.36898],[-71.122454,42.369816]]","07/31/2016 - 08/28/2016, Every day, Daily Average",1001,677,1479
"1116","Harborwalk, Waterfront, Boston","[[-71.062911,42.361229],[-71.061856,42.36243],[-71.058261,42.363697],[-71.057757,42.363616],[-71.056105,42.362402],[-71.05542,42.361957],[-71.054925,42.362046],[-71.053826,42.363303],[-71.052111,42.363676],[-71.051647,42.36311],[-71.0512,42.363712],[-71.05109,42.364175],[-71.046389,42.363935],[-71.045918,42.361164],[-71.0455,42.359825],[-71.045566,42.359733],[-71.049595,42.354497],[-71.05106,42.355131],[-71.050851,42.356671],[-71.052158,42.358666],[-71.053518,42.358356],[-71.055759,42.356913],[-71.05771,42.356777],[-71.058737,42.356988],[-71.05829,42.35741],[-71.06151,42.358336],[-71.062642,42.357977],[-71.062875,42.359483],[-71.062911,42.361229]]","211","0 Haskell Street, North Cambridge, Cambridge","[[-71.13081,42.393601],[-71.130854,42.395785],[-71.130905,42.397743],[-71.130905,42.397903],[-71.130319,42.397395],[-71.129463,42.396627],[-71.128744,42.39601],[-71.125015,42.392649],[-71.123934,42.391723],[-71.123323,42.391332],[-71.124703,42.389381],[-71.127685,42.389851],[-71.129006,42.390072],[-71.130342,42.390303],[-71.131037,42.393383],[-71.13081,42.393601]]","07/31/2016 - 08/28/2016, Every day, Daily Average",1304,971,1749
"1116","Harborwalk, Waterfront, Boston","[[-71.062911,42.361229],[-71.061856,42.36243],[-71.058261,42.363697],[-71.057757,42.363616],[-71.056105,42.362402],[-71.05542,42.361957],[-71.054925,42.362046],[-71.053826,42.363303],[-71.052111,42.363676],[-71.051647,42.36311],[-71.0512,42.363712],[-71.05109,42.364175],[-71.046389,42.363935],[-71.045918,42.361164],[-71.0455,42.359825],[-71.045566,42.359733],[-71.049595,42.354497],[-71.05106,42.355131],[-71.050851,42.356671],[-71.052158,42.358666],[-71.053518,42.358356],[-71.055759,42.356913],[-71.05771,42.356777],[-71.058737,42.356988],[-71.05829,42.35741],[-71.06151,42.358336],[-71.062642,42.357977],[-71.062875,42.359483],[-71.062911,42.361229]]","212","100 Claremont Avenue, Arlington","[[-71.189998,42.418804],[-71.188863,42.420066],[-71.188279,42.421739],[-71.183507,42.423435],[-71.183442,42.423605],[-71.182167,42.425551],[-71.180663,42.425532],[-71.175577,42.426034],[-71.174442,42.423209],[-71.172515,42.421769],[-71.174192,42.421187],[-71.17588,42.418825],[-71.178797,42.416353],[-71.178978,42.415391],[-71.1796,42.414455],[-71.181398,42.412973],[-71.181952,42.412665],[-71.183712,42.411374],[-71.184547,42.411646],[-71.187221,42.41495],[-71.188772,42.416826],[-71.189168,42.417567],[-71.189998,42.418804]]","07/31/2016 - 08/28/2016, Every day, Daily Average",1277,978,1667
"1116","Harborwalk, Waterfront, Boston","[[-71.062911,42.361229],[-71.061856,42.36243],[-71.058261,42.363697],[-71.057757,42.363616],[-71.056105,42.362402],[-71.05542,42.361957],[-71.054925,42.362046],[-71.053826,42.363303],[-71.052111,42.363676],[-71.051647,42.36311],[-71.0512,42.363712],[-71.05109,42.364175],[-71.046389,42.363935],[-71.045918,42.361164],[-71.0455,42.359825],[-71.045566,42.359733],[-71.049595,42.354497],[-71.05106,42.355131],[-71.050851,42.356671],[-71.052158,42.358666],[-71.053518,42.358356],[-71.055759,42.356913],[-71.05771,42.356777],[-71.058737,42.356988],[-71.05829,42.35741],[-71.06151,42.358336],[-71.062642,42.357977],[-71.062875,42.359483],[-71.062911,42.361229]]","213","0 Gorham Road, Belmont","[[-71.181057,42.38131],[-71.180044,42.382483],[-71.179305,42.387072],[-71.178776,42.387694],[-71.178269,42.387149],[-71.175248,42.385062],[-71.174932,42.386245],[-71.171645,42.38654],[-71.169405,42.386436],[-71.170777,42.383199],[-71.175015,42.381863],[-71.174593,42.380509],[-71.175599,42.379436],[-71.179495,42.380195],[-71.181088,42.38025],[-71.181057,42.38131]]","07/31/2016 - 08/28/2016, Every day, Daily Average",1441,1069,1941
"1116","Harborwalk, Waterfront, Boston","[[-71.062911,42.361229],[-71.061856,42.36243],[-71.058261,42.363697],[-71.057757,42.363616],[-71.056105,42.362402],[-71.05542,42.361957],[-71.054925,42.362046],[-71.053826,42.363303],[-71.052111,42.363676],[-71.051647,42.36311],[-71.0512,42.363712],[-71.05109,42.364175],[-71.046389,42.363935],[-71.045918,42.361164],[-71.0455,42.359825],[-71.045566,42.359733],[-71.049595,42.354497],[-71.05106,42.355131],[-71.050851,42.356671],[-71.052158,42.358666],[-71.053518,42.358356],[-71.055759,42.356913],[-71.05771,42.356777],[-71.058737,42.356988],[-71.05829,42.35741],[-71.06151,42.358336],[-71.062642,42.357977],[-71.062875,42.359483],[-71.062911,42.361229]]","214","0 Valley View Road, Weston","[[-71.335878,42.393942],[-71.334549,42.396107],[-71.321524,42.392683],[-71.319859,42.392874],[-71.317685,42.392121],[-71.315244,42.39348],[-71.313524,42.39628],[-71.312223,42.395824],[-71.310936,42.397824],[-71.309799,42.399588],[-71.29952,42.401273],[-71.293482,42.40222],[-71.289728,42.401028],[-71.283233,42.398983],[-71.282825,42.399728],[-71.279583,42.398752],[-71.276172,42.392916],[-71.267733,42.390133],[-71.276009,42.375886],[-71.277251,42.37555],[-71.285329,42.37222],[-71.289403,42.371583],[-71.29566,42.371763],[-71.298392,42.372261],[-71.300053,42.372074],[-71.305758,42.372218],[-71.311357,42.370539],[-71.313796,42.370077],[-71.332931,42.367813],[-71.334986,42.386237],[-71.335878,42.393942]]","07/31/2016 - 08/28/2016, Every day, Daily Average",1796,1453,2219
"1116","Harborwalk, Waterfront, Boston","[[-71.062911,42.361229],[-71.061856,42.36243],[-71.058261,42.363697],[-71.057757,42.363616],[-71.056105,42.362402],[-71.05542,42.361957],[-71.054925,42.362046],[-71.053826,42.363303],[-71.052111,42.363676],[-71.051647,42.36311],[-71.0512,42.363712],[-71.05109,42.364175],[-71.046389,42.363935],[-71.045918,42.361164],[-71.0455,42.359825],[-71.045566,42.359733],[-71.049595,42.354497],[-71.05106,42.355131],[-71.050851,42.356671],[-71.052158,42.358666],[-71.053518,42.358356],[-71.055759,42.356913],[-71.05771,42.356777],[-71.058737,42.356988],[-71.05829,42.35741],[-71.06151,42.358336],[-71.062642,42.357977],[-71.062875,42.359483],[-71.062911,42.361229]]","215","0 Rose Avenue, Watertown","[[-71.205332,42.376519],[-71.202853,42.378595],[-71.198462,42.382465],[-71.194177,42.386031],[-71.192801,42.384559],[-71.189159,42.380717],[-71.190503,42.379867],[-71.189883,42.379202],[-71.18804,42.377353],[-71.191541,42.374945],[-71.189376,42.37429],[-71.190597,42.372658],[-71.190891,42.371604],[-71.194368,42.372731],[-71.195332,42.371011],[-71.199414,42.371987],[-71.201127,42.372796],[-71.203133,42.373318],[-71.208515,42.37385],[-71.205332,42.376519]]","07/31/2016 - 08/28/2016, Every day, Daily Average",1313,1034,1666
"1116","Harborwalk, Waterfront, Boston","[[-71.062911,42.361229],[-71.061856,42.36243],[-71.058261,42.363697],[-71.057757,42.363616],[-71.056105,42.362402],[-71.05542,42.361957],[-71.054925,42.362046],[-71.053826,42.363303],[-71.052111,42.363676],[-71.051647,42.36311],[-71.0512,42.363712],[-71.05109,42.364175],[-71.046389,42.363935],[-71.045918,42.361164],[-71.0455,42.359825],[-71.045566,42.359733],[-71.049595,42.354497],[-71.05106,42.355131],[-71.050851,42.356671],[-71.052158,42.358666],[-71.053518,42.358356],[-71.055759,42.356913],[-71.05771,42.356777],[-71.058737,42.356988],[-71.05829,42.35741],[-71.06151,42.358336],[-71.062642,42.357977],[-71.062875,42.359483],[-71.062911,42.361229]]","216","200 Cabot Street, Newtonville, Newton","[[-71.210699,42.34913],[-71.210803,42.350556],[-71.206481,42.351217],[-71.202044,42.352284],[-71.196806,42.353808],[-71.195494,42.351674],[-71.192857,42.351306],[-71.195278,42.347043],[-71.19385,42.345043],[-71.196274,42.343436],[-71.198697,42.343198],[-71.199547,42.345009],[-71.205756,42.344207],[-71.205922,42.343759],[-71.211239,42.344185],[-71.210699,42.34913]]","07/31/2016 - 08/28/2016, Every day, Daily Average",1334,901,1974
"1116","Harborwalk, Waterfront, Boston","[[-71.062911,42.361229],[-71.061856,42.36243],[-71.058261,42.363697],[-71.057757,42.363616],[-71.056105,42.362402],[-71.05542,42.361957],[-71.054925,42.362046],[-71.053826,42.363303],[-71.052111,42.363676],[-71.051647,42.36311],[-71.0512,42.363712],[-71.05109,42.364175],[-71.046389,42.363935],[-71.045918,42.361164],[-71.0455,42.359825],[-71.045566,42.359733],[-71.049595,42.354497],[-71.05106,42.355131],[-71.050851,42.356671],[-71.052158,42.358666],[-71.053518,42.358356],[-71.055759,42.356913],[-71.05771,42.356777],[-71.058737,42.356988],[-71.05829,42.35741],[-71.06151,42.358336],[-71.062642,42.357977],[-71.062875,42.359483],[-71.062911,42.361229]]","217","0 Hartford Street, Natick","[[-71.402518,42.293251],[-71.393325,42.298769],[-71.387817,42.301798],[-71.383191,42.307777],[-71.381648,42.303993],[-71.377919,42.297528],[-71.376841,42.296214],[-71.376621,42.292618],[-71.375199,42.28787],[-71.375381,42.283805],[-71.375864,42.282574],[-71.380586,42.282496],[-71.387979,42.282082],[-71.390612,42.281911],[-71.392335,42.281779],[-71.394969,42.281555],[-71.399391,42.280607],[-71.399631,42.281143],[-71.401712,42.289933],[-71.402125,42.291656],[-71.402518,42.293251]]","07/31/2016 - 08/28/2016, Every day, Daily Average",1982,1594,2463
"1116","Harborwalk, Waterfront, Boston","[[-71.062911,42.361229],[-71.061856,42.36243],[-71.058261,42.363697],[-71.057757,42.363616],[-71.056105,42.362402],[-71.05542,42.361957],[-71.054925,42.362046],[-71.053826,42.363303],[-71.052111,42.363676],[-71.051647,42.36311],[-71.0512,42.363712],[-71.05109,42.364175],[-71.046389,42.363935],[-71.045918,42.361164],[-71.0455,42.359825],[-71.045566,42.359733],[-71.049595,42.354497],[-71.05106,42.355131],[-71.050851,42.356671],[-71.052158,42.358666],[-71.053518,42.358356],[-71.055759,42.356913],[-71.05771,42.356777],[-71.058737,42.356988],[-71.05829,42.35741],[-71.06151,42.358336],[-71.062642,42.357977],[-71.062875,42.359483],[-71.062911,42.361229]]","220","100 Coolidge Street, North Brookline, Brookline","[[-71.134254,42.346577],[-71.133381,42.347122],[-71.129746,42.34885],[-71.12858,42.349696],[-71.126215,42.350412],[-71.124216,42.351525],[-71.123522,42.351461],[-71.123859,42.349649],[-71.12416,42.34895],[-71.12114,42.34848],[-71.12167,42.3461],[-71.122444,42.344246],[-71.12327,42.34339],[-71.12718,42.34542],[-71.12874,42.3438],[-71.135155,42.346023],[-71.134254,42.346577]]","07/31/2016 - 08/28/2016, Every day, Daily Average",1222,896,1666
"1116","Harborwalk, Waterfront, Boston","[[-71.062911,42.361229],[-71.061856,42.36243],[-71.058261,42.363697],[-71.057757,42.363616],[-71.056105,42.362402],[-71.05542,42.361957],[-71.054925,42.362046],[-71.053826,42.363303],[-71.052111,42.363676],[-71.051647,42.36311],[-71.0512,42.363712],[-71.05109,42.364175],[-71.046389,42.363935],[-71.045918,42.361164],[-71.0455,42.359825],[-71.045566,42.359733],[-71.049595,42.354497],[-71.05106,42.355131],[-71.050851,42.356671],[-71.052158,42.358666],[-71.053518,42.358356],[-71.055759,42.356913],[-71.05771,42.356777],[-71.058737,42.356988],[-71.05829,42.35741],[-71.06151,42.358336],[-71.062642,42.357977],[-71.062875,42.359483],[-71.062911,42.361229]]","221","0 Colbourne Crescent, Aspinwall Hill, Brookline","[[-71.138787,42.338361],[-71.137211,42.338727],[-71.1352,42.33923],[-71.134429,42.339406],[-71.130171,42.3396],[-71.123616,42.341364],[-71.12508,42.33731],[-71.126351,42.336949],[-71.128024,42.336319],[-71.12806,42.33561],[-71.12882,42.33546],[-71.131323,42.332939],[-71.13257,42.33273],[-71.133678,42.334581],[-71.13844,42.33736],[-71.138555,42.337692],[-71.138787,42.338361]]","07/31/2016 - 08/28/2016, Every day, Daily Average",1309,954,1794
"1116","Harborwalk, Waterfront, Boston","[[-71.062911,42.361229],[-71.061856,42.36243],[-71.058261,42.363697],[-71.057757,42.363616],[-71.056105,42.362402],[-71.05542,42.361957],[-71.054925,42.362046],[-71.053826,42.363303],[-71.052111,42.363676],[-71.051647,42.36311],[-71.0512,42.363712],[-71.05109,42.364175],[-71.046389,42.363935],[-71.045918,42.361164],[-71.0455,42.359825],[-71.045566,42.359733],[-71.049595,42.354497],[-71.05106,42.355131],[-71.050851,42.356671],[-71.052158,42.358666],[-71.053518,42.358356],[-71.055759,42.356913],[-71.05771,42.356777],[-71.058737,42.356988],[-71.05829,42.35741],[-71.06151,42.358336],[-71.062642,42.357977],[-71.062875,42.359483],[-71.062911,42.361229]]","222","0 Walnut Place, High Street Hill, Brookline","[[-71.1283,42.3297],[-71.12607,42.3301],[-71.11774,42.33161],[-71.11775,42.33153],[-71.11778,42.33119],[-71.11834,42.32935],[-71.115079,42.328486],[-71.115008,42.328209],[-71.115589,42.326803],[-71.116871,42.323767],[-71.119539,42.322745],[-71.12003,42.32296],[-71.12471,42.32611],[-71.12679,42.32682],[-71.1283,42.3297]]","07/31/2016 - 08/28/2016, Every day, Daily Average",1298,940,1791
"1116","Harborwalk, Waterfront, Boston","[[-71.062911,42.361229],[-71.061856,42.36243],[-71.058261,42.363697],[-71.057757,42.363616],[-71.056105,42.362402],[-71.05542,42.361957],[-71.054925,42.362046],[-71.053826,42.363303],[-71.052111,42.363676],[-71.051647,42.36311],[-71.0512,42.363712],[-71.05109,42.364175],[-71.046389,42.363935],[-71.045918,42.361164],[-71.0455,42.359825],[-71.045566,42.359733],[-71.049595,42.354497],[-71.05106,42.355131],[-71.050851,42.356671],[-71.052158,42.358666],[-71.053518,42.358356],[-71.055759,42.356913],[-71.05771,42.356777],[-71.058737,42.356988],[-71.05829,42.35741],[-71.06151,42.358336],[-71.062642,42.357977],[-71.062875,42.359483],[-71.062911,42.361229]]","223","0 Berkshire Road, Babson Park, Wellesley","[[-71.291957,42.307135],[-71.28708,42.30807],[-71.27712,42.31198],[-71.274559,42.313502],[-71.273818,42.31307],[-71.269221,42.314561],[-71.26729,42.31474],[-71.2633,42.31076],[-71.26149,42.30841],[-71.25821,42.30799],[-71.25511,42.30889],[-71.25574,42.30694],[-71.25329,42.30525],[-71.25542,42.30209],[-71.25541,42.300632],[-71.259199,42.297976],[-71.269408,42.290837],[-71.27116,42.29229],[-71.27526,42.29473],[-71.27558,42.294507],[-71.275786,42.295126],[-71.27985,42.298752],[-71.286067,42.297754],[-71.285538,42.298246],[-71.285057,42.300994],[-71.287043,42.302431],[-71.28767,42.3032],[-71.291957,42.307135]]","07/31/2016 - 08/28/2016, Every day, Daily Average",1754,1353,2272
"1116","Harborwalk, Waterfront, Boston","[[-71.062911,42.361229],[-71.061856,42.36243],[-71.058261,42.363697],[-71.057757,42.363616],[-71.056105,42.362402],[-71.05542,42.361957],[-71.054925,42.362046],[-71.053826,42.363303],[-71.052111,42.363676],[-71.051647,42.36311],[-71.0512,42.363712],[-71.05109,42.364175],[-71.046389,42.363935],[-71.045918,42.361164],[-71.0455,42.359825],[-71.045566,42.359733],[-71.049595,42.354497],[-71.05106,42.355131],[-71.050851,42.356671],[-71.052158,42.358666],[-71.053518,42.358356],[-71.055759,42.356913],[-71.05771,42.356777],[-71.058737,42.356988],[-71.05829,42.35741],[-71.06151,42.358336],[-71.062642,42.357977],[-71.062875,42.359483],[-71.062911,42.361229]]","225","0 Longmeadow Drive, Westwood","[[-71.24727,42.214374],[-71.232237,42.256898],[-71.232273,42.258012],[-71.232404,42.258477],[-71.231739,42.259283],[-71.207798,42.244398],[-71.205571,42.242961],[-71.186071,42.22863],[-71.18987,42.22731],[-71.19272,42.22373],[-71.1955,42.22218],[-71.19869,42.2213],[-71.20256,42.22095],[-71.20548,42.22102],[-71.21294,42.22205],[-71.21563,42.22303],[-71.22236,42.22496],[-71.22543,42.22245],[-71.2294,42.220405],[-71.2346,42.21816],[-71.236379,42.217011],[-71.23715,42.21663],[-71.23911,42.21597],[-71.243,42.21476],[-71.24727,42.214374]]","07/31/2016 - 08/28/2016, Every day, Daily Average",2058,1626,2604
"1116","Harborwalk, Waterfront, Boston","[[-71.062911,42.361229],[-71.061856,42.36243],[-71.058261,42.363697],[-71.057757,42.363616],[-71.056105,42.362402],[-71.05542,42.361957],[-71.054925,42.362046],[-71.053826,42.363303],[-71.052111,42.363676],[-71.051647,42.36311],[-71.0512,42.363712],[-71.05109,42.364175],[-71.046389,42.363935],[-71.045918,42.361164],[-71.0455,42.359825],[-71.045566,42.359733],[-71.049595,42.354497],[-71.05106,42.355131],[-71.050851,42.356671],[-71.052158,42.358666],[-71.053518,42.358356],[-71.055759,42.356913],[-71.05771,42.356777],[-71.058737,42.356988],[-71.05829,42.35741],[-71.06151,42.358336],[-71.062642,42.357977],[-71.062875,42.359483],[-71.062911,42.361229]]","226","0 Everett Avenue, Norwood","[[-71.217,42.18712],[-71.215222,42.18925],[-71.21495,42.18973],[-71.21272,42.19108],[-71.20943,42.19238],[-71.20889,42.19251],[-71.20448,42.19582],[-71.20259,42.19659],[-71.20107,42.19527],[-71.2004,42.19486],[-71.19904,42.19398],[-71.197903,42.193416],[-71.199114,42.190114],[-71.201786,42.183504],[-71.204236,42.181659],[-71.204101,42.18238],[-71.2129,42.18331],[-71.21628,42.18691],[-71.217,42.18712]]","07/31/2016 - 08/28/2016, Every day, Daily Average",2038,1635,2539
"1116","Harborwalk, Waterfront, Boston","[[-71.062911,42.361229],[-71.061856,42.36243],[-71.058261,42.363697],[-71.057757,42.363616],[-71.056105,42.362402],[-71.05542,42.361957],[-71.054925,42.362046],[-71.053826,42.363303],[-71.052111,42.363676],[-71.051647,42.36311],[-71.0512,42.363712],[-71.05109,42.364175],[-71.046389,42.363935],[-71.045918,42.361164],[-71.0455,42.359825],[-71.045566,42.359733],[-71.049595,42.354497],[-71.05106,42.355131],[-71.050851,42.356671],[-71.052158,42.358666],[-71.053518,42.358356],[-71.055759,42.356913],[-71.05771,42.356777],[-71.058737,42.356988],[-71.05829,42.35741],[-71.06151,42.358336],[-71.062642,42.357977],[-71.062875,42.359483],[-71.062911,42.361229]]","227","1100 Commonwealth Avenue, Allston, Boston","[[-71.132106,42.353061],[-71.130167,42.352828],[-71.128344,42.352604],[-71.125024,42.352236],[-71.124236,42.352242],[-71.12126,42.351872],[-71.121311,42.351675],[-71.122901,42.351867],[-71.123522,42.351461],[-71.124216,42.351525],[-71.126215,42.350412],[-71.12858,42.349696],[-71.129746,42.34885],[-71.130033,42.349218],[-71.130868,42.350136],[-71.131071,42.350499],[-71.131447,42.351154],[-71.132106,42.353061]]","07/31/2016 - 08/28/2016, Every day, Daily Average",1174,831,1657
"1116","Harborwalk, Waterfront, Boston","[[-71.062911,42.361229],[-71.061856,42.36243],[-71.058261,42.363697],[-71.057757,42.363616],[-71.056105,42.362402],[-71.05542,42.361957],[-71.054925,42.362046],[-71.053826,42.363303],[-71.052111,42.363676],[-71.051647,42.36311],[-71.0512,42.363712],[-71.05109,42.364175],[-71.046389,42.363935],[-71.045918,42.361164],[-71.0455,42.359825],[-71.045566,42.359733],[-71.049595,42.354497],[-71.05106,42.355131],[-71.050851,42.356671],[-71.052158,42.358666],[-71.053518,42.358356],[-71.055759,42.356913],[-71.05771,42.356777],[-71.058737,42.356988],[-71.05829,42.35741],[-71.06151,42.358336],[-71.062642,42.357977],[-71.062875,42.359483],[-71.062911,42.361229]]","228","200 Central Avenue, Milton","[[-71.09377,42.26587],[-71.093737,42.267107],[-71.090468,42.26645],[-71.089403,42.26969],[-71.085948,42.269292],[-71.083552,42.268566],[-71.075922,42.270332],[-71.073264,42.270317],[-71.07256,42.270605],[-71.068139,42.271003],[-71.06789,42.27036],[-71.06655,42.26669],[-71.063155,42.263751],[-71.0611,42.26244],[-71.05937,42.261951],[-71.061158,42.259207],[-71.06319,42.26014],[-71.07459,42.25982],[-71.078,42.2587],[-71.08121,42.25827],[-71.08161,42.25842],[-71.08297,42.25873],[-71.08434,42.25925],[-71.08698,42.25796],[-71.08747,42.25838],[-71.09086,42.25945],[-71.09348,42.25893],[-71.09348,42.2604],[-71.09347,42.26242],[-71.093499,42.263303],[-71.0938,42.26506],[-71.09377,42.26587]]","07/31/2016 - 08/28/2016, Every day, Daily Average",1236,877,1740
"1116","Harborwalk, Waterfront, Boston","[[-71.062911,42.361229],[-71.061856,42.36243],[-71.058261,42.363697],[-71.057757,42.363616],[-71.056105,42.362402],[-71.05542,42.361957],[-71.054925,42.362046],[-71.053826,42.363303],[-71.052111,42.363676],[-71.051647,42.36311],[-71.0512,42.363712],[-71.05109,42.364175],[-71.046389,42.363935],[-71.045918,42.361164],[-71.0455,42.359825],[-71.045566,42.359733],[-71.049595,42.354497],[-71.05106,42.355131],[-71.050851,42.356671],[-71.052158,42.358666],[-71.053518,42.358356],[-71.055759,42.356913],[-71.05771,42.356777],[-71.058737,42.356988],[-71.05829,42.35741],[-71.06151,42.358336],[-71.062642,42.357977],[-71.062875,42.359483],[-71.062911,42.361229]]","229","100 Main Street, Quincy","[[-70.999274,42.245841],[-70.99743,42.24711],[-70.996,42.24738],[-70.993795,42.248737],[-70.99314,42.24978],[-70.9922,42.24965],[-70.98885,42.2491],[-70.98643,42.24899],[-70.98499,42.24871],[-70.982507,42.248104],[-70.983706,42.243398],[-70.98483,42.24398],[-70.98693,42.24434],[-70.99026,42.24374],[-70.992558,42.244266],[-70.99595,42.24276],[-71.00019,42.24541],[-70.999274,42.245841]]","07/31/2016 - 08/28/2016, Every day, Daily Average",1489,1093,2028
"1116","Harborwalk, Waterfront, Boston","[[-71.062911,42.361229],[-71.061856,42.36243],[-71.058261,42.363697],[-71.057757,42.363616],[-71.056105,42.362402],[-71.05542,42.361957],[-71.054925,42.362046],[-71.053826,42.363303],[-71.052111,42.363676],[-71.051647,42.36311],[-71.0512,42.363712],[-71.05109,42.364175],[-71.046389,42.363935],[-71.045918,42.361164],[-71.0455,42.359825],[-71.045566,42.359733],[-71.049595,42.354497],[-71.05106,42.355131],[-71.050851,42.356671],[-71.052158,42.358666],[-71.053518,42.358356],[-71.055759,42.356913],[-71.05771,42.356777],[-71.058737,42.356988],[-71.05829,42.35741],[-71.06151,42.358336],[-71.062642,42.357977],[-71.062875,42.359483],[-71.062911,42.361229]]","230","0 Saddle Row, Plainville","[[-71.381437,42.000011],[-71.381401,42.018798],[-71.347418,42.028543],[-71.319549,42.036421],[-71.31405,42.037978],[-71.305379,42.040462],[-71.304451,42.040674],[-71.289083,42.045041],[-71.288692,42.030085],[-71.288265,42.014462],[-71.288263,42.014379],[-71.303574,42.008548],[-71.326879,41.999742],[-71.338795,41.995092],[-71.342822,41.993546],[-71.364138,41.985295],[-71.381466,41.984998],[-71.381437,42.000011]]","07/31/2016 - 08/28/2016, Every day, Daily Average",2727,2066,3599
"1116","Harborwalk, Waterfront, Boston","[[-71.062911,42.361229],[-71.061856,42.36243],[-71.058261,42.363697],[-71.057757,42.363616],[-71.056105,42.362402],[-71.05542,42.361957],[-71.054925,42.362046],[-71.053826,42.363303],[-71.052111,42.363676],[-71.051647,42.36311],[-71.0512,42.363712],[-71.05109,42.364175],[-71.046389,42.363935],[-71.045918,42.361164],[-71.0455,42.359825],[-71.045566,42.359733],[-71.049595,42.354497],[-71.05106,42.355131],[-71.050851,42.356671],[-71.052158,42.358666],[-71.053518,42.358356],[-71.055759,42.356913],[-71.05771,42.356777],[-71.058737,42.356988],[-71.05829,42.35741],[-71.06151,42.358336],[-71.062642,42.357977],[-71.062875,42.359483],[-71.062911,42.361229]]","232","0 Free Street, Hingham","[[-70.91485,42.224408],[-70.914886,42.225109],[-70.912869,42.224924],[-70.912464,42.225065],[-70.910631,42.223394],[-70.907363,42.222468],[-70.898365,42.222358],[-70.894122,42.221651],[-70.891484,42.222828],[-70.890712,42.223948],[-70.890298,42.224671],[-70.886442,42.225325],[-70.88626,42.225104],[-70.886137,42.225384],[-70.885697,42.228267],[-70.882366,42.228629],[-70.876101,42.229089],[-70.876849,42.231528],[-70.876523,42.23497],[-70.872223,42.234622],[-70.873191,42.233612],[-70.871454,42.227728],[-70.873747,42.222711],[-70.869708,42.219181],[-70.871521,42.215851],[-70.871684,42.213665],[-70.869234,42.20928],[-70.870155,42.205839],[-70.869123,42.202899],[-70.872277,42.202533],[-70.877441,42.204996],[-70.883954,42.205217],[-70.892118,42.204213],[-70.899776,42.202038],[-70.901431,42.202961],[-70.906254,42.208565],[-70.91179,42.211455],[-70.911885,42.21335],[-70.913602,42.214625],[-70.916269,42.214974],[-70.91485,42.224408]]","07/31/2016 - 08/28/2016, Every day, Daily Average",1974,1567,2485
"1116","Harborwalk, Waterfront, Boston","[[-71.062911,42.361229],[-71.061856,42.36243],[-71.058261,42.363697],[-71.057757,42.363616],[-71.056105,42.362402],[-71.05542,42.361957],[-71.054925,42.362046],[-71.053826,42.363303],[-71.052111,42.363676],[-71.051647,42.36311],[-71.0512,42.363712],[-71.05109,42.364175],[-71.046389,42.363935],[-71.045918,42.361164],[-71.0455,42.359825],[-71.045566,42.359733],[-71.049595,42.354497],[-71.05106,42.355131],[-71.050851,42.356671],[-71.052158,42.358666],[-71.053518,42.358356],[-71.055759,42.356913],[-71.05771,42.356777],[-71.058737,42.356988],[-71.05829,42.35741],[-71.06151,42.358336],[-71.062642,42.357977],[-71.062875,42.359483],[-71.062911,42.361229]]","237","Fall River Expressway, Brockton","[[-71.074206,42.069116],[-71.062306,42.071126],[-71.054039,42.072478],[-71.05384,42.071132],[-71.050346,42.070774],[-71.049798,42.068066],[-71.050637,42.067631],[-71.045756,42.059701],[-71.045562,42.055867],[-71.044106,42.05333],[-71.044295,42.052832],[-71.058041,42.051126],[-71.069498,42.049715],[-71.071184,42.056468],[-71.074206,42.069116]]","07/31/2016 - 08/28/2016, Every day, Daily Average",2028,1535,2679
"1116","Harborwalk, Waterfront, Boston","[[-71.062911,42.361229],[-71.061856,42.36243],[-71.058261,42.363697],[-71.057757,42.363616],[-71.056105,42.362402],[-71.05542,42.361957],[-71.054925,42.362046],[-71.053826,42.363303],[-71.052111,42.363676],[-71.051647,42.36311],[-71.0512,42.363712],[-71.05109,42.364175],[-71.046389,42.363935],[-71.045918,42.361164],[-71.0455,42.359825],[-71.045566,42.359733],[-71.049595,42.354497],[-71.05106,42.355131],[-71.050851,42.356671],[-71.052158,42.358666],[-71.053518,42.358356],[-71.055759,42.356913],[-71.05771,42.356777],[-71.058737,42.356988],[-71.05829,42.35741],[-71.06151,42.358336],[-71.062642,42.357977],[-71.062875,42.359483],[-71.062911,42.361229]]","241","100 Colborne Road, Brighton, Boston","[[-71.154734,42.341206],[-71.153462,42.343183],[-71.153274,42.34465],[-71.153072,42.345106],[-71.15291,42.345645],[-71.153067,42.346154],[-71.152446,42.346096],[-71.151235,42.345813],[-71.149755,42.348185],[-71.149047,42.347457],[-71.146238,42.346106],[-71.145049,42.344963],[-71.144543,42.344623],[-71.143109,42.343878],[-71.144358,42.342526],[-71.145923,42.341897],[-71.147007,42.341782],[-71.148633,42.341814],[-71.149972,42.341466],[-71.151382,42.340423],[-71.153778,42.340855],[-71.154734,42.341206]]","07/31/2016 - 08/28/2016, Every day, Daily Average",1413,1094,1823
"1116","Harborwalk, Waterfront, Boston","[[-71.062911,42.361229],[-71.061856,42.36243],[-71.058261,42.363697],[-71.057757,42.363616],[-71.056105,42.362402],[-71.05542,42.361957],[-71.054925,42.362046],[-71.053826,42.363303],[-71.052111,42.363676],[-71.051647,42.36311],[-71.0512,42.363712],[-71.05109,42.364175],[-71.046389,42.363935],[-71.045918,42.361164],[-71.0455,42.359825],[-71.045566,42.359733],[-71.049595,42.354497],[-71.05106,42.355131],[-71.050851,42.356671],[-71.052158,42.358666],[-71.053518,42.358356],[-71.055759,42.356913],[-71.05771,42.356777],[-71.058737,42.356988],[-71.05829,42.35741],[-71.06151,42.358336],[-71.062642,42.357977],[-71.062875,42.359483],[-71.062911,42.361229]]","242","0 Park Street, Charlestown, Boston","[[-71.064063,42.3724],[-71.061873,42.375951],[-71.061235,42.377154],[-71.060492,42.376923],[-71.060008,42.376072],[-71.058033,42.374405],[-71.058353,42.373706],[-71.058772,42.371876],[-71.05718,42.37235],[-71.054995,42.370697],[-71.057141,42.369982],[-71.059795,42.368767],[-71.061079,42.370578],[-71.061885,42.371107],[-71.064063,42.3724]]","07/31/2016 - 08/28/2016, Every day, Daily Average",414,260,657
"1116","Harborwalk, Waterfront, Boston","[[-71.062911,42.361229],[-71.061856,42.36243],[-71.058261,42.363697],[-71.057757,42.363616],[-71.056105,42.362402],[-71.05542,42.361957],[-71.054925,42.362046],[-71.053826,42.363303],[-71.052111,42.363676],[-71.051647,42.36311],[-71.0512,42.363712],[-71.05109,42.364175],[-71.046389,42.363935],[-71.045918,42.361164],[-71.0455,42.359825],[-71.045566,42.359733],[-71.049595,42.354497],[-71.05106,42.355131],[-71.050851,42.356671],[-71.052158,42.358666],[-71.053518,42.358356],[-71.055759,42.356913],[-71.05771,42.356777],[-71.058737,42.356988],[-71.05829,42.35741],[-71.06151,42.358336],[-71.062642,42.357977],[-71.062875,42.359483],[-71.062911,42.361229]]","243","0 San Juan Street, South End, Boston","[[-71.076592,42.341336],[-71.075349,42.341991],[-71.074586,42.342408],[-71.073755,42.342831],[-71.073157,42.34316],[-71.071863,42.343833],[-71.071584,42.343976],[-71.070205,42.344864],[-71.069855,42.345266],[-71.06593,42.343936],[-71.068084,42.342014],[-71.068782,42.341661],[-71.069671,42.341343],[-71.070707,42.34079],[-71.072075,42.341286],[-71.071826,42.340056],[-71.072504,42.339615],[-71.074995,42.337931],[-71.075269,42.339211],[-71.077372,42.340931],[-71.076592,42.341336]]","07/31/2016 - 08/28/2016, Every day, Daily Average",716,476,1075
"1116","Harborwalk, Waterfront, Boston","[[-71.062911,42.361229],[-71.061856,42.36243],[-71.058261,42.363697],[-71.057757,42.363616],[-71.056105,42.362402],[-71.05542,42.361957],[-71.054925,42.362046],[-71.053826,42.363303],[-71.052111,42.363676],[-71.051647,42.36311],[-71.0512,42.363712],[-71.05109,42.364175],[-71.046389,42.363935],[-71.045918,42.361164],[-71.0455,42.359825],[-71.045566,42.359733],[-71.049595,42.354497],[-71.05106,42.355131],[-71.050851,42.356671],[-71.052158,42.358666],[-71.053518,42.358356],[-71.055759,42.356913],[-71.05771,42.356777],[-71.058737,42.356988],[-71.05829,42.35741],[-71.06151,42.358336],[-71.062642,42.357977],[-71.062875,42.359483],[-71.062911,42.361229]]","244","500 Columbus Avenue, South End, Boston","[[-71.084681,42.340293],[-71.083151,42.341622],[-71.08078,42.343744],[-71.080082,42.344219],[-71.079972,42.34415],[-71.078561,42.343211],[-71.079207,42.342697],[-71.079014,42.342551],[-71.077372,42.340931],[-71.08047,42.339292],[-71.081969,42.338416],[-71.084459,42.340067],[-71.084681,42.340293]]","07/31/2016 - 08/28/2016, Every day, Daily Average",868,609,1235
"1116","Harborwalk, Waterfront, Boston","[[-71.062911,42.361229],[-71.061856,42.36243],[-71.058261,42.363697],[-71.057757,42.363616],[-71.056105,42.362402],[-71.05542,42.361957],[-71.054925,42.362046],[-71.053826,42.363303],[-71.052111,42.363676],[-71.051647,42.36311],[-71.0512,42.363712],[-71.05109,42.364175],[-71.046389,42.363935],[-71.045918,42.361164],[-71.0455,42.359825],[-71.045566,42.359733],[-71.049595,42.354497],[-71.05106,42.355131],[-71.050851,42.356671],[-71.052158,42.358666],[-71.053518,42.358356],[-71.055759,42.356913],[-71.05771,42.356777],[-71.058737,42.356988],[-71.05829,42.35741],[-71.06151,42.358336],[-71.062642,42.357977],[-71.062875,42.359483],[-71.062911,42.361229]]","245","100 Saint Alphonsus Street, Mission Hill, Boston","[[-71.105605,42.332406],[-71.10491,42.33419],[-71.102427,42.335149],[-71.100306,42.335941],[-71.09979,42.335401],[-71.101321,42.33296],[-71.099319,42.332276],[-71.097185,42.331782],[-71.098738,42.329756],[-71.098941,42.329133],[-71.100861,42.330002],[-71.103081,42.330528],[-71.105169,42.331012],[-71.105605,42.332406]]","07/31/2016 - 08/28/2016, Every day, Daily Average",1092,800,1488
"1116","Harborwalk, Waterfront, Boston","[[-71.062911,42.361229],[-71.061856,42.36243],[-71.058261,42.363697],[-71.057757,42.363616],[-71.056105,42.362402],[-71.05542,42.361957],[-71.054925,42.362046],[-71.053826,42.363303],[-71.052111,42.363676],[-71.051647,42.36311],[-71.0512,42.363712],[-71.05109,42.364175],[-71.046389,42.363935],[-71.045918,42.361164],[-71.0455,42.359825],[-71.045566,42.359733],[-71.049595,42.354497],[-71.05106,42.355131],[-71.050851,42.356671],[-71.052158,42.358666],[-71.053518,42.358356],[-71.055759,42.356913],[-71.05771,42.356777],[-71.058737,42.356988],[-71.05829,42.35741],[-71.06151,42.358336],[-71.062642,42.357977],[-71.062875,42.359483],[-71.062911,42.361229]]","246","300 Mount Vernon Street, Dorchester, Boston","[[-71.050604,42.320758],[-71.049051,42.323124],[-71.047754,42.322574],[-71.045414,42.323798],[-71.044716,42.323753],[-71.043161,42.323132],[-71.044185,42.322611],[-71.039467,42.320184],[-71.033252,42.316987],[-71.032777,42.313472],[-71.037293,42.310132],[-71.037755,42.309308],[-71.038383,42.309448],[-71.041422,42.311083],[-71.046455,42.312992],[-71.048297,42.315941],[-71.049794,42.318731],[-71.04985,42.318933],[-71.050925,42.320876],[-71.050604,42.320758]]","07/31/2016 - 08/28/2016, Every day, Daily Average",793,481,1307
"1116","Harborwalk, Waterfront, Boston","[[-71.062911,42.361229],[-71.061856,42.36243],[-71.058261,42.363697],[-71.057757,42.363616],[-71.056105,42.362402],[-71.05542,42.361957],[-71.054925,42.362046],[-71.053826,42.363303],[-71.052111,42.363676],[-71.051647,42.36311],[-71.0512,42.363712],[-71.05109,42.364175],[-71.046389,42.363935],[-71.045918,42.361164],[-71.0455,42.359825],[-71.045566,42.359733],[-71.049595,42.354497],[-71.05106,42.355131],[-71.050851,42.356671],[-71.052158,42.358666],[-71.053518,42.358356],[-71.055759,42.356913],[-71.05771,42.356777],[-71.058737,42.356988],[-71.05829,42.35741],[-71.06151,42.358336],[-71.062642,42.357977],[-71.062875,42.359483],[-71.062911,42.361229]]","247","0 Bowdoin Avenue, Dorchester, Boston","[[-71.079217,42.301191],[-71.078425,42.303227],[-71.077264,42.304745],[-71.076782,42.305189],[-71.076185,42.305046],[-71.074161,42.30491],[-71.073117,42.304672],[-71.071426,42.303407],[-71.071569,42.30243],[-71.072011,42.301464],[-71.072299,42.299937],[-71.073641,42.299371],[-71.073072,42.298586],[-71.072269,42.296675],[-71.074289,42.296556],[-71.076289,42.297313],[-71.078852,42.296708],[-71.079217,42.301191]]","07/31/2016 - 08/28/2016, Every day, Daily Average",1398,943,2072
"1116","Harborwalk, Waterfront, Boston","[[-71.062911,42.361229],[-71.061856,42.36243],[-71.058261,42.363697],[-71.057757,42.363616],[-71.056105,42.362402],[-71.05542,42.361957],[-71.054925,42.362046],[-71.053826,42.363303],[-71.052111,42.363676],[-71.051647,42.36311],[-71.0512,42.363712],[-71.05109,42.364175],[-71.046389,42.363935],[-71.045918,42.361164],[-71.0455,42.359825],[-71.045566,42.359733],[-71.049595,42.354497],[-71.05106,42.355131],[-71.050851,42.356671],[-71.052158,42.358666],[-71.053518,42.358356],[-71.055759,42.356913],[-71.05771,42.356777],[-71.058737,42.356988],[-71.05829,42.35741],[-71.06151,42.358336],[-71.062642,42.357977],[-71.062875,42.359483],[-71.062911,42.361229]]","248","0 Evans Street, West Codman Hill / West Lower Mills, Dorchester Center, Boston","[[-71.083818,42.283238],[-71.082796,42.284533],[-71.082052,42.285272],[-71.080555,42.286623],[-71.079862,42.28726],[-71.079187,42.288137],[-71.078537,42.289335],[-71.077813,42.28799],[-71.077085,42.284425],[-71.076631,42.283775],[-71.076257,42.28316],[-71.076209,42.282909],[-71.076027,42.281806],[-71.075253,42.27968],[-71.07796,42.27905],[-71.078891,42.278567],[-71.080438,42.27896],[-71.081102,42.279394],[-71.082634,42.280368],[-71.082735,42.280409],[-71.085504,42.280991],[-71.083818,42.283238]]","07/31/2016 - 08/28/2016, Every day, Daily Average",1347,912,1988
"1116","Harborwalk, Waterfront, Boston","[[-71.062911,42.361229],[-71.061856,42.36243],[-71.058261,42.363697],[-71.057757,42.363616],[-71.056105,42.362402],[-71.05542,42.361957],[-71.054925,42.362046],[-71.053826,42.363303],[-71.052111,42.363676],[-71.051647,42.36311],[-71.0512,42.363712],[-71.05109,42.364175],[-71.046389,42.363935],[-71.045918,42.361164],[-71.0455,42.359825],[-71.045566,42.359733],[-71.049595,42.354497],[-71.05106,42.355131],[-71.050851,42.356671],[-71.052158,42.358666],[-71.053518,42.358356],[-71.055759,42.356913],[-71.05771,42.356777],[-71.058737,42.356988],[-71.05829,42.35741],[-71.06151,42.358336],[-71.062642,42.357977],[-71.062875,42.359483],[-71.062911,42.361229]]","249","200 River Street, Mattapan, Boston","[[-71.093881,42.267634],[-71.093695,42.272877],[-71.086926,42.279344],[-71.086091,42.280216],[-71.085504,42.280991],[-71.082735,42.280409],[-71.082634,42.280368],[-71.081102,42.279394],[-71.080438,42.27896],[-71.077251,42.277217],[-71.078447,42.27574],[-71.077615,42.273782],[-71.079003,42.273409],[-71.078504,42.271708],[-71.078879,42.271632],[-71.082924,42.271334],[-71.089331,42.270172],[-71.090073,42.269948],[-71.089403,42.26969],[-71.090468,42.26645],[-71.093737,42.267107],[-71.093909,42.267112],[-71.093881,42.267634]]","07/31/2016 - 08/28/2016, Every day, Daily Average",1522,1055,2194
"1116","Harborwalk, Waterfront, Boston","[[-71.062911,42.361229],[-71.061856,42.36243],[-71.058261,42.363697],[-71.057757,42.363616],[-71.056105,42.362402],[-71.05542,42.361957],[-71.054925,42.362046],[-71.053826,42.363303],[-71.052111,42.363676],[-71.051647,42.36311],[-71.0512,42.363712],[-71.05109,42.364175],[-71.046389,42.363935],[-71.045918,42.361164],[-71.0455,42.359825],[-71.045566,42.359733],[-71.049595,42.354497],[-71.05106,42.355131],[-71.050851,42.356671],[-71.052158,42.358666],[-71.053518,42.358356],[-71.055759,42.356913],[-71.05771,42.356777],[-71.058737,42.356988],[-71.05829,42.35741],[-71.06151,42.358336],[-71.062642,42.357977],[-71.062875,42.359483],[-71.062911,42.361229]]","250","0 Gretter Road, West Roxbury, Boston","[[-71.1503,42.295531],[-71.147497,42.296963],[-71.140135,42.302147],[-71.136917,42.301189],[-71.134866,42.301723],[-71.130904,42.301275],[-71.127925,42.300157],[-71.129622,42.298529],[-71.130068,42.298184],[-71.132978,42.296829],[-71.13601,42.294429],[-71.137305,42.293356],[-71.139746,42.291299],[-71.143052,42.288604],[-71.145124,42.288114],[-71.145495,42.288805],[-71.147059,42.29013],[-71.148085,42.290973],[-71.149376,42.293096],[-71.1503,42.295531]]","07/31/2016 - 08/28/2016, Every day, Daily Average",1523,1176,1971
"1116","Harborwalk, Waterfront, Boston","[[-71.062911,42.361229],[-71.061856,42.36243],[-71.058261,42.363697],[-71.057757,42.363616],[-71.056105,42.362402],[-71.05542,42.361957],[-71.054925,42.362046],[-71.053826,42.363303],[-71.052111,42.363676],[-71.051647,42.36311],[-71.0512,42.363712],[-71.05109,42.364175],[-71.046389,42.363935],[-71.045918,42.361164],[-71.0455,42.359825],[-71.045566,42.359733],[-71.049595,42.354497],[-71.05106,42.355131],[-71.050851,42.356671],[-71.052158,42.358666],[-71.053518,42.358356],[-71.055759,42.356913],[-71.05771,42.356777],[-71.058737,42.356988],[-71.05829,42.35741],[-71.06151,42.358336],[-71.062642,42.357977],[-71.062875,42.359483],[-71.062911,42.361229]]","251","0 Grotto Glen Road, Jamaica Plain, Boston","[[-71.116737,42.322627],[-71.115078,42.323573],[-71.114098,42.323307],[-71.112202,42.323125],[-71.112259,42.324552],[-71.110832,42.329073],[-71.108333,42.327318],[-71.107181,42.326898],[-71.106544,42.32651],[-71.109554,42.323371],[-71.108452,42.322389],[-71.110319,42.32191],[-71.11209,42.321602],[-71.116321,42.321012],[-71.11657,42.321021],[-71.116737,42.322627]]","07/31/2016 - 08/28/2016, Every day, Daily Average",1220,897,1657
"1116","Harborwalk, Waterfront, Boston","[[-71.062911,42.361229],[-71.061856,42.36243],[-71.058261,42.363697],[-71.057757,42.363616],[-71.056105,42.362402],[-71.05542,42.361957],[-71.054925,42.362046],[-71.053826,42.363303],[-71.052111,42.363676],[-71.051647,42.36311],[-71.0512,42.363712],[-71.05109,42.364175],[-71.046389,42.363935],[-71.045918,42.361164],[-71.0455,42.359825],[-71.045566,42.359733],[-71.049595,42.354497],[-71.05106,42.355131],[-71.050851,42.356671],[-71.052158,42.358666],[-71.053518,42.358356],[-71.055759,42.356913],[-71.05771,42.356777],[-71.058737,42.356988],[-71.05829,42.35741],[-71.06151,42.358336],[-71.062642,42.357977],[-71.062875,42.359483],[-71.062911,42.361229]]","252","0 Grove Street, West Roxbury, Boston","[[-71.163408,42.262922],[-71.16298,42.26427],[-71.16271,42.267748],[-71.161852,42.268879],[-71.162,42.269239],[-71.161836,42.271147],[-71.160225,42.274799],[-71.159775,42.27845],[-71.159434,42.278834],[-71.156772,42.277048],[-71.153504,42.275976],[-71.150778,42.273551],[-71.149893,42.272228],[-71.147289,42.269994],[-71.150086,42.267577],[-71.155786,42.262454],[-71.157052,42.261202],[-71.158407,42.260028],[-71.161574,42.257546],[-71.163099,42.2588],[-71.163399,42.259023],[-71.163408,42.262922]]","07/31/2016 - 08/28/2016, Every day, Daily Average",1939,1518,2476
"1116","Harborwalk, Waterfront, Boston","[[-71.062911,42.361229],[-71.061856,42.36243],[-71.058261,42.363697],[-71.057757,42.363616],[-71.056105,42.362402],[-71.05542,42.361957],[-71.054925,42.362046],[-71.053826,42.363303],[-71.052111,42.363676],[-71.051647,42.36311],[-71.0512,42.363712],[-71.05109,42.364175],[-71.046389,42.363935],[-71.045918,42.361164],[-71.0455,42.359825],[-71.045566,42.359733],[-71.049595,42.354497],[-71.05106,42.355131],[-71.050851,42.356671],[-71.052158,42.358666],[-71.053518,42.358356],[-71.055759,42.356913],[-71.05771,42.356777],[-71.058737,42.356988],[-71.05829,42.35741],[-71.06151,42.358336],[-71.062642,42.357977],[-71.062875,42.359483],[-71.062911,42.361229]]","253","0 Kimball Road, Chelsea","[[-71.040887,42.401749],[-71.039053,42.404243],[-71.038415,42.404976],[-71.0376,42.406288],[-71.037023,42.407296],[-71.036594,42.407896],[-71.03491,42.410876],[-71.033442,42.41338],[-71.033203,42.414226],[-71.031354,42.412519],[-71.02905,42.41028],[-71.026898,42.407332],[-71.02669,42.406316],[-71.026327,42.406002],[-71.027514,42.404889],[-71.029294,42.404011],[-71.034457,42.403301],[-71.036236,42.402564],[-71.036232,42.402455],[-71.039306,42.402855],[-71.039892,42.402243],[-71.040887,42.401749]]","07/31/2016 - 08/28/2016, Every day, Daily Average",690,422,1127
"1116","Harborwalk, Waterfront, Boston","[[-71.062911,42.361229],[-71.061856,42.36243],[-71.058261,42.363697],[-71.057757,42.363616],[-71.056105,42.362402],[-71.05542,42.361957],[-71.054925,42.362046],[-71.053826,42.363303],[-71.052111,42.363676],[-71.051647,42.36311],[-71.0512,42.363712],[-71.05109,42.364175],[-71.046389,42.363935],[-71.045918,42.361164],[-71.0455,42.359825],[-71.045566,42.359733],[-71.049595,42.354497],[-71.05106,42.355131],[-71.050851,42.356671],[-71.052158,42.358666],[-71.053518,42.358356],[-71.055759,42.356913],[-71.05771,42.356777],[-71.058737,42.356988],[-71.05829,42.35741],[-71.06151,42.358336],[-71.062642,42.357977],[-71.062875,42.359483],[-71.062911,42.361229]]","254","1200 North Shore Road, Revere","[[-71.000172,42.409624],[-70.993495,42.418615],[-70.990699,42.422302],[-70.987938,42.426036],[-70.98601,42.425365],[-70.983704,42.422893],[-70.986815,42.418061],[-70.987694,42.416696],[-70.99056,42.407215],[-70.990595,42.407098],[-70.992408,42.407238],[-70.993783,42.407553],[-70.993536,42.40858],[-70.993362,42.411821],[-70.994516,42.412053],[-70.999345,42.410089],[-71.000172,42.409624]]","07/31/2016 - 08/28/2016, Every day, Daily Average",948,659,1362
"1116","Harborwalk, Waterfront, Boston","[[-71.062911,42.361229],[-71.061856,42.36243],[-71.058261,42.363697],[-71.057757,42.363616],[-71.056105,42.362402],[-71.05542,42.361957],[-71.054925,42.362046],[-71.053826,42.363303],[-71.052111,42.363676],[-71.051647,42.36311],[-71.0512,42.363712],[-71.05109,42.364175],[-71.046389,42.363935],[-71.045918,42.361164],[-71.0455,42.359825],[-71.045566,42.359733],[-71.049595,42.354497],[-71.05106,42.355131],[-71.050851,42.356671],[-71.052158,42.358666],[-71.053518,42.358356],[-71.055759,42.356913],[-71.05771,42.356777],[-71.058737,42.356988],[-71.05829,42.35741],[-71.06151,42.358336],[-71.062642,42.357977],[-71.062875,42.359483],[-71.062911,42.361229]]","255","Rosedale Avenue, Forest Hills / Woodbourne, Boston","[[-71.115368,42.294572],[-71.112075,42.296178],[-71.110061,42.297927],[-71.109596,42.299098],[-71.105517,42.298831],[-71.104661,42.300271],[-71.103291,42.299806],[-71.096402,42.293235],[-71.095759,42.291973],[-71.093887,42.287668],[-71.094755,42.287297],[-71.096105,42.286043],[-71.096316,42.285818],[-71.099632,42.282336],[-71.09832,42.28163],[-71.104123,42.276217],[-71.104652,42.276802],[-71.107535,42.278202],[-71.10858,42.275395],[-71.109191,42.274363],[-71.110374,42.275065],[-71.114188,42.2771],[-71.115342,42.278039],[-71.113431,42.279941],[-71.112232,42.280214],[-71.110894,42.28035],[-71.112183,42.281936],[-71.109428,42.284652],[-71.105401,42.286718],[-71.107947,42.288616],[-71.112628,42.292191],[-71.1134,42.293118],[-71.114,42.29374],[-71.115368,42.294572]]","07/31/2016 - 08/28/2016, Every day, Daily Average",1475,1081,2011
"1116","Harborwalk, Waterfront, Boston","[[-71.062911,42.361229],[-71.061856,42.36243],[-71.058261,42.363697],[-71.057757,42.363616],[-71.056105,42.362402],[-71.05542,42.361957],[-71.054925,42.362046],[-71.053826,42.363303],[-71.052111,42.363676],[-71.051647,42.36311],[-71.0512,42.363712],[-71.05109,42.364175],[-71.046389,42.363935],[-71.045918,42.361164],[-71.0455,42.359825],[-71.045566,42.359733],[-71.049595,42.354497],[-71.05106,42.355131],[-71.050851,42.356671],[-71.052158,42.358666],[-71.053518,42.358356],[-71.055759,42.356913],[-71.05771,42.356777],[-71.058737,42.356988],[-71.05829,42.35741],[-71.06151,42.358336],[-71.062642,42.357977],[-71.062875,42.359483],[-71.062911,42.361229]]","261","0 6th Street, Arefth, Cambridge","[[-71.087866,42.372044],[-71.087506,42.373422],[-71.085443,42.374045],[-71.08203,42.37365],[-71.081037,42.37315],[-71.082814,42.372813],[-71.08331,42.370738],[-71.083464,42.370068],[-71.088259,42.370645],[-71.087866,42.372044]]","07/31/2016 - 08/28/2016, Every day, Daily Average",711,463,1091
"1116","Harborwalk, Waterfront, Boston","[[-71.062911,42.361229],[-71.061856,42.36243],[-71.058261,42.363697],[-71.057757,42.363616],[-71.056105,42.362402],[-71.05542,42.361957],[-71.054925,42.362046],[-71.053826,42.363303],[-71.052111,42.363676],[-71.051647,42.36311],[-71.0512,42.363712],[-71.05109,42.364175],[-71.046389,42.363935],[-71.045918,42.361164],[-71.0455,42.359825],[-71.045566,42.359733],[-71.049595,42.354497],[-71.05106,42.355131],[-71.050851,42.356671],[-71.052158,42.358666],[-71.053518,42.358356],[-71.055759,42.356913],[-71.05771,42.356777],[-71.058737,42.356988],[-71.05829,42.35741],[-71.06151,42.358336],[-71.062642,42.357977],[-71.062875,42.359483],[-71.062911,42.361229]]","268","0 Congress Street, Salem","[[-70.895679,42.521432],[-70.892622,42.521805],[-70.890502,42.522489],[-70.885849,42.523585],[-70.884811,42.522394],[-70.881748,42.518981],[-70.884135,42.516398],[-70.885178,42.515269],[-70.885719,42.512237],[-70.885993,42.512399],[-70.887683,42.51339],[-70.888053,42.515073],[-70.891063,42.51471],[-70.892663,42.515462],[-70.892834,42.516454],[-70.893198,42.518454],[-70.893856,42.519459],[-70.895592,42.519733],[-70.895679,42.521432]]","07/31/2016 - 08/28/2016, Every day, Daily Average",2590,2022,3316
"1116","Harborwalk, Waterfront, Boston","[[-71.062911,42.361229],[-71.061856,42.36243],[-71.058261,42.363697],[-71.057757,42.363616],[-71.056105,42.362402],[-71.05542,42.361957],[-71.054925,42.362046],[-71.053826,42.363303],[-71.052111,42.363676],[-71.051647,42.36311],[-71.0512,42.363712],[-71.05109,42.364175],[-71.046389,42.363935],[-71.045918,42.361164],[-71.0455,42.359825],[-71.045566,42.359733],[-71.049595,42.354497],[-71.05106,42.355131],[-71.050851,42.356671],[-71.052158,42.358666],[-71.053518,42.358356],[-71.055759,42.356913],[-71.05771,42.356777],[-71.058737,42.356988],[-71.05829,42.35741],[-71.06151,42.358336],[-71.062642,42.357977],[-71.062875,42.359483],[-71.062911,42.361229]]","270","0 Sugar Hill Circle, Methuen","[[-71.247939,42.721996],[-71.242417,42.722367],[-71.238945,42.723567],[-71.233355,42.727521],[-71.23155,42.727604],[-71.230162,42.72224],[-71.228737,42.719744],[-71.227829,42.718994],[-71.222352,42.717964],[-71.218267,42.711813],[-71.217789,42.711539],[-71.214348,42.711701],[-71.211143,42.710274],[-71.205402,42.707891],[-71.204289,42.706688],[-71.20908,42.705527],[-71.210476,42.704451],[-71.209942,42.70062],[-71.215138,42.701208],[-71.219447,42.699904],[-71.220622,42.699116],[-71.224807,42.69343],[-71.225402,42.686771],[-71.227721,42.6809],[-71.231508,42.675606],[-71.234606,42.672002],[-71.238103,42.669491],[-71.238607,42.6712],[-71.238885,42.672559],[-71.244218,42.693757],[-71.247913,42.708119],[-71.251236,42.721222],[-71.247939,42.721996]]","07/31/2016 - 08/28/2016, Every day, Daily Average",1731,1342,2232
"1116","Harborwalk, Waterfront, Boston","[[-71.062911,42.361229],[-71.061856,42.36243],[-71.058261,42.363697],[-71.057757,42.363616],[-71.056105,42.362402],[-71.05542,42.361957],[-71.054925,42.362046],[-71.053826,42.363303],[-71.052111,42.363676],[-71.051647,42.36311],[-71.0512,42.363712],[-71.05109,42.364175],[-71.046389,42.363935],[-71.045918,42.361164],[-71.0455,42.359825],[-71.045566,42.359733],[-71.049595,42.354497],[-71.05106,42.355131],[-71.050851,42.356671],[-71.052158,42.358666],[-71.053518,42.358356],[-71.055759,42.356913],[-71.05771,42.356777],[-71.058737,42.356988],[-71.05829,42.35741],[-71.06151,42.358336],[-71.062642,42.357977],[-71.062875,42.359483],[-71.062911,42.361229]]","273","500 Trull Road, North Tewksbury, Tewksbury","[[-71.283427,42.615299],[-71.277791,42.620847],[-71.27642,42.624397],[-71.276083,42.625268],[-71.275852,42.625869],[-71.274709,42.628859],[-71.272771,42.637348],[-71.271271,42.643918],[-71.271555,42.646191],[-71.271707,42.648018],[-71.275154,42.656216],[-71.264347,42.657667],[-71.256103,42.656691],[-71.25453,42.656332],[-71.239076,42.649015],[-71.23829,42.642564],[-71.240403,42.638744],[-71.246664,42.622022],[-71.248157,42.618445],[-71.248339,42.617409],[-71.250671,42.612829],[-71.252776,42.611731],[-71.257986,42.608288],[-71.26078,42.605617],[-71.265473,42.603838],[-71.268572,42.603203],[-71.272883,42.601853],[-71.296271,42.612675],[-71.283427,42.615299]]","07/31/2016 - 08/28/2016, Every day, Daily Average",2004,1607,2498
"1116","Harborwalk, Waterfront, Boston","[[-71.062911,42.361229],[-71.061856,42.36243],[-71.058261,42.363697],[-71.057757,42.363616],[-71.056105,42.362402],[-71.05542,42.361957],[-71.054925,42.362046],[-71.053826,42.363303],[-71.052111,42.363676],[-71.051647,42.36311],[-71.0512,42.363712],[-71.05109,42.364175],[-71.046389,42.363935],[-71.045918,42.361164],[-71.0455,42.359825],[-71.045566,42.359733],[-71.049595,42.354497],[-71.05106,42.355131],[-71.050851,42.356671],[-71.052158,42.358666],[-71.053518,42.358356],[-71.055759,42.356913],[-71.05771,42.356777],[-71.058737,42.356988],[-71.05829,42.35741],[-71.06151,42.358336],[-71.062642,42.357977],[-71.062875,42.359483],[-71.062911,42.361229]]","274","0 Jensen Avenue, Chelmsford","[[-71.366375,42.621666],[-71.365223,42.622241],[-71.365633,42.623089],[-71.364515,42.623151],[-71.359945,42.626008],[-71.351788,42.622717],[-71.328834,42.613774],[-71.32838,42.613465],[-71.325654,42.613163],[-71.327816,42.61226],[-71.338873,42.606564],[-71.341988,42.60484],[-71.347907,42.600672],[-71.353071,42.599467],[-71.353747,42.601803],[-71.353946,42.603152],[-71.354968,42.605314],[-71.357094,42.607565],[-71.35789,42.610851],[-71.359908,42.612933],[-71.362098,42.614984],[-71.363561,42.616035],[-71.365918,42.619379],[-71.365932,42.621107],[-71.366375,42.621666]]","07/31/2016 - 08/28/2016, Every day, Daily Average",2052,1704,2469
"1116","Harborwalk, Waterfront, Boston","[[-71.062911,42.361229],[-71.061856,42.36243],[-71.058261,42.363697],[-71.057757,42.363616],[-71.056105,42.362402],[-71.05542,42.361957],[-71.054925,42.362046],[-71.053826,42.363303],[-71.052111,42.363676],[-71.051647,42.36311],[-71.0512,42.363712],[-71.05109,42.364175],[-71.046389,42.363935],[-71.045918,42.361164],[-71.0455,42.359825],[-71.045566,42.359733],[-71.049595,42.354497],[-71.05106,42.355131],[-71.050851,42.356671],[-71.052158,42.358666],[-71.053518,42.358356],[-71.055759,42.356913],[-71.05771,42.356777],[-71.058737,42.356988],[-71.05829,42.35741],[-71.06151,42.358336],[-71.062642,42.357977],[-71.062875,42.359483],[-71.062911,42.361229]]","275","0 Theresa Road, Stoneham","[[-71.099297,42.486314],[-71.09851,42.487012],[-71.096537,42.487272],[-71.088847,42.489759],[-71.087254,42.490771],[-71.085546,42.492343],[-71.085365,42.492203],[-71.07524,42.488008],[-71.075814,42.483573],[-71.08031,42.482705],[-71.091042,42.481547],[-71.093871,42.481218],[-71.094606,42.481327],[-71.099661,42.485065],[-71.099297,42.486314]]","07/31/2016 - 08/28/2016, Every day, Daily Average",1210,864,1693
"1116","Harborwalk, Waterfront, Boston","[[-71.062911,42.361229],[-71.061856,42.36243],[-71.058261,42.363697],[-71.057757,42.363616],[-71.056105,42.362402],[-71.05542,42.361957],[-71.054925,42.362046],[-71.053826,42.363303],[-71.052111,42.363676],[-71.051647,42.36311],[-71.0512,42.363712],[-71.05109,42.364175],[-71.046389,42.363935],[-71.045918,42.361164],[-71.0455,42.359825],[-71.045566,42.359733],[-71.049595,42.354497],[-71.05106,42.355131],[-71.050851,42.356671],[-71.052158,42.358666],[-71.053518,42.358356],[-71.055759,42.356913],[-71.05771,42.356777],[-71.058737,42.356988],[-71.05829,42.35741],[-71.06151,42.358336],[-71.062642,42.357977],[-71.062875,42.359483],[-71.062911,42.361229]]","276","0 Howard Street, Malden","[[-71.071079,42.414912],[-71.064559,42.415334],[-71.062283,42.415529],[-71.061584,42.41561],[-71.059881,42.416388],[-71.056241,42.413814],[-71.055742,42.413475],[-71.053599,42.411921],[-71.056113,42.409534],[-71.059303,42.408897],[-71.062215,42.408336],[-71.064208,42.40822],[-71.065256,42.40811],[-71.071079,42.414912]]","07/31/2016 - 08/28/2016, Every day, Daily Average",948,661,1357
"1116","Harborwalk, Waterfront, Boston","[[-71.062911,42.361229],[-71.061856,42.36243],[-71.058261,42.363697],[-71.057757,42.363616],[-71.056105,42.362402],[-71.05542,42.361957],[-71.054925,42.362046],[-71.053826,42.363303],[-71.052111,42.363676],[-71.051647,42.36311],[-71.0512,42.363712],[-71.05109,42.364175],[-71.046389,42.363935],[-71.045918,42.361164],[-71.0455,42.359825],[-71.045566,42.359733],[-71.049595,42.354497],[-71.05106,42.355131],[-71.050851,42.356671],[-71.052158,42.358666],[-71.053518,42.358356],[-71.055759,42.356913],[-71.05771,42.356777],[-71.058737,42.356988],[-71.05829,42.35741],[-71.06151,42.358336],[-71.062642,42.357977],[-71.062875,42.359483],[-71.062911,42.361229]]","277","0 Edwin H Land Boulevard, East Cambridge, Cambridge","[[-71.083464,42.370068],[-71.08331,42.370738],[-71.082814,42.372813],[-71.081037,42.37315],[-71.078654,42.371934],[-71.07606,42.370713],[-71.075569,42.370361],[-71.074835,42.369935],[-71.073113,42.369131],[-71.070738,42.367995],[-71.071628,42.367158],[-71.075777,42.361621],[-71.075851,42.361472],[-71.078265,42.361672],[-71.078822,42.362627],[-71.078063,42.365913],[-71.077388,42.368576],[-71.08031,42.368966],[-71.083625,42.369381],[-71.083464,42.370068]]","07/31/2016 - 08/28/2016, Every day, Daily Average",605,347,1053
"1116","Harborwalk, Waterfront, Boston","[[-71.062911,42.361229],[-71.061856,42.36243],[-71.058261,42.363697],[-71.057757,42.363616],[-71.056105,42.362402],[-71.05542,42.361957],[-71.054925,42.362046],[-71.053826,42.363303],[-71.052111,42.363676],[-71.051647,42.36311],[-71.0512,42.363712],[-71.05109,42.364175],[-71.046389,42.363935],[-71.045918,42.361164],[-71.0455,42.359825],[-71.045566,42.359733],[-71.049595,42.354497],[-71.05106,42.355131],[-71.050851,42.356671],[-71.052158,42.358666],[-71.053518,42.358356],[-71.055759,42.356913],[-71.05771,42.356777],[-71.058737,42.356988],[-71.05829,42.35741],[-71.06151,42.358336],[-71.062642,42.357977],[-71.062875,42.359483],[-71.062911,42.361229]]","279","200 Seminole Avenue, Lakeview, Waltham","[[-71.26723,42.424438],[-71.256995,42.421116],[-71.251538,42.419288],[-71.232919,42.413171],[-71.233442,42.412005],[-71.23377,42.410966],[-71.23438,42.408928],[-71.234057,42.402123],[-71.240204,42.403766],[-71.245332,42.404556],[-71.248245,42.405063],[-71.250777,42.406244],[-71.251422,42.40682],[-71.252221,42.407781],[-71.255449,42.41164],[-71.257499,42.412713],[-71.257128,42.415293],[-71.264793,42.417474],[-71.26941,42.420838],[-71.26723,42.424438]]","07/31/2016 - 08/28/2016, Every day, Daily Average",1725,1341,2218
"1116","Harborwalk, Waterfront, Boston","[[-71.062911,42.361229],[-71.061856,42.36243],[-71.058261,42.363697],[-71.057757,42.363616],[-71.056105,42.362402],[-71.05542,42.361957],[-71.054925,42.362046],[-71.053826,42.363303],[-71.052111,42.363676],[-71.051647,42.36311],[-71.0512,42.363712],[-71.05109,42.364175],[-71.046389,42.363935],[-71.045918,42.361164],[-71.0455,42.359825],[-71.045566,42.359733],[-71.049595,42.354497],[-71.05106,42.355131],[-71.050851,42.356671],[-71.052158,42.358666],[-71.053518,42.358356],[-71.055759,42.356913],[-71.05771,42.356777],[-71.058737,42.356988],[-71.05829,42.35741],[-71.06151,42.358336],[-71.062642,42.357977],[-71.062875,42.359483],[-71.062911,42.361229]]","280","0 Linder Terrace, Hunnewell Hill, Newton","[[-71.195678,42.354861],[-71.195265,42.354948],[-71.195111,42.355904],[-71.195345,42.357262],[-71.195217,42.358823],[-71.193092,42.361052],[-71.190231,42.360384],[-71.18368,42.358829],[-71.182362,42.360402],[-71.182042,42.360806],[-71.178845,42.35978],[-71.174856,42.359268],[-71.17276,42.359351],[-71.168401,42.360194],[-71.167625,42.360073],[-71.169474,42.358047],[-71.171198,42.356396],[-71.171487,42.356089],[-71.173866,42.35336],[-71.174798,42.350796],[-71.174798,42.350265],[-71.180083,42.352786],[-71.181944,42.352884],[-71.181888,42.351254],[-71.184168,42.353084],[-71.186049,42.351515],[-71.189286,42.352993],[-71.192153,42.353026],[-71.192857,42.351306],[-71.195494,42.351674],[-71.196806,42.353808],[-71.195678,42.354861]]","07/31/2016 - 08/28/2016, Every day, Daily Average",950,681,1324
"1116","Harborwalk, Waterfront, Boston","[[-71.062911,42.361229],[-71.061856,42.36243],[-71.058261,42.363697],[-71.057757,42.363616],[-71.056105,42.362402],[-71.05542,42.361957],[-71.054925,42.362046],[-71.053826,42.363303],[-71.052111,42.363676],[-71.051647,42.36311],[-71.0512,42.363712],[-71.05109,42.364175],[-71.046389,42.363935],[-71.045918,42.361164],[-71.0455,42.359825],[-71.045566,42.359733],[-71.049595,42.354497],[-71.05106,42.355131],[-71.050851,42.356671],[-71.052158,42.358666],[-71.053518,42.358356],[-71.055759,42.356913],[-71.05771,42.356777],[-71.058737,42.356988],[-71.05829,42.35741],[-71.06151,42.358336],[-71.062642,42.357977],[-71.062875,42.359483],[-71.062911,42.361229]]","281","0 Meadowbrook Road, Quincy","[[-71.019402,42.265605],[-71.01723,42.26701],[-71.016299,42.267825],[-71.01565,42.26997],[-71.01545,42.27065],[-71.01318,42.2703],[-71.00987,42.27011],[-71.00883,42.27094],[-71.00849,42.27265],[-71.00748,42.27467],[-71.00871,42.27695],[-70.996097,42.271222],[-70.992822,42.267441],[-70.996739,42.266583],[-70.996925,42.26515],[-70.99879,42.26483],[-71.00099,42.26167],[-71.00345,42.2605],[-71.00729,42.26083],[-71.00877,42.25836],[-71.010858,42.257482],[-71.01444,42.25737],[-71.01768,42.25655],[-71.01801,42.25783],[-71.014227,42.260735],[-71.014845,42.261317],[-71.016342,42.262727],[-71.01753,42.263835],[-71.019402,42.265605]]","07/31/2016 - 08/28/2016, Every day, Daily Average",1313,921,1870
"1116","Harborwalk, Waterfront, Boston","[[-71.062911,42.361229],[-71.061856,42.36243],[-71.058261,42.363697],[-71.057757,42.363616],[-71.056105,42.362402],[-71.05542,42.361957],[-71.054925,42.362046],[-71.053826,42.363303],[-71.052111,42.363676],[-71.051647,42.36311],[-71.0512,42.363712],[-71.05109,42.364175],[-71.046389,42.363935],[-71.045918,42.361164],[-71.0455,42.359825],[-71.045566,42.359733],[-71.049595,42.354497],[-71.05106,42.355131],[-71.050851,42.356671],[-71.052158,42.358666],[-71.053518,42.358356],[-71.055759,42.356913],[-71.05771,42.356777],[-71.058737,42.356988],[-71.05829,42.35741],[-71.06151,42.358336],[-71.062642,42.357977],[-71.062875,42.359483],[-71.062911,42.361229]]","282","0 Pleasant View Avenue, Braintree","[[-70.981151,42.235742],[-70.979909,42.23621],[-70.9775,42.238371],[-70.973018,42.237099],[-70.967991,42.237999],[-70.960491,42.235099],[-70.960374,42.233613],[-70.960384,42.228715],[-70.960891,42.226899],[-70.963728,42.224694],[-70.967022,42.223353],[-70.96809,42.221519],[-70.969129,42.221379],[-70.970858,42.221498],[-70.973786,42.221896],[-70.97644,42.22792],[-70.97752,42.22937],[-70.97995,42.23277],[-70.981151,42.235742]]","07/31/2016 - 08/28/2016, Every day, Daily Average",1788,1268,2520
"1116","Harborwalk, Waterfront, Boston","[[-71.062911,42.361229],[-71.061856,42.36243],[-71.058261,42.363697],[-71.057757,42.363616],[-71.056105,42.362402],[-71.05542,42.361957],[-71.054925,42.362046],[-71.053826,42.363303],[-71.052111,42.363676],[-71.051647,42.36311],[-71.0512,42.363712],[-71.05109,42.364175],[-71.046389,42.363935],[-71.045918,42.361164],[-71.0455,42.359825],[-71.045566,42.359733],[-71.049595,42.354497],[-71.05106,42.355131],[-71.050851,42.356671],[-71.052158,42.358666],[-71.053518,42.358356],[-71.055759,42.356913],[-71.05771,42.356777],[-71.058737,42.356988],[-71.05829,42.35741],[-71.06151,42.358336],[-71.062642,42.357977],[-71.062875,42.359483],[-71.062911,42.361229]]","285","100 Foster Street, Brighton, Boston","[[-71.165999,42.341593],[-71.162118,42.346373],[-71.161311,42.347576],[-71.160437,42.348916],[-71.159612,42.348891],[-71.155746,42.349114],[-71.153449,42.349146],[-71.153992,42.347932],[-71.153786,42.347256],[-71.153067,42.346154],[-71.15291,42.345645],[-71.153072,42.345106],[-71.153274,42.34465],[-71.153462,42.343183],[-71.154734,42.341206],[-71.155288,42.340337],[-71.157528,42.339782],[-71.157878,42.33973],[-71.159758,42.340058],[-71.164579,42.340218],[-71.166126,42.340088],[-71.165999,42.341593]]","07/31/2016 - 08/28/2016, Every day, Daily Average",1410,1107,1795
"1116","Harborwalk, Waterfront, Boston","[[-71.062911,42.361229],[-71.061856,42.36243],[-71.058261,42.363697],[-71.057757,42.363616],[-71.056105,42.362402],[-71.05542,42.361957],[-71.054925,42.362046],[-71.053826,42.363303],[-71.052111,42.363676],[-71.051647,42.36311],[-71.0512,42.363712],[-71.05109,42.364175],[-71.046389,42.363935],[-71.045918,42.361164],[-71.0455,42.359825],[-71.045566,42.359733],[-71.049595,42.354497],[-71.05106,42.355131],[-71.050851,42.356671],[-71.052158,42.358666],[-71.053518,42.358356],[-71.055759,42.356913],[-71.05771,42.356777],[-71.058737,42.356988],[-71.05829,42.35741],[-71.06151,42.358336],[-71.062642,42.357977],[-71.062875,42.359483],[-71.062911,42.361229]]","286","0 Border Street, East Boston, Boston","[[-71.046995,42.372597],[-71.045195,42.377097],[-71.044982,42.378543],[-71.040029,42.37865],[-71.039899,42.37712],[-71.039978,42.374601],[-71.039075,42.374167],[-71.03903,42.372371],[-71.040294,42.370739],[-71.041255,42.369535],[-71.038919,42.368504],[-71.040855,42.367488],[-71.043396,42.364598],[-71.04445,42.365793],[-71.045734,42.368634],[-71.047381,42.371208],[-71.046995,42.372597]]","07/31/2016 - 08/28/2016, Every day, Daily Average",204,90,460
"1116","Harborwalk, Waterfront, Boston","[[-71.062911,42.361229],[-71.061856,42.36243],[-71.058261,42.363697],[-71.057757,42.363616],[-71.056105,42.362402],[-71.05542,42.361957],[-71.054925,42.362046],[-71.053826,42.363303],[-71.052111,42.363676],[-71.051647,42.36311],[-71.0512,42.363712],[-71.05109,42.364175],[-71.046389,42.363935],[-71.045918,42.361164],[-71.0455,42.359825],[-71.045566,42.359733],[-71.049595,42.354497],[-71.05106,42.355131],[-71.050851,42.356671],[-71.052158,42.358666],[-71.053518,42.358356],[-71.055759,42.356913],[-71.05771,42.356777],[-71.058737,42.356988],[-71.05829,42.35741],[-71.06151,42.358336],[-71.062642,42.357977],[-71.062875,42.359483],[-71.062911,42.361229]]","287","0 Murray Way, South Boston, Boston","[[-71.056928,42.328552],[-71.052624,42.328597],[-71.052565,42.327112],[-71.052392,42.322976],[-71.052093,42.321469],[-71.052456,42.321466],[-71.052904,42.32287],[-71.05685,42.326289],[-71.056868,42.326867],[-71.056915,42.328035],[-71.056928,42.328552]]","07/31/2016 - 08/28/2016, Every day, Daily Average",866,502,1492
"1116","Harborwalk, Waterfront, Boston","[[-71.062911,42.361229],[-71.061856,42.36243],[-71.058261,42.363697],[-71.057757,42.363616],[-71.056105,42.362402],[-71.05542,42.361957],[-71.054925,42.362046],[-71.053826,42.363303],[-71.052111,42.363676],[-71.051647,42.36311],[-71.0512,42.363712],[-71.05109,42.364175],[-71.046389,42.363935],[-71.045918,42.361164],[-71.0455,42.359825],[-71.045566,42.359733],[-71.049595,42.354497],[-71.05106,42.355131],[-71.050851,42.356671],[-71.052158,42.358666],[-71.053518,42.358356],[-71.055759,42.356913],[-71.05771,42.356777],[-71.058737,42.356988],[-71.05829,42.35741],[-71.06151,42.358336],[-71.062642,42.357977],[-71.062875,42.359483],[-71.062911,42.361229]]","288","0 Wakullah Street, Roxbury, Boston","[[-71.091941,42.321692],[-71.0896,42.323394],[-71.088788,42.324218],[-71.08789,42.32571],[-71.086996,42.327782],[-71.084994,42.328871],[-71.083448,42.32865],[-71.08311,42.32812],[-71.08327,42.326127],[-71.083308,42.325959],[-71.081923,42.321727],[-71.081621,42.320732],[-71.081385,42.319802],[-71.081789,42.31827],[-71.081917,42.318021],[-71.086017,42.319164],[-71.086225,42.318237],[-71.090238,42.319213],[-71.091373,42.320423],[-71.092476,42.321307],[-71.091941,42.321692]]","07/31/2016 - 08/28/2016, Every day, Daily Average",938,633,1389
"1116","Harborwalk, Waterfront, Boston","[[-71.062911,42.361229],[-71.061856,42.36243],[-71.058261,42.363697],[-71.057757,42.363616],[-71.056105,42.362402],[-71.05542,42.361957],[-71.054925,42.362046],[-71.053826,42.363303],[-71.052111,42.363676],[-71.051647,42.36311],[-71.0512,42.363712],[-71.05109,42.364175],[-71.046389,42.363935],[-71.045918,42.361164],[-71.0455,42.359825],[-71.045566,42.359733],[-71.049595,42.354497],[-71.05106,42.355131],[-71.050851,42.356671],[-71.052158,42.358666],[-71.053518,42.358356],[-71.055759,42.356913],[-71.05771,42.356777],[-71.058737,42.356988],[-71.05829,42.35741],[-71.06151,42.358336],[-71.062642,42.357977],[-71.062875,42.359483],[-71.062911,42.361229]]","289","500 Baker Street, West Roxbury, Boston","[[-71.190904,42.283248],[-71.178636,42.294595],[-71.169808,42.300443],[-71.164804,42.303764],[-71.160104,42.300454],[-71.156802,42.297896],[-71.153573,42.295748],[-71.152195,42.294597],[-71.1503,42.295531],[-71.149376,42.293096],[-71.151439,42.292869],[-71.153486,42.293265],[-71.154309,42.292974],[-71.155656,42.292108],[-71.156177,42.29171],[-71.158683,42.291845],[-71.160629,42.291585],[-71.163971,42.288311],[-71.165318,42.287479],[-71.167734,42.28586],[-71.165258,42.283767],[-71.16605,42.283241],[-71.161901,42.279768],[-71.163369,42.279176],[-71.167456,42.279302],[-71.175549,42.280318],[-71.177653,42.280409],[-71.185246,42.279513],[-71.187231,42.280064],[-71.188167,42.280412],[-71.190258,42.281582],[-71.191155,42.283059],[-71.190904,42.283248]]","07/31/2016 - 08/28/2016, Every day, Daily Average",1793,1434,2240
"1116","Harborwalk, Waterfront, Boston","[[-71.062911,42.361229],[-71.061856,42.36243],[-71.058261,42.363697],[-71.057757,42.363616],[-71.056105,42.362402],[-71.05542,42.361957],[-71.054925,42.362046],[-71.053826,42.363303],[-71.052111,42.363676],[-71.051647,42.36311],[-71.0512,42.363712],[-71.05109,42.364175],[-71.046389,42.363935],[-71.045918,42.361164],[-71.0455,42.359825],[-71.045566,42.359733],[-71.049595,42.354497],[-71.05106,42.355131],[-71.050851,42.356671],[-71.052158,42.358666],[-71.053518,42.358356],[-71.055759,42.356913],[-71.05771,42.356777],[-71.058737,42.356988],[-71.05829,42.35741],[-71.06151,42.358336],[-71.062642,42.357977],[-71.062875,42.359483],[-71.062911,42.361229]]","290","100 Tremont Street, Boston","[[-71.072564,42.355439],[-71.071296,42.355771],[-71.067642,42.356603],[-71.06499,42.357195],[-71.063169,42.357748],[-71.062257,42.356268],[-71.063308,42.355209],[-71.064235,42.353394],[-71.064562,42.352383],[-71.067533,42.352513],[-71.070655,42.351854],[-71.071079,42.352673],[-71.072055,42.354655],[-71.072564,42.355439]]","07/31/2016 - 08/28/2016, Every day, Daily Average",346,181,658
"1116","Harborwalk, Waterfront, Boston","[[-71.062911,42.361229],[-71.061856,42.36243],[-71.058261,42.363697],[-71.057757,42.363616],[-71.056105,42.362402],[-71.05542,42.361957],[-71.054925,42.362046],[-71.053826,42.363303],[-71.052111,42.363676],[-71.051647,42.36311],[-71.0512,42.363712],[-71.05109,42.364175],[-71.046389,42.363935],[-71.045918,42.361164],[-71.0455,42.359825],[-71.045566,42.359733],[-71.049595,42.354497],[-71.05106,42.355131],[-71.050851,42.356671],[-71.052158,42.358666],[-71.053518,42.358356],[-71.055759,42.356913],[-71.05771,42.356777],[-71.058737,42.356988],[-71.05829,42.35741],[-71.06151,42.358336],[-71.062642,42.357977],[-71.062875,42.359483],[-71.062911,42.361229]]","293","0 Osgood Street, Salem","[[-70.906079,42.521433],[-70.898876,42.52417],[-70.89921,42.524724],[-70.897339,42.525554],[-70.896067,42.526701],[-70.894645,42.52849],[-70.890294,42.539296],[-70.8881,42.539],[-70.887527,42.536382],[-70.887192,42.537943],[-70.880361,42.537369],[-70.882563,42.534887],[-70.881222,42.533877],[-70.885718,42.527737],[-70.888182,42.528123],[-70.890074,42.528716],[-70.890657,42.527433],[-70.891089,42.526734],[-70.892403,42.525507],[-70.891639,42.52312],[-70.890601,42.522953],[-70.890502,42.522489],[-70.892622,42.521805],[-70.895679,42.521432],[-70.898637,42.521408],[-70.902066,42.520453],[-70.903889,42.519186],[-70.904971,42.520822],[-70.906079,42.521433]]","07/31/2016 - 08/28/2016, Every day, Daily Average",2206,1785,2725
"1116","Harborwalk, Waterfront, Boston","[[-71.062911,42.361229],[-71.061856,42.36243],[-71.058261,42.363697],[-71.057757,42.363616],[-71.056105,42.362402],[-71.05542,42.361957],[-71.054925,42.362046],[-71.053826,42.363303],[-71.052111,42.363676],[-71.051647,42.36311],[-71.0512,42.363712],[-71.05109,42.364175],[-71.046389,42.363935],[-71.045918,42.361164],[-71.0455,42.359825],[-71.045566,42.359733],[-71.049595,42.354497],[-71.05106,42.355131],[-71.050851,42.356671],[-71.052158,42.358666],[-71.053518,42.358356],[-71.055759,42.356913],[-71.05771,42.356777],[-71.058737,42.356988],[-71.05829,42.35741],[-71.06151,42.358336],[-71.062642,42.357977],[-71.062875,42.359483],[-71.062911,42.361229]]","294","0 Chelsea Street, East Boston, Boston","[[-71.03903,42.372371],[-71.039075,42.374167],[-71.03878,42.374927],[-71.038117,42.373536],[-71.037113,42.374017],[-71.034449,42.372711],[-71.034742,42.372461],[-71.033923,42.371932],[-71.036989,42.369287],[-71.037643,42.369577],[-71.040294,42.370739],[-71.03903,42.372371]]","07/31/2016 - 08/28/2016, Every day, Daily Average",209,107,406
"1116","Harborwalk, Waterfront, Boston","[[-71.062911,42.361229],[-71.061856,42.36243],[-71.058261,42.363697],[-71.057757,42.363616],[-71.056105,42.362402],[-71.05542,42.361957],[-71.054925,42.362046],[-71.053826,42.363303],[-71.052111,42.363676],[-71.051647,42.36311],[-71.0512,42.363712],[-71.05109,42.364175],[-71.046389,42.363935],[-71.045918,42.361164],[-71.0455,42.359825],[-71.045566,42.359733],[-71.049595,42.354497],[-71.05106,42.355131],[-71.050851,42.356671],[-71.052158,42.358666],[-71.053518,42.358356],[-71.055759,42.356913],[-71.05771,42.356777],[-71.058737,42.356988],[-71.05829,42.35741],[-71.06151,42.358336],[-71.062642,42.357977],[-71.062875,42.359483],[-71.062911,42.361229]]","295","100 Merrimack Street, Downtown, Lowell","[[-71.31678,42.640632],[-71.314798,42.64352],[-71.315556,42.643887],[-71.314357,42.645238],[-71.31493,42.645519],[-71.314443,42.646081],[-71.316629,42.647891],[-71.312395,42.652375],[-71.308921,42.649865],[-71.308256,42.649539],[-71.307098,42.649001],[-71.305173,42.648113],[-71.302832,42.647281],[-71.302131,42.647091],[-71.302424,42.646523],[-71.305769,42.644382],[-71.302928,42.641745],[-71.304511,42.641627],[-71.304356,42.64029],[-71.308855,42.639248],[-71.308752,42.641054],[-71.315502,42.638699],[-71.315753,42.638889],[-71.315812,42.638381],[-71.316518,42.639206],[-71.317841,42.640015],[-71.31678,42.640632]]","07/31/2016 - 08/28/2016, Every day, Daily Average",2368,1764,3177
"1116","Harborwalk, Waterfront, Boston","[[-71.062911,42.361229],[-71.061856,42.36243],[-71.058261,42.363697],[-71.057757,42.363616],[-71.056105,42.362402],[-71.05542,42.361957],[-71.054925,42.362046],[-71.053826,42.363303],[-71.052111,42.363676],[-71.051647,42.36311],[-71.0512,42.363712],[-71.05109,42.364175],[-71.046389,42.363935],[-71.045918,42.361164],[-71.0455,42.359825],[-71.045566,42.359733],[-71.049595,42.354497],[-71.05106,42.355131],[-71.050851,42.356671],[-71.052158,42.358666],[-71.053518,42.358356],[-71.055759,42.356913],[-71.05771,42.356777],[-71.058737,42.356988],[-71.05829,42.35741],[-71.06151,42.358336],[-71.062642,42.357977],[-71.062875,42.359483],[-71.062911,42.361229]]","296","0 Cleverly Court, Quincy","[[-70.9922,42.24965],[-70.988763,42.252302],[-70.989545,42.252435],[-70.988927,42.253901],[-70.98479,42.253476],[-70.982492,42.254299],[-70.978764,42.253984],[-70.975392,42.253699],[-70.970091,42.249799],[-70.9644,42.248074],[-70.960191,42.246799],[-70.960909,42.246091],[-70.9648,42.246727],[-70.96541,42.246791],[-70.967124,42.244256],[-70.968591,42.2404],[-70.967991,42.237999],[-70.973018,42.237099],[-70.9775,42.238371],[-70.979909,42.23621],[-70.98184,42.23777],[-70.98412,42.23906],[-70.983929,42.239564],[-70.98381,42.24213],[-70.983706,42.243398],[-70.982507,42.248104],[-70.98499,42.24871],[-70.98643,42.24899],[-70.98885,42.2491],[-70.9922,42.24965]]","07/31/2016 - 08/28/2016, Every day, Daily Average",1619,1218,2150
"1116","Harborwalk, Waterfront, Boston","[[-71.062911,42.361229],[-71.061856,42.36243],[-71.058261,42.363697],[-71.057757,42.363616],[-71.056105,42.362402],[-71.05542,42.361957],[-71.054925,42.362046],[-71.053826,42.363303],[-71.052111,42.363676],[-71.051647,42.36311],[-71.0512,42.363712],[-71.05109,42.364175],[-71.046389,42.363935],[-71.045918,42.361164],[-71.0455,42.359825],[-71.045566,42.359733],[-71.049595,42.354497],[-71.05106,42.355131],[-71.050851,42.356671],[-71.052158,42.358666],[-71.053518,42.358356],[-71.055759,42.356913],[-71.05771,42.356777],[-71.058737,42.356988],[-71.05829,42.35741],[-71.06151,42.358336],[-71.062642,42.357977],[-71.062875,42.359483],[-71.062911,42.361229]]","297","100 Arlington Street, Bay Village, Boston","[[-71.075253,42.345884],[-71.073531,42.347262],[-71.072692,42.347931],[-71.072,42.349022],[-71.072659,42.35041],[-71.072822,42.350755],[-71.070455,42.351417],[-71.070655,42.351854],[-71.067533,42.352513],[-71.066868,42.350962],[-71.066485,42.348986],[-71.068193,42.347866],[-71.068503,42.347602],[-71.069855,42.345266],[-71.070205,42.344864],[-71.071584,42.343976],[-71.071863,42.343833],[-71.072746,42.345657],[-71.074872,42.345105],[-71.075253,42.345884]]","07/31/2016 - 08/28/2016, Every day, Daily Average",592,356,984
"1116","Harborwalk, Waterfront, Boston","[[-71.062911,42.361229],[-71.061856,42.36243],[-71.058261,42.363697],[-71.057757,42.363616],[-71.056105,42.362402],[-71.05542,42.361957],[-71.054925,42.362046],[-71.053826,42.363303],[-71.052111,42.363676],[-71.051647,42.36311],[-71.0512,42.363712],[-71.05109,42.364175],[-71.046389,42.363935],[-71.045918,42.361164],[-71.0455,42.359825],[-71.045566,42.359733],[-71.049595,42.354497],[-71.05106,42.355131],[-71.050851,42.356671],[-71.052158,42.358666],[-71.053518,42.358356],[-71.055759,42.356913],[-71.05771,42.356777],[-71.058737,42.356988],[-71.05829,42.35741],[-71.06151,42.358336],[-71.062642,42.357977],[-71.062875,42.359483],[-71.062911,42.361229]]","298","100 Whitford Street, Roslindale, Boston","[[-71.134785,42.276898],[-71.132758,42.2786],[-71.129751,42.281455],[-71.129082,42.280968],[-71.127577,42.282215],[-71.127942,42.282665],[-71.126787,42.283069],[-71.125127,42.28449],[-71.124041,42.282998],[-71.122433,42.281826],[-71.120675,42.280696],[-71.119712,42.280288],[-71.119993,42.278819],[-71.120378,42.278776],[-71.120303,42.27842],[-71.121435,42.274639],[-71.121456,42.273776],[-71.124914,42.272699],[-71.125794,42.273468],[-71.128245,42.274245],[-71.129434,42.27346],[-71.131121,42.273047],[-71.132703,42.274037],[-71.131642,42.274908],[-71.134626,42.276784],[-71.134785,42.276898]]","07/31/2016 - 08/28/2016, Every day, Daily Average",1690,1331,2144
"1116","Harborwalk, Waterfront, Boston","[[-71.062911,42.361229],[-71.061856,42.36243],[-71.058261,42.363697],[-71.057757,42.363616],[-71.056105,42.362402],[-71.05542,42.361957],[-71.054925,42.362046],[-71.053826,42.363303],[-71.052111,42.363676],[-71.051647,42.36311],[-71.0512,42.363712],[-71.05109,42.364175],[-71.046389,42.363935],[-71.045918,42.361164],[-71.0455,42.359825],[-71.045566,42.359733],[-71.049595,42.354497],[-71.05106,42.355131],[-71.050851,42.356671],[-71.052158,42.358666],[-71.053518,42.358356],[-71.055759,42.356913],[-71.05771,42.356777],[-71.058737,42.356988],[-71.05829,42.35741],[-71.06151,42.358336],[-71.062642,42.357977],[-71.062875,42.359483],[-71.062911,42.361229]]","299","0 Round Hill Street, Jamaica Plain, Boston","[[-71.109554,42.323371],[-71.106544,42.32651],[-71.104618,42.326092],[-71.102291,42.326348],[-71.100113,42.326418],[-71.099278,42.326361],[-71.098917,42.325025],[-71.099319,42.323994],[-71.100023,42.322772],[-71.101744,42.322892],[-71.104016,42.322819],[-71.104867,42.322721],[-71.108452,42.322389],[-71.109554,42.323371]]","07/31/2016 - 08/28/2016, Every day, Daily Average",1182,873,1598
"1116","Harborwalk, Waterfront, Boston","[[-71.062911,42.361229],[-71.061856,42.36243],[-71.058261,42.363697],[-71.057757,42.363616],[-71.056105,42.362402],[-71.05542,42.361957],[-71.054925,42.362046],[-71.053826,42.363303],[-71.052111,42.363676],[-71.051647,42.36311],[-71.0512,42.363712],[-71.05109,42.364175],[-71.046389,42.363935],[-71.045918,42.361164],[-71.0455,42.359825],[-71.045566,42.359733],[-71.049595,42.354497],[-71.05106,42.355131],[-71.050851,42.356671],[-71.052158,42.358666],[-71.053518,42.358356],[-71.055759,42.356913],[-71.05771,42.356777],[-71.058737,42.356988],[-71.05829,42.35741],[-71.06151,42.358336],[-71.062642,42.357977],[-71.062875,42.359483],[-71.062911,42.361229]]","301","0 John J Brady Drive, Framingham","[[-71.426841,42.298775],[-71.422508,42.298091],[-71.422351,42.298192],[-71.420542,42.297854],[-71.419375,42.297729],[-71.4089,42.29817],[-71.407992,42.298218],[-71.403615,42.29848],[-71.393325,42.298769],[-71.402518,42.293251],[-71.402125,42.291656],[-71.403585,42.291067],[-71.40939,42.288727],[-71.410154,42.287481],[-71.414749,42.288118],[-71.415558,42.289648],[-71.418845,42.290672],[-71.424032,42.289535],[-71.42437,42.288716],[-71.424573,42.288974],[-71.426604,42.291646],[-71.42747,42.292785],[-71.426841,42.298775]]","07/31/2016 - 08/28/2016, Every day, Daily Average",2022,1551,2635
"1116","Harborwalk, Waterfront, Boston","[[-71.062911,42.361229],[-71.061856,42.36243],[-71.058261,42.363697],[-71.057757,42.363616],[-71.056105,42.362402],[-71.05542,42.361957],[-71.054925,42.362046],[-71.053826,42.363303],[-71.052111,42.363676],[-71.051647,42.36311],[-71.0512,42.363712],[-71.05109,42.364175],[-71.046389,42.363935],[-71.045918,42.361164],[-71.0455,42.359825],[-71.045566,42.359733],[-71.049595,42.354497],[-71.05106,42.355131],[-71.050851,42.356671],[-71.052158,42.358666],[-71.053518,42.358356],[-71.055759,42.356913],[-71.05771,42.356777],[-71.058737,42.356988],[-71.05829,42.35741],[-71.06151,42.358336],[-71.062642,42.357977],[-71.062875,42.359483],[-71.062911,42.361229]]","302","0 Leon Street, Fenway/Kenmore, Boston","[[-71.092192,42.339139],[-71.092543,42.339513],[-71.093217,42.340889],[-71.092205,42.341335],[-71.090844,42.344077],[-71.090902,42.346544],[-71.089264,42.346887],[-71.089548,42.34541],[-71.089765,42.34466],[-71.089965,42.34392],[-71.090204,42.343189],[-71.090331,42.342605],[-71.091188,42.340949],[-71.09181,42.339871],[-71.091026,42.339608],[-71.086614,42.341474],[-71.084958,42.34277],[-71.084096,42.342192],[-71.083151,42.341622],[-71.084681,42.340293],[-71.090518,42.335665],[-71.095745,42.337727],[-71.092192,42.339139]]","07/31/2016 - 08/28/2016, Every day, Daily Average",846,535,1335
"1116","Harborwalk, Waterfront, Boston","[[-71.062911,42.361229],[-71.061856,42.36243],[-71.058261,42.363697],[-71.057757,42.363616],[-71.056105,42.362402],[-71.05542,42.361957],[-71.054925,42.362046],[-71.053826,42.363303],[-71.052111,42.363676],[-71.051647,42.36311],[-71.0512,42.363712],[-71.05109,42.364175],[-71.046389,42.363935],[-71.045918,42.361164],[-71.0455,42.359825],[-71.045566,42.359733],[-71.049595,42.354497],[-71.05106,42.355131],[-71.050851,42.356671],[-71.052158,42.358666],[-71.053518,42.358356],[-71.055759,42.356913],[-71.05771,42.356777],[-71.058737,42.356988],[-71.05829,42.35741],[-71.06151,42.358336],[-71.062642,42.357977],[-71.062875,42.359483],[-71.062911,42.361229]]","306","0 Massachusetts 114, Peabody","[[-70.927647,42.535907],[-70.921433,42.543245],[-70.919413,42.5428],[-70.91941,42.542788],[-70.91349,42.541494],[-70.913165,42.532532],[-70.912826,42.532393],[-70.913072,42.530535],[-70.912707,42.528057],[-70.91554,42.528822],[-70.918688,42.529687],[-70.920288,42.530024],[-70.920427,42.530039],[-70.923346,42.530023],[-70.925558,42.530096],[-70.92731,42.530354],[-70.927494,42.532448],[-70.928585,42.534797],[-70.927647,42.535907]]","07/31/2016 - 08/28/2016, Every day, Daily Average",1900,1483,2432
"1116","Harborwalk, Waterfront, Boston","[[-71.062911,42.361229],[-71.061856,42.36243],[-71.058261,42.363697],[-71.057757,42.363616],[-71.056105,42.362402],[-71.05542,42.361957],[-71.054925,42.362046],[-71.053826,42.363303],[-71.052111,42.363676],[-71.051647,42.36311],[-71.0512,42.363712],[-71.05109,42.364175],[-71.046389,42.363935],[-71.045918,42.361164],[-71.0455,42.359825],[-71.045566,42.359733],[-71.049595,42.354497],[-71.05106,42.355131],[-71.050851,42.356671],[-71.052158,42.358666],[-71.053518,42.358356],[-71.055759,42.356913],[-71.05771,42.356777],[-71.058737,42.356988],[-71.05829,42.35741],[-71.06151,42.358336],[-71.062642,42.357977],[-71.062875,42.359483],[-71.062911,42.361229]]","309","0 Fernwood Drive, Westford","[[-71.465165,42.631008],[-71.42214,42.651671],[-71.417652,42.653821],[-71.410899,42.629919],[-71.40709,42.616432],[-71.405401,42.610393],[-71.410242,42.607636],[-71.410992,42.609978],[-71.420108,42.603219],[-71.422631,42.601619],[-71.431731,42.597623],[-71.432615,42.59743],[-71.435126,42.597318],[-71.438,42.601201],[-71.438828,42.603236],[-71.441466,42.605903],[-71.443998,42.607029],[-71.444331,42.609067],[-71.44541,42.610763],[-71.447895,42.613014],[-71.451139,42.614381],[-71.45201,42.615182],[-71.457567,42.619489],[-71.459593,42.623369],[-71.45963,42.62459],[-71.465165,42.631008]]","07/31/2016 - 08/28/2016, Every day, Daily Average",2274,1881,2748
"1116","Harborwalk, Waterfront, Boston","[[-71.062911,42.361229],[-71.061856,42.36243],[-71.058261,42.363697],[-71.057757,42.363616],[-71.056105,42.362402],[-71.05542,42.361957],[-71.054925,42.362046],[-71.053826,42.363303],[-71.052111,42.363676],[-71.051647,42.36311],[-71.0512,42.363712],[-71.05109,42.364175],[-71.046389,42.363935],[-71.045918,42.361164],[-71.0455,42.359825],[-71.045566,42.359733],[-71.049595,42.354497],[-71.05106,42.355131],[-71.050851,42.356671],[-71.052158,42.358666],[-71.053518,42.358356],[-71.055759,42.356913],[-71.05771,42.356777],[-71.058737,42.356988],[-71.05829,42.35741],[-71.06151,42.358336],[-71.062642,42.357977],[-71.062875,42.359483],[-71.062911,42.361229]]","310","0 Sharon Street, Malden","[[-71.057796,42.430978],[-71.050538,42.431708],[-71.049013,42.432333],[-71.048034,42.432831],[-71.04611,42.433542],[-71.040208,42.433977],[-71.038755,42.434213],[-71.03932,42.432669],[-71.039729,42.431579],[-71.039955,42.430965],[-71.04226,42.424786],[-71.042766,42.42341],[-71.050681,42.422763],[-71.052853,42.421177],[-71.054821,42.422613],[-71.055546,42.423128],[-71.057195,42.424363],[-71.057751,42.425351],[-71.055431,42.426594],[-71.055812,42.427216],[-71.056071,42.42765],[-71.05646,42.428363],[-71.057796,42.430978]]","07/31/2016 - 08/28/2016, Every day, Daily Average",1211,872,1680
"1116","Harborwalk, Waterfront, Boston","[[-71.062911,42.361229],[-71.061856,42.36243],[-71.058261,42.363697],[-71.057757,42.363616],[-71.056105,42.362402],[-71.05542,42.361957],[-71.054925,42.362046],[-71.053826,42.363303],[-71.052111,42.363676],[-71.051647,42.36311],[-71.0512,42.363712],[-71.05109,42.364175],[-71.046389,42.363935],[-71.045918,42.361164],[-71.0455,42.359825],[-71.045566,42.359733],[-71.049595,42.354497],[-71.05106,42.355131],[-71.050851,42.356671],[-71.052158,42.358666],[-71.053518,42.358356],[-71.055759,42.356913],[-71.05771,42.356777],[-71.058737,42.356988],[-71.05829,42.35741],[-71.06151,42.358336],[-71.062642,42.357977],[-71.062875,42.359483],[-71.062911,42.361229]]","311","800 Monument Street, Concord","[[-71.408132,42.470036],[-71.393882,42.491215],[-71.384899,42.50455],[-71.369905,42.503789],[-71.350861,42.502878],[-71.317538,42.502425],[-71.318369,42.497536],[-71.318585,42.491157],[-71.319303,42.486289],[-71.31719,42.484694],[-71.318147,42.482839],[-71.320806,42.482184],[-71.321268,42.480515],[-71.320124,42.480332],[-71.318562,42.478538],[-71.318103,42.478063],[-71.317005,42.476629],[-71.31704,42.476479],[-71.313768,42.474182],[-71.309465,42.476404],[-71.306552,42.474427],[-71.304216,42.474693],[-71.301903,42.473254],[-71.298763,42.472865],[-71.289676,42.466182],[-71.289302,42.464557],[-71.298892,42.462738],[-71.303207,42.461343],[-71.304809,42.45276],[-71.30912,42.453117],[-71.313592,42.455012],[-71.32013,42.449866],[-71.333575,42.439249],[-71.334284,42.440145],[-71.339305,42.443371],[-71.343394,42.449128],[-71.349791,42.45262],[-71.356078,42.456015],[-71.359008,42.458639],[-71.35605,42.462036],[-71.35837,42.463957],[-71.357974,42.465404],[-71.3622,42.464572],[-71.363729,42.46586],[-71.363858,42.466838],[-71.362647,42.469564],[-71.362841,42.470515],[-71.365692,42.47106],[-71.369531,42.472524],[-71.373202,42.47065],[-71.374507,42.47052],[-71.377461,42.471235],[-71.380068,42.46907],[-71.383544,42.468807],[-71.385789,42.467119],[-71.39127,42.4658],[-71.408455,42.469552],[-71.408132,42.470036]]","07/31/2016 - 08/28/2016, Every day, Daily Average",1977,1605,2434
"1116","Harborwalk, Waterfront, Boston","[[-71.062911,42.361229],[-71.061856,42.36243],[-71.058261,42.363697],[-71.057757,42.363616],[-71.056105,42.362402],[-71.05542,42.361957],[-71.054925,42.362046],[-71.053826,42.363303],[-71.052111,42.363676],[-71.051647,42.36311],[-71.0512,42.363712],[-71.05109,42.364175],[-71.046389,42.363935],[-71.045918,42.361164],[-71.0455,42.359825],[-71.045566,42.359733],[-71.049595,42.354497],[-71.05106,42.355131],[-71.050851,42.356671],[-71.052158,42.358666],[-71.053518,42.358356],[-71.055759,42.356913],[-71.05771,42.356777],[-71.058737,42.356988],[-71.05829,42.35741],[-71.06151,42.358336],[-71.062642,42.357977],[-71.062875,42.359483],[-71.062911,42.361229]]","313","0 Pond Plain Road, Westwood","[[-71.251494,42.202635],[-71.24727,42.214374],[-71.243,42.21476],[-71.23911,42.21597],[-71.23715,42.21663],[-71.236379,42.217011],[-71.2346,42.21816],[-71.2294,42.220405],[-71.22543,42.22245],[-71.22236,42.22496],[-71.21563,42.22303],[-71.21294,42.22205],[-71.20548,42.22102],[-71.20256,42.22095],[-71.2024,42.21773],[-71.19915,42.21372],[-71.19816,42.21348],[-71.210702,42.208836],[-71.218025,42.201975],[-71.218976,42.201069],[-71.22461,42.195752],[-71.231777,42.188989],[-71.23516,42.18578],[-71.238302,42.182831],[-71.240917,42.185079],[-71.24032,42.186245],[-71.241858,42.188097],[-71.241925,42.192688],[-71.244342,42.196865],[-71.246301,42.197551],[-71.251476,42.202558],[-71.251494,42.202635]]","07/31/2016 - 08/28/2016, Every day, Daily Average",2203,1785,2717
"1116","Harborwalk, Waterfront, Boston","[[-71.062911,42.361229],[-71.061856,42.36243],[-71.058261,42.363697],[-71.057757,42.363616],[-71.056105,42.362402],[-71.05542,42.361957],[-71.054925,42.362046],[-71.053826,42.363303],[-71.052111,42.363676],[-71.051647,42.36311],[-71.0512,42.363712],[-71.05109,42.364175],[-71.046389,42.363935],[-71.045918,42.361164],[-71.0455,42.359825],[-71.045566,42.359733],[-71.049595,42.354497],[-71.05106,42.355131],[-71.050851,42.356671],[-71.052158,42.358666],[-71.053518,42.358356],[-71.055759,42.356913],[-71.05771,42.356777],[-71.058737,42.356988],[-71.05829,42.35741],[-71.06151,42.358336],[-71.062642,42.357977],[-71.062875,42.359483],[-71.062911,42.361229]]","314","1000 Pleasant Street, East Weymouth, Weymouth","[[-70.938226,42.20246],[-70.935393,42.206426],[-70.933009,42.208671],[-70.930823,42.209747],[-70.92792,42.21222],[-70.92715,42.21238],[-70.92538,42.21339],[-70.92528,42.21572],[-70.92237,42.21535],[-70.918209,42.214661],[-70.916269,42.214974],[-70.916765,42.210095],[-70.91719,42.208801],[-70.917388,42.206101],[-70.919199,42.193629],[-70.922819,42.194421],[-70.92926,42.19698],[-70.93411,42.19878],[-70.938633,42.199793],[-70.938226,42.20246]]","07/31/2016 - 08/28/2016, Every day, Daily Average",1776,1310,2406
"1116","Harborwalk, Waterfront, Boston","[[-71.062911,42.361229],[-71.061856,42.36243],[-71.058261,42.363697],[-71.057757,42.363616],[-71.056105,42.362402],[-71.05542,42.361957],[-71.054925,42.362046],[-71.053826,42.363303],[-71.052111,42.363676],[-71.051647,42.36311],[-71.0512,42.363712],[-71.05109,42.364175],[-71.046389,42.363935],[-71.045918,42.361164],[-71.0455,42.359825],[-71.045566,42.359733],[-71.049595,42.354497],[-71.05106,42.355131],[-71.050851,42.356671],[-71.052158,42.358666],[-71.053518,42.358356],[-71.055759,42.356913],[-71.05771,42.356777],[-71.058737,42.356988],[-71.05829,42.35741],[-71.06151,42.358336],[-71.062642,42.357977],[-71.062875,42.359483],[-71.062911,42.361229]]","316","Edgeworth, Charlestown, Boston","[[-71.060492,42.376923],[-71.059867,42.378054],[-71.057116,42.377089],[-71.056459,42.376924],[-71.056286,42.37741],[-71.055912,42.379115],[-71.054154,42.379039],[-71.052941,42.378428],[-71.055231,42.376225],[-71.056244,42.375311],[-71.058353,42.373706],[-71.058033,42.374405],[-71.060008,42.376072],[-71.060492,42.376923]]","07/31/2016 - 08/28/2016, Every day, Daily Average",464,266,806
"1116","Harborwalk, Waterfront, Boston","[[-71.062911,42.361229],[-71.061856,42.36243],[-71.058261,42.363697],[-71.057757,42.363616],[-71.056105,42.362402],[-71.05542,42.361957],[-71.054925,42.362046],[-71.053826,42.363303],[-71.052111,42.363676],[-71.051647,42.36311],[-71.0512,42.363712],[-71.05109,42.364175],[-71.046389,42.363935],[-71.045918,42.361164],[-71.0455,42.359825],[-71.045566,42.359733],[-71.049595,42.354497],[-71.05106,42.355131],[-71.050851,42.356671],[-71.052158,42.358666],[-71.053518,42.358356],[-71.055759,42.356913],[-71.05771,42.356777],[-71.058737,42.356988],[-71.05829,42.35741],[-71.06151,42.358336],[-71.062642,42.357977],[-71.062875,42.359483],[-71.062911,42.361229]]","317","100 Bowen Street, D Street / West Broadway, Boston","[[-71.057112,42.338333],[-71.05389,42.33624],[-71.052405,42.337488],[-71.05084,42.338795],[-71.04776,42.336812],[-71.045695,42.335452],[-71.047508,42.334599],[-71.049688,42.333549],[-71.051057,42.332794],[-71.052302,42.332046],[-71.053151,42.33152],[-71.056733,42.337375],[-71.057112,42.338333]]","07/31/2016 - 08/28/2016, Every day, Daily Average",723,486,1073
"1116","Harborwalk, Waterfront, Boston","[[-71.062911,42.361229],[-71.061856,42.36243],[-71.058261,42.363697],[-71.057757,42.363616],[-71.056105,42.362402],[-71.05542,42.361957],[-71.054925,42.362046],[-71.053826,42.363303],[-71.052111,42.363676],[-71.051647,42.36311],[-71.0512,42.363712],[-71.05109,42.364175],[-71.046389,42.363935],[-71.045918,42.361164],[-71.0455,42.359825],[-71.045566,42.359733],[-71.049595,42.354497],[-71.05106,42.355131],[-71.050851,42.356671],[-71.052158,42.358666],[-71.053518,42.358356],[-71.055759,42.356913],[-71.05771,42.356777],[-71.058737,42.356988],[-71.05829,42.35741],[-71.06151,42.358336],[-71.062642,42.357977],[-71.062875,42.359483],[-71.062911,42.361229]]","318","0 Stella Road, Roslindale, Boston","[[-71.119712,42.280288],[-71.119549,42.285511],[-71.118817,42.285501],[-71.118909,42.28496],[-71.112232,42.280214],[-71.113431,42.279941],[-71.115342,42.278039],[-71.116377,42.278859],[-71.115734,42.277295],[-71.117207,42.275871],[-71.119534,42.276868],[-71.119993,42.278819],[-71.119712,42.280288]]","07/31/2016 - 08/28/2016, Every day, Daily Average",1593,1211,2095
"1116","Harborwalk, Waterfront, Boston","[[-71.062911,42.361229],[-71.061856,42.36243],[-71.058261,42.363697],[-71.057757,42.363616],[-71.056105,42.362402],[-71.05542,42.361957],[-71.054925,42.362046],[-71.053826,42.363303],[-71.052111,42.363676],[-71.051647,42.36311],[-71.0512,42.363712],[-71.05109,42.364175],[-71.046389,42.363935],[-71.045918,42.361164],[-71.0455,42.359825],[-71.045566,42.359733],[-71.049595,42.354497],[-71.05106,42.355131],[-71.050851,42.356671],[-71.052158,42.358666],[-71.053518,42.358356],[-71.055759,42.356913],[-71.05771,42.356777],[-71.058737,42.356988],[-71.05829,42.35741],[-71.06151,42.358336],[-71.062642,42.357977],[-71.062875,42.359483],[-71.062911,42.361229]]","320","0 Pleasant Street, North Brookline, Brookline","[[-71.123859,42.349649],[-71.123522,42.351461],[-71.122901,42.351867],[-71.121311,42.351675],[-71.120286,42.351557],[-71.115808,42.351017],[-71.11617,42.3493],[-71.11662,42.34729],[-71.116576,42.346781],[-71.11718,42.34314],[-71.11753,42.34097],[-71.12106,42.3415],[-71.12123,42.342],[-71.12172,42.3425],[-71.12327,42.34339],[-71.122444,42.344246],[-71.12167,42.3461],[-71.12114,42.34848],[-71.12416,42.34895],[-71.123859,42.349649]]","07/31/2016 - 08/28/2016, Every day, Daily Average",1053,729,1520
"1116","Harborwalk, Waterfront, Boston","[[-71.062911,42.361229],[-71.061856,42.36243],[-71.058261,42.363697],[-71.057757,42.363616],[-71.056105,42.362402],[-71.05542,42.361957],[-71.054925,42.362046],[-71.053826,42.363303],[-71.052111,42.363676],[-71.051647,42.36311],[-71.0512,42.363712],[-71.05109,42.364175],[-71.046389,42.363935],[-71.045918,42.361164],[-71.0455,42.359825],[-71.045566,42.359733],[-71.049595,42.354497],[-71.05106,42.355131],[-71.050851,42.356671],[-71.052158,42.358666],[-71.053518,42.358356],[-71.055759,42.356913],[-71.05771,42.356777],[-71.058737,42.356988],[-71.05829,42.35741],[-71.06151,42.358336],[-71.062642,42.357977],[-71.062875,42.359483],[-71.062911,42.361229]]","324","0 Lambert Avenue, Lynn","[[-70.939041,42.477294],[-70.935953,42.481034],[-70.931756,42.484951],[-70.931147,42.484964],[-70.926596,42.475958],[-70.927141,42.475532],[-70.928582,42.474642],[-70.930807,42.473323],[-70.931238,42.473125],[-70.933305,42.472376],[-70.934588,42.471732],[-70.937581,42.474591],[-70.938914,42.475823],[-70.939041,42.477294]]","07/31/2016 - 08/28/2016, Every day, Daily Average",1928,1473,2522
"1116","Harborwalk, Waterfront, Boston","[[-71.062911,42.361229],[-71.061856,42.36243],[-71.058261,42.363697],[-71.057757,42.363616],[-71.056105,42.362402],[-71.05542,42.361957],[-71.054925,42.362046],[-71.053826,42.363303],[-71.052111,42.363676],[-71.051647,42.36311],[-71.0512,42.363712],[-71.05109,42.364175],[-71.046389,42.363935],[-71.045918,42.361164],[-71.0455,42.359825],[-71.045566,42.359733],[-71.049595,42.354497],[-71.05106,42.355131],[-71.050851,42.356671],[-71.052158,42.358666],[-71.053518,42.358356],[-71.055759,42.356913],[-71.05771,42.356777],[-71.058737,42.356988],[-71.05829,42.35741],[-71.06151,42.358336],[-71.062642,42.357977],[-71.062875,42.359483],[-71.062911,42.361229]]","325","0 Ayer Street, Peabody","[[-70.933001,42.520676],[-70.929209,42.523696],[-70.929384,42.5245],[-70.932721,42.526901],[-70.931904,42.527417],[-70.931664,42.527324],[-70.927286,42.525913],[-70.923121,42.524104],[-70.920102,42.522922],[-70.918898,42.52277],[-70.919785,42.520586],[-70.920876,42.519651],[-70.923101,42.517743],[-70.926328,42.514867],[-70.928586,42.513053],[-70.929249,42.514477],[-70.931385,42.517544],[-70.932,42.520395],[-70.933001,42.520676]]","07/31/2016 - 08/28/2016, Every day, Daily Average",1760,1476,2097
"1116","Harborwalk, Waterfront, Boston","[[-71.062911,42.361229],[-71.061856,42.36243],[-71.058261,42.363697],[-71.057757,42.363616],[-71.056105,42.362402],[-71.05542,42.361957],[-71.054925,42.362046],[-71.053826,42.363303],[-71.052111,42.363676],[-71.051647,42.36311],[-71.0512,42.363712],[-71.05109,42.364175],[-71.046389,42.363935],[-71.045918,42.361164],[-71.0455,42.359825],[-71.045566,42.359733],[-71.049595,42.354497],[-71.05106,42.355131],[-71.050851,42.356671],[-71.052158,42.358666],[-71.053518,42.358356],[-71.055759,42.356913],[-71.05771,42.356777],[-71.058737,42.356988],[-71.05829,42.35741],[-71.06151,42.358336],[-71.062642,42.357977],[-71.062875,42.359483],[-71.062911,42.361229]]","328","0 Clinton Street, Everett","[[-71.059419,42.402987],[-71.055567,42.407057],[-71.055152,42.407462],[-71.052173,42.410646],[-71.052025,42.410811],[-71.048196,42.415147],[-71.046228,42.413425],[-71.045673,42.412424],[-71.045685,42.409924],[-71.046189,42.408406],[-71.047584,42.405383],[-71.048201,42.404095],[-71.047455,42.403342],[-71.047629,42.402393],[-71.052962,42.403024],[-71.0573,42.403062],[-71.05976,42.402385],[-71.059419,42.402987]]","07/31/2016 - 08/28/2016, Every day, Daily Average",916,626,1340
"1116","Harborwalk, Waterfront, Boston","[[-71.062911,42.361229],[-71.061856,42.36243],[-71.058261,42.363697],[-71.057757,42.363616],[-71.056105,42.362402],[-71.05542,42.361957],[-71.054925,42.362046],[-71.053826,42.363303],[-71.052111,42.363676],[-71.051647,42.36311],[-71.0512,42.363712],[-71.05109,42.364175],[-71.046389,42.363935],[-71.045918,42.361164],[-71.0455,42.359825],[-71.045566,42.359733],[-71.049595,42.354497],[-71.05106,42.355131],[-71.050851,42.356671],[-71.052158,42.358666],[-71.053518,42.358356],[-71.055759,42.356913],[-71.05771,42.356777],[-71.058737,42.356988],[-71.05829,42.35741],[-71.06151,42.358336],[-71.062642,42.357977],[-71.062875,42.359483],[-71.062911,42.361229]]","329","0 Tyler Street, Ward Two, Somerville","[[-71.111775,42.384554],[-71.110644,42.384831],[-71.109152,42.385135],[-71.106386,42.384152],[-71.106884,42.383314],[-71.104546,42.384238],[-71.102723,42.383621],[-71.101243,42.383195],[-71.100403,42.384362],[-71.099312,42.383245],[-71.097507,42.381481],[-71.097172,42.381019],[-71.096186,42.379684],[-71.095919,42.379656],[-71.096387,42.379635],[-71.098763,42.379382],[-71.101078,42.37944],[-71.101428,42.379403],[-71.102797,42.379153],[-71.107272,42.378087],[-71.107855,42.379374],[-71.109649,42.380833],[-71.110643,42.38164],[-71.112585,42.383458],[-71.111775,42.384554]]","07/31/2016 - 08/28/2016, Every day, Daily Average",877,594,1293
"1116","Harborwalk, Waterfront, Boston","[[-71.062911,42.361229],[-71.061856,42.36243],[-71.058261,42.363697],[-71.057757,42.363616],[-71.056105,42.362402],[-71.05542,42.361957],[-71.054925,42.362046],[-71.053826,42.363303],[-71.052111,42.363676],[-71.051647,42.36311],[-71.0512,42.363712],[-71.05109,42.364175],[-71.046389,42.363935],[-71.045918,42.361164],[-71.0455,42.359825],[-71.045566,42.359733],[-71.049595,42.354497],[-71.05106,42.355131],[-71.050851,42.356671],[-71.052158,42.358666],[-71.053518,42.358356],[-71.055759,42.356913],[-71.05771,42.356777],[-71.058737,42.356988],[-71.05829,42.35741],[-71.06151,42.358336],[-71.062642,42.357977],[-71.062875,42.359483],[-71.062911,42.361229]]","330","100 Vassal Lane, West Cambridge, Cambridge","[[-71.141637,42.38719],[-71.135794,42.3846],[-71.134087,42.38384],[-71.131023,42.38241],[-71.13217,42.38151],[-71.137318,42.381306],[-71.138776,42.38117],[-71.140007,42.380935],[-71.141274,42.384526],[-71.141095,42.386266],[-71.141637,42.38719]]","07/31/2016 - 08/28/2016, Every day, Daily Average",1193,860,1653
"1116","Harborwalk, Waterfront, Boston","[[-71.062911,42.361229],[-71.061856,42.36243],[-71.058261,42.363697],[-71.057757,42.363616],[-71.056105,42.362402],[-71.05542,42.361957],[-71.054925,42.362046],[-71.053826,42.363303],[-71.052111,42.363676],[-71.051647,42.36311],[-71.0512,42.363712],[-71.05109,42.364175],[-71.046389,42.363935],[-71.045918,42.361164],[-71.0455,42.359825],[-71.045566,42.359733],[-71.049595,42.354497],[-71.05106,42.355131],[-71.050851,42.356671],[-71.052158,42.358666],[-71.053518,42.358356],[-71.055759,42.356913],[-71.05771,42.356777],[-71.058737,42.356988],[-71.05829,42.35741],[-71.06151,42.358336],[-71.062642,42.357977],[-71.062875,42.359483],[-71.062911,42.361229]]","331","0 Seaport Drive, Marina Bay, Quincy","[[-71.041694,42.305298],[-71.039685,42.305866],[-71.041333,42.302926],[-71.031588,42.300992],[-71.028974,42.301871],[-71.02422,42.301519],[-71.023507,42.29941],[-71.018991,42.298179],[-71.014951,42.302926],[-71.015216,42.306651],[-71.010031,42.305262],[-71.010825,42.304064],[-71.01384,42.30092],[-71.01488,42.29991],[-71.01681,42.2973],[-71.02002,42.29572],[-71.02122,42.29432],[-71.02164,42.29252],[-71.021884,42.2913],[-71.023537,42.287406],[-71.02728,42.28728],[-71.029445,42.286055],[-71.029038,42.28561],[-71.029884,42.285086],[-71.031284,42.284013],[-71.034593,42.282068],[-71.037894,42.284898],[-71.035294,42.288798],[-71.036666,42.291383],[-71.041294,42.300098],[-71.041387,42.301025],[-71.041694,42.305298]]","07/31/2016 - 08/28/2016, Every day, Daily Average",1029,704,1503
"1116","Harborwalk, Waterfront, Boston","[[-71.062911,42.361229],[-71.061856,42.36243],[-71.058261,42.363697],[-71.057757,42.363616],[-71.056105,42.362402],[-71.05542,42.361957],[-71.054925,42.362046],[-71.053826,42.363303],[-71.052111,42.363676],[-71.051647,42.36311],[-71.0512,42.363712],[-71.05109,42.364175],[-71.046389,42.363935],[-71.045918,42.361164],[-71.0455,42.359825],[-71.045566,42.359733],[-71.049595,42.354497],[-71.05106,42.355131],[-71.050851,42.356671],[-71.052158,42.358666],[-71.053518,42.358356],[-71.055759,42.356913],[-71.05771,42.356777],[-71.058737,42.356988],[-71.05829,42.35741],[-71.06151,42.358336],[-71.062642,42.357977],[-71.062875,42.359483],[-71.062911,42.361229]]","332","100 Wolf Pond Road, Kingston","[[-70.800384,42.016102],[-70.793289,42.013409],[-70.788005,42.012572],[-70.785777,42.003583],[-70.787584,42.001503],[-70.778284,41.998403],[-70.768184,41.996703],[-70.763784,41.998703],[-70.759784,41.995703],[-70.757984,41.997403],[-70.756283,41.996502],[-70.749082,41.994199],[-70.748301,41.993677],[-70.743801,41.99535],[-70.741618,41.995115],[-70.733567,41.993411],[-70.727672,41.9929],[-70.726308,41.992264],[-70.724594,41.991049],[-70.723627,41.990047],[-70.717433,41.988093],[-70.713498,41.987298],[-70.707667,41.987482],[-70.702567,41.984443],[-70.698362,41.982895],[-70.694617,41.98208],[-70.704316,41.972085],[-70.714642,41.961353],[-70.716337,41.957838],[-70.721146,41.954084],[-70.724142,41.952626],[-70.735085,41.945521],[-70.753527,41.933241],[-70.758692,41.947507],[-70.765687,41.967066],[-70.787478,41.97836],[-70.790425,41.987115],[-70.795924,42.00549],[-70.799329,42.013613],[-70.800384,42.016102]]","07/31/2016 - 08/28/2016, Every day, Daily Average",3033,2200,4179
"1116","Harborwalk, Waterfront, Boston","[[-71.062911,42.361229],[-71.061856,42.36243],[-71.058261,42.363697],[-71.057757,42.363616],[-71.056105,42.362402],[-71.05542,42.361957],[-71.054925,42.362046],[-71.053826,42.363303],[-71.052111,42.363676],[-71.051647,42.36311],[-71.0512,42.363712],[-71.05109,42.364175],[-71.046389,42.363935],[-71.045918,42.361164],[-71.0455,42.359825],[-71.045566,42.359733],[-71.049595,42.354497],[-71.05106,42.355131],[-71.050851,42.356671],[-71.052158,42.358666],[-71.053518,42.358356],[-71.055759,42.356913],[-71.05771,42.356777],[-71.058737,42.356988],[-71.05829,42.35741],[-71.06151,42.358336],[-71.062642,42.357977],[-71.062875,42.359483],[-71.062911,42.361229]]","333","0 Huntington Avenue, Prudential / St. Botolph, Boston","[[-71.085602,42.347884],[-71.083749,42.34838],[-71.079508,42.349508],[-71.077368,42.350075],[-71.076683,42.349395],[-71.072659,42.35041],[-71.072,42.349022],[-71.075163,42.348159],[-71.076201,42.347911],[-71.076028,42.347309],[-71.078086,42.345821],[-71.080082,42.344219],[-71.080911,42.344787],[-71.081821,42.345413],[-71.082757,42.345856],[-71.084406,42.346039],[-71.085602,42.347884]]","07/31/2016 - 08/28/2016, Every day, Daily Average",745,469,1183
"1116","Harborwalk, Waterfront, Boston","[[-71.062911,42.361229],[-71.061856,42.36243],[-71.058261,42.363697],[-71.057757,42.363616],[-71.056105,42.362402],[-71.05542,42.361957],[-71.054925,42.362046],[-71.053826,42.363303],[-71.052111,42.363676],[-71.051647,42.36311],[-71.0512,42.363712],[-71.05109,42.364175],[-71.046389,42.363935],[-71.045918,42.361164],[-71.0455,42.359825],[-71.045566,42.359733],[-71.049595,42.354497],[-71.05106,42.355131],[-71.050851,42.356671],[-71.052158,42.358666],[-71.053518,42.358356],[-71.055759,42.356913],[-71.05771,42.356777],[-71.058737,42.356988],[-71.05829,42.35741],[-71.06151,42.358336],[-71.062642,42.357977],[-71.062875,42.359483],[-71.062911,42.361229]]","334","0 Westbourne Street, Roslindale, Boston","[[-71.147775,42.285995],[-71.140547,42.286135],[-71.13933,42.286166],[-71.137424,42.286251],[-71.137615,42.285847],[-71.137475,42.28366],[-71.137227,42.280696],[-71.136998,42.278323],[-71.138649,42.276901],[-71.140269,42.275474],[-71.140653,42.275179],[-71.140928,42.276916],[-71.143956,42.280502],[-71.145519,42.281804],[-71.147025,42.283278],[-71.147504,42.284177],[-71.147775,42.285995]]","07/31/2016 - 08/28/2016, Every day, Daily Average",1801,1374,2359
"1116","Harborwalk, Waterfront, Boston","[[-71.062911,42.361229],[-71.061856,42.36243],[-71.058261,42.363697],[-71.057757,42.363616],[-71.056105,42.362402],[-71.05542,42.361957],[-71.054925,42.362046],[-71.053826,42.363303],[-71.052111,42.363676],[-71.051647,42.36311],[-71.0512,42.363712],[-71.05109,42.364175],[-71.046389,42.363935],[-71.045918,42.361164],[-71.0455,42.359825],[-71.045566,42.359733],[-71.049595,42.354497],[-71.05106,42.355131],[-71.050851,42.356671],[-71.052158,42.358666],[-71.053518,42.358356],[-71.055759,42.356913],[-71.05771,42.356777],[-71.058737,42.356988],[-71.05829,42.35741],[-71.06151,42.358336],[-71.062642,42.357977],[-71.062875,42.359483],[-71.062911,42.361229]]","335","100 Everett Avenue, Chelsea","[[-71.051567,42.39753],[-71.048208,42.396621],[-71.040887,42.401749],[-71.039892,42.402243],[-71.039306,42.402855],[-71.036232,42.402455],[-71.036831,42.401272],[-71.03781,42.400671],[-71.038062,42.399906],[-71.035584,42.397466],[-71.036525,42.39692],[-71.032955,42.395408],[-71.030379,42.394883],[-71.032723,42.393547],[-71.035969,42.391723],[-71.038265,42.390437],[-71.039229,42.389906],[-71.040842,42.388946],[-71.041906,42.388436],[-71.044213,42.390863],[-71.04367,42.391656],[-71.046529,42.392028],[-71.050002,42.393471],[-71.052995,42.396196],[-71.051567,42.39753]]","07/31/2016 - 08/28/2016, Every day, Daily Average",622,369,1045
"1116","Harborwalk, Waterfront, Boston","[[-71.062911,42.361229],[-71.061856,42.36243],[-71.058261,42.363697],[-71.057757,42.363616],[-71.056105,42.362402],[-71.05542,42.361957],[-71.054925,42.362046],[-71.053826,42.363303],[-71.052111,42.363676],[-71.051647,42.36311],[-71.0512,42.363712],[-71.05109,42.364175],[-71.046389,42.363935],[-71.045918,42.361164],[-71.0455,42.359825],[-71.045566,42.359733],[-71.049595,42.354497],[-71.05106,42.355131],[-71.050851,42.356671],[-71.052158,42.358666],[-71.053518,42.358356],[-71.055759,42.356913],[-71.05771,42.356777],[-71.058737,42.356988],[-71.05829,42.35741],[-71.06151,42.358336],[-71.062642,42.357977],[-71.062875,42.359483],[-71.062911,42.361229]]","339","0 Autumn Lane, Natick","[[-71.399391,42.280607],[-71.394969,42.281555],[-71.392335,42.281779],[-71.390612,42.281911],[-71.387979,42.282082],[-71.380586,42.282496],[-71.375864,42.282574],[-71.376317,42.279597],[-71.376303,42.278155],[-71.379993,42.272024],[-71.381728,42.270383],[-71.386899,42.2713],[-71.390365,42.271916],[-71.393724,42.272532],[-71.395861,42.272908],[-71.396546,42.275974],[-71.397218,42.279006],[-71.399391,42.280607]]","07/31/2016 - 08/28/2016, Every day, Daily Average",2220,1843,2673
"1116","Harborwalk, Waterfront, Boston","[[-71.062911,42.361229],[-71.061856,42.36243],[-71.058261,42.363697],[-71.057757,42.363616],[-71.056105,42.362402],[-71.05542,42.361957],[-71.054925,42.362046],[-71.053826,42.363303],[-71.052111,42.363676],[-71.051647,42.36311],[-71.0512,42.363712],[-71.05109,42.364175],[-71.046389,42.363935],[-71.045918,42.361164],[-71.0455,42.359825],[-71.045566,42.359733],[-71.049595,42.354497],[-71.05106,42.355131],[-71.050851,42.356671],[-71.052158,42.358666],[-71.053518,42.358356],[-71.055759,42.356913],[-71.05771,42.356777],[-71.058737,42.356988],[-71.05829,42.35741],[-71.06151,42.358336],[-71.062642,42.357977],[-71.062875,42.359483],[-71.062911,42.361229]]","340","0 Bent Avenue, Cochituate, Wayland","[[-71.394761,42.339569],[-71.391955,42.339303],[-71.390476,42.338178],[-71.385443,42.338117],[-71.38162,42.339173],[-71.374472,42.336706],[-71.372774,42.33784],[-71.370521,42.336907],[-71.366954,42.337506],[-71.364493,42.335591],[-71.364042,42.333762],[-71.361358,42.332678],[-71.361494,42.331837],[-71.358015,42.329286],[-71.355195,42.328672],[-71.348956,42.329135],[-71.348079,42.327129],[-71.344575,42.325719],[-71.344561,42.324546],[-71.338764,42.324896],[-71.337524,42.325134],[-71.33903,42.322617],[-71.342161,42.319108],[-71.345888,42.314929],[-71.355199,42.31717],[-71.360158,42.317052],[-71.363085,42.315846],[-71.3649,42.31536],[-71.368753,42.312837],[-71.371264,42.309994],[-71.373395,42.309855],[-71.377687,42.314669],[-71.381804,42.32852],[-71.388639,42.336419],[-71.389024,42.337569],[-71.394392,42.335663],[-71.394874,42.338654],[-71.394761,42.339569]]","07/31/2016 - 08/28/2016, Every day, Daily Average",1534,1162,2023
"1116","Harborwalk, Waterfront, Boston","[[-71.062911,42.361229],[-71.061856,42.36243],[-71.058261,42.363697],[-71.057757,42.363616],[-71.056105,42.362402],[-71.05542,42.361957],[-71.054925,42.362046],[-71.053826,42.363303],[-71.052111,42.363676],[-71.051647,42.36311],[-71.0512,42.363712],[-71.05109,42.364175],[-71.046389,42.363935],[-71.045918,42.361164],[-71.0455,42.359825],[-71.045566,42.359733],[-71.049595,42.354497],[-71.05106,42.355131],[-71.050851,42.356671],[-71.052158,42.358666],[-71.053518,42.358356],[-71.055759,42.356913],[-71.05771,42.356777],[-71.058737,42.356988],[-71.05829,42.35741],[-71.06151,42.358336],[-71.062642,42.357977],[-71.062875,42.359483],[-71.062911,42.361229]]","341","0 Fountain Avenue, East Somerville, Somerville","[[-71.095676,42.38813],[-71.093175,42.387361],[-71.090477,42.38652],[-71.087838,42.385692],[-71.084212,42.384563],[-71.082681,42.384143],[-71.08062,42.38376],[-71.0795,42.383348],[-71.080884,42.382141],[-71.086232,42.381315],[-71.087559,42.380988],[-71.089075,42.380557],[-71.089741,42.380109],[-71.09014,42.381425],[-71.091469,42.383282],[-71.091801,42.383816],[-71.091252,42.384165],[-71.093528,42.386379],[-71.09542,42.38743],[-71.096284,42.388304],[-71.095676,42.38813]]","07/31/2016 - 08/28/2016, Every day, Daily Average",616,368,1029
"1116","Harborwalk, Waterfront, Boston","[[-71.062911,42.361229],[-71.061856,42.36243],[-71.058261,42.363697],[-71.057757,42.363616],[-71.056105,42.362402],[-71.05542,42.361957],[-71.054925,42.362046],[-71.053826,42.363303],[-71.052111,42.363676],[-71.051647,42.36311],[-71.0512,42.363712],[-71.05109,42.364175],[-71.046389,42.363935],[-71.045918,42.361164],[-71.0455,42.359825],[-71.045566,42.359733],[-71.049595,42.354497],[-71.05106,42.355131],[-71.050851,42.356671],[-71.052158,42.358666],[-71.053518,42.358356],[-71.055759,42.356913],[-71.05771,42.356777],[-71.058737,42.356988],[-71.05829,42.35741],[-71.06151,42.358336],[-71.062642,42.357977],[-71.062875,42.359483],[-71.062911,42.361229]]","346","0 Meadowbrook Road, Grafton","[[-71.706031,42.224956],[-71.699417,42.226837],[-71.697387,42.227249],[-71.693743,42.227557],[-71.686854,42.227343],[-71.687538,42.22972],[-71.686839,42.231268],[-71.690198,42.23567],[-71.687783,42.235362],[-71.685349,42.238844],[-71.682934,42.239236],[-71.681618,42.240628],[-71.680702,42.23892],[-71.678991,42.238914],[-71.677248,42.243891],[-71.674329,42.244181],[-71.67467,42.242219],[-71.672986,42.239836],[-71.67096,42.239816],[-71.665824,42.240972],[-71.664078,42.240757],[-71.662475,42.242831],[-71.66342,42.243719],[-71.662591,42.245941],[-71.649399,42.247917],[-71.644438,42.226626],[-71.637199,42.183342],[-71.642691,42.182562],[-71.649218,42.181701],[-71.640961,42.174728],[-71.642709,42.17412],[-71.65558,42.183389],[-71.660605,42.17926],[-71.662973,42.179224],[-71.66954,42.183815],[-71.673108,42.184095],[-71.686267,42.184619],[-71.68987,42.188499],[-71.690008,42.188908],[-71.688872,42.194422],[-71.689388,42.196463],[-71.691413,42.199924],[-71.692928,42.205201],[-71.692772,42.208937],[-71.69088,42.213632],[-71.692307,42.215302],[-71.696934,42.218234],[-71.698942,42.220559],[-71.703155,42.222418],[-71.706031,42.224956]]","07/31/2016 - 08/28/2016, Every day, Daily Average",2904,1981,4255
"1116","Harborwalk, Waterfront, Boston","[[-71.062911,42.361229],[-71.061856,42.36243],[-71.058261,42.363697],[-71.057757,42.363616],[-71.056105,42.362402],[-71.05542,42.361957],[-71.054925,42.362046],[-71.053826,42.363303],[-71.052111,42.363676],[-71.051647,42.36311],[-71.0512,42.363712],[-71.05109,42.364175],[-71.046389,42.363935],[-71.045918,42.361164],[-71.0455,42.359825],[-71.045566,42.359733],[-71.049595,42.354497],[-71.05106,42.355131],[-71.050851,42.356671],[-71.052158,42.358666],[-71.053518,42.358356],[-71.055759,42.356913],[-71.05771,42.356777],[-71.058737,42.356988],[-71.05829,42.35741],[-71.06151,42.358336],[-71.062642,42.357977],[-71.062875,42.359483],[-71.062911,42.361229]]","359","100 Colonial Road, North Attleborough Center, North Attleborough","[[-71.364265,41.950136],[-71.350693,41.949163],[-71.345923,41.949059],[-71.339598,41.964797],[-71.339625,41.966363],[-71.334388,41.977768],[-71.329432,41.976528],[-71.329443,41.974685],[-71.329263,41.974721],[-71.326937,41.970625],[-71.323708,41.967505],[-71.323585,41.966614],[-71.322333,41.966352],[-71.320851,41.966545],[-71.320301,41.967455],[-71.315592,41.967927],[-71.313468,41.969844],[-71.310881,41.969629],[-71.311013,41.967279],[-71.309323,41.96718],[-71.309073,41.969473],[-71.30412,41.96895],[-71.29606,41.969244],[-71.296414,41.968163],[-71.307858,41.960247],[-71.332715,41.943033],[-71.335958,41.940786],[-71.340355,41.93828],[-71.352361,41.931421],[-71.352805,41.931168],[-71.354432,41.9335],[-71.359837,41.93787],[-71.362511,41.939754],[-71.364711,41.943999],[-71.363967,41.947959],[-71.3652,41.947977],[-71.364265,41.950136]]","07/31/2016 - 08/28/2016, Every day, Daily Average",2714,2200,3346
"1116","Harborwalk, Waterfront, Boston","[[-71.062911,42.361229],[-71.061856,42.36243],[-71.058261,42.363697],[-71.057757,42.363616],[-71.056105,42.362402],[-71.05542,42.361957],[-71.054925,42.362046],[-71.053826,42.363303],[-71.052111,42.363676],[-71.051647,42.36311],[-71.0512,42.363712],[-71.05109,42.364175],[-71.046389,42.363935],[-71.045918,42.361164],[-71.0455,42.359825],[-71.045566,42.359733],[-71.049595,42.354497],[-71.05106,42.355131],[-71.050851,42.356671],[-71.052158,42.358666],[-71.053518,42.358356],[-71.055759,42.356913],[-71.05771,42.356777],[-71.058737,42.356988],[-71.05829,42.35741],[-71.06151,42.358336],[-71.062642,42.357977],[-71.062875,42.359483],[-71.062911,42.361229]]","360","0 Landsdowne Street, MIT, Cambridge","[[-71.102583,42.364734],[-71.102033,42.364432],[-71.101438,42.36503],[-71.100719,42.366029],[-71.098802,42.365406],[-71.096275,42.364881],[-71.09674,42.363204],[-71.090785,42.362746],[-71.095412,42.360501],[-71.09934,42.35856],[-71.100125,42.358985],[-71.102478,42.36035],[-71.100783,42.361871],[-71.102432,42.362863],[-71.103733,42.36364],[-71.102583,42.364734]]","07/31/2016 - 08/28/2016, Every day, Daily Average",825,549,1238
"1116","Harborwalk, Waterfront, Boston","[[-71.062911,42.361229],[-71.061856,42.36243],[-71.058261,42.363697],[-71.057757,42.363616],[-71.056105,42.362402],[-71.05542,42.361957],[-71.054925,42.362046],[-71.053826,42.363303],[-71.052111,42.363676],[-71.051647,42.36311],[-71.0512,42.363712],[-71.05109,42.364175],[-71.046389,42.363935],[-71.045918,42.361164],[-71.0455,42.359825],[-71.045566,42.359733],[-71.049595,42.354497],[-71.05106,42.355131],[-71.050851,42.356671],[-71.052158,42.358666],[-71.053518,42.358356],[-71.055759,42.356913],[-71.05771,42.356777],[-71.058737,42.356988],[-71.05829,42.35741],[-71.06151,42.358336],[-71.062642,42.357977],[-71.062875,42.359483],[-71.062911,42.361229]]","361","0 Hayes Street, Riverside, Cambridge","[[-71.113578,42.365884],[-71.113508,42.367741],[-71.113512,42.368564],[-71.113448,42.369285],[-71.110746,42.368306],[-71.109438,42.367779],[-71.107281,42.366627],[-71.104994,42.365253],[-71.109016,42.364908],[-71.109892,42.364827],[-71.113901,42.364478],[-71.113578,42.365884]]","07/31/2016 - 08/28/2016, Every day, Daily Average",1089,778,1523
"1116","Harborwalk, Waterfront, Boston","[[-71.062911,42.361229],[-71.061856,42.36243],[-71.058261,42.363697],[-71.057757,42.363616],[-71.056105,42.362402],[-71.05542,42.361957],[-71.054925,42.362046],[-71.053826,42.363303],[-71.052111,42.363676],[-71.051647,42.36311],[-71.0512,42.363712],[-71.05109,42.364175],[-71.046389,42.363935],[-71.045918,42.361164],[-71.0455,42.359825],[-71.045566,42.359733],[-71.049595,42.354497],[-71.05106,42.355131],[-71.050851,42.356671],[-71.052158,42.358666],[-71.053518,42.358356],[-71.055759,42.356913],[-71.05771,42.356777],[-71.058737,42.356988],[-71.05829,42.35741],[-71.06151,42.358336],[-71.062642,42.357977],[-71.062875,42.359483],[-71.062911,42.361229]]","362","0 Roberts Road, Mid-Cambridge, Cambridge","[[-71.119483,42.373458],[-71.118822,42.374355],[-71.119617,42.376249],[-71.114293,42.375471],[-71.113293,42.376801],[-71.112358,42.377006],[-71.10813,42.377898],[-71.107272,42.378087],[-71.105943,42.376819],[-71.105427,42.376332],[-71.106121,42.37441],[-71.107947,42.372056],[-71.108615,42.372318],[-71.109725,42.372772],[-71.112446,42.373839],[-71.113353,42.371245],[-71.113905,42.370836],[-71.115954,42.371385],[-71.118364,42.371898],[-71.120151,42.372577],[-71.119483,42.373458]]","07/31/2016 - 08/28/2016, Every day, Daily Average",1136,809,1593
"1116","Harborwalk, Waterfront, Boston","[[-71.062911,42.361229],[-71.061856,42.36243],[-71.058261,42.363697],[-71.057757,42.363616],[-71.056105,42.362402],[-71.05542,42.361957],[-71.054925,42.362046],[-71.053826,42.363303],[-71.052111,42.363676],[-71.051647,42.36311],[-71.0512,42.363712],[-71.05109,42.364175],[-71.046389,42.363935],[-71.045918,42.361164],[-71.0455,42.359825],[-71.045566,42.359733],[-71.049595,42.354497],[-71.05106,42.355131],[-71.050851,42.356671],[-71.052158,42.358666],[-71.053518,42.358356],[-71.055759,42.356913],[-71.05771,42.356777],[-71.058737,42.356988],[-71.05829,42.35741],[-71.06151,42.358336],[-71.062642,42.357977],[-71.062875,42.359483],[-71.062911,42.361229]]","363","0 Channing Street, West Cambridge, Cambridge","[[-71.146371,42.37892],[-71.144042,42.380141],[-71.140007,42.380935],[-71.138776,42.38117],[-71.137318,42.381306],[-71.13217,42.38151],[-71.131023,42.38241],[-71.129775,42.381685],[-71.128855,42.381133],[-71.129639,42.380842],[-71.129855,42.377805],[-71.130145,42.377841],[-71.130579,42.374705],[-71.130997,42.373796],[-71.133197,42.372596],[-71.131997,42.369696],[-71.139997,42.364496],[-71.143501,42.364969],[-71.144248,42.366394],[-71.142945,42.366718],[-71.140599,42.370017],[-71.139992,42.373569],[-71.143925,42.374074],[-71.143831,42.375278],[-71.145695,42.375217],[-71.146945,42.37877],[-71.146371,42.37892]]","07/31/2016 - 08/28/2016, Every day, Daily Average",1000,685,1459
"1116","Harborwalk, Waterfront, Boston","[[-71.062911,42.361229],[-71.061856,42.36243],[-71.058261,42.363697],[-71.057757,42.363616],[-71.056105,42.362402],[-71.05542,42.361957],[-71.054925,42.362046],[-71.053826,42.363303],[-71.052111,42.363676],[-71.051647,42.36311],[-71.0512,42.363712],[-71.05109,42.364175],[-71.046389,42.363935],[-71.045918,42.361164],[-71.0455,42.359825],[-71.045566,42.359733],[-71.049595,42.354497],[-71.05106,42.355131],[-71.050851,42.356671],[-71.052158,42.358666],[-71.053518,42.358356],[-71.055759,42.356913],[-71.05771,42.356777],[-71.058737,42.356988],[-71.05829,42.35741],[-71.06151,42.358336],[-71.062642,42.357977],[-71.062875,42.359483],[-71.062911,42.361229]]","364","0 Richard Avenue, North Cambridge, Cambridge","[[-71.140793,42.399476],[-71.136277,42.401083],[-71.134921,42.402562],[-71.134514,42.404172],[-71.133653,42.403463],[-71.131292,42.401569],[-71.130698,42.400943],[-71.128821,42.398695],[-71.127788,42.397506],[-71.127375,42.397085],[-71.124368,42.393653],[-71.122987,42.392377],[-71.123934,42.391723],[-71.125015,42.392649],[-71.128744,42.39601],[-71.129463,42.396627],[-71.130319,42.397395],[-71.130905,42.397903],[-71.130905,42.397743],[-71.132136,42.397733],[-71.132454,42.39812],[-71.140444,42.398264],[-71.141344,42.398945],[-71.140793,42.399476]]","07/31/2016 - 08/28/2016, Every day, Daily Average",1113,804,1540
"1116","Harborwalk, Waterfront, Boston","[[-71.062911,42.361229],[-71.061856,42.36243],[-71.058261,42.363697],[-71.057757,42.363616],[-71.056105,42.362402],[-71.05542,42.361957],[-71.054925,42.362046],[-71.053826,42.363303],[-71.052111,42.363676],[-71.051647,42.36311],[-71.0512,42.363712],[-71.05109,42.364175],[-71.046389,42.363935],[-71.045918,42.361164],[-71.0455,42.359825],[-71.045566,42.359733],[-71.049595,42.354497],[-71.05106,42.355131],[-71.050851,42.356671],[-71.052158,42.358666],[-71.053518,42.358356],[-71.055759,42.356913],[-71.05771,42.356777],[-71.058737,42.356988],[-71.05829,42.35741],[-71.06151,42.358336],[-71.062642,42.357977],[-71.062875,42.359483],[-71.062911,42.361229]]","365","100 Palmer Street, Arlington","[[-71.151407,42.416647],[-71.149084,42.41621],[-71.14844,42.416426],[-71.144709,42.420103],[-71.143355,42.420589],[-71.142832,42.420579],[-71.142844,42.419752],[-71.140688,42.417109],[-71.138315,42.415543],[-71.136793,42.415188],[-71.132317,42.415216],[-71.1324,42.414573],[-71.132415,42.40901],[-71.133833,42.407026],[-71.13706,42.408543],[-71.137452,42.408721],[-71.14153,42.410688],[-71.142476,42.4111],[-71.143274,42.411435],[-71.144338,42.411877],[-71.147187,42.413049],[-71.150699,42.414378],[-71.153287,42.415441],[-71.151407,42.416647]]","07/31/2016 - 08/28/2016, Every day, Daily Average",935,667,1309
"1116","Harborwalk, Waterfront, Boston","[[-71.062911,42.361229],[-71.061856,42.36243],[-71.058261,42.363697],[-71.057757,42.363616],[-71.056105,42.362402],[-71.05542,42.361957],[-71.054925,42.362046],[-71.053826,42.363303],[-71.052111,42.363676],[-71.051647,42.36311],[-71.0512,42.363712],[-71.05109,42.364175],[-71.046389,42.363935],[-71.045918,42.361164],[-71.0455,42.359825],[-71.045566,42.359733],[-71.049595,42.354497],[-71.05106,42.355131],[-71.050851,42.356671],[-71.052158,42.358666],[-71.053518,42.358356],[-71.055759,42.356913],[-71.05771,42.356777],[-71.058737,42.356988],[-71.05829,42.35741],[-71.06151,42.358336],[-71.062642,42.357977],[-71.062875,42.359483],[-71.062911,42.361229]]","366","0 Eastern Avenue, Arlington","[[-71.181952,42.412665],[-71.181398,42.412973],[-71.1796,42.414455],[-71.178978,42.415391],[-71.178797,42.416353],[-71.17588,42.418825],[-71.174192,42.421187],[-71.172515,42.421769],[-71.174442,42.423209],[-71.175577,42.426034],[-71.174368,42.427054],[-71.174341,42.428267],[-71.17175,42.42738],[-71.170228,42.428971],[-71.169068,42.42408],[-71.165989,42.42301],[-71.164597,42.422785],[-71.162764,42.421777],[-71.165842,42.41832],[-71.166289,42.418529],[-71.16849,42.419662],[-71.172164,42.416898],[-71.170031,42.415827],[-71.173287,42.412992],[-71.171999,42.412267],[-71.173097,42.411337],[-71.174424,42.40937],[-71.177705,42.410212],[-71.181634,42.410882],[-71.183712,42.411374],[-71.181952,42.412665]]","07/31/2016 - 08/28/2016, Every day, Daily Average",1272,955,1692
"1116","Harborwalk, Waterfront, Boston","[[-71.062911,42.361229],[-71.061856,42.36243],[-71.058261,42.363697],[-71.057757,42.363616],[-71.056105,42.362402],[-71.05542,42.361957],[-71.054925,42.362046],[-71.053826,42.363303],[-71.052111,42.363676],[-71.051647,42.36311],[-71.0512,42.363712],[-71.05109,42.364175],[-71.046389,42.363935],[-71.045918,42.361164],[-71.0455,42.359825],[-71.045566,42.359733],[-71.049595,42.354497],[-71.05106,42.355131],[-71.050851,42.356671],[-71.052158,42.358666],[-71.053518,42.358356],[-71.055759,42.356913],[-71.05771,42.356777],[-71.058737,42.356988],[-71.05829,42.35741],[-71.06151,42.358336],[-71.062642,42.357977],[-71.062875,42.359483],[-71.062911,42.361229]]","367","0 Pleasant Street, Lexington","[[-71.22313,42.432173],[-71.222252,42.434219],[-71.218144,42.434506],[-71.214575,42.435949],[-71.210205,42.434829],[-71.209084,42.435568],[-71.203026,42.440113],[-71.197548,42.437729],[-71.196283,42.436177],[-71.191367,42.433691],[-71.189415,42.428339],[-71.19162,42.426064],[-71.192559,42.425097],[-71.192807,42.424842],[-71.195676,42.42206],[-71.199907,42.417703],[-71.202612,42.414826],[-71.203178,42.414279],[-71.207636,42.409799],[-71.215211,42.414453],[-71.218928,42.415564],[-71.217982,42.417073],[-71.214841,42.418399],[-71.215004,42.418666],[-71.216847,42.419925],[-71.219797,42.422229],[-71.219768,42.424913],[-71.220656,42.427201],[-71.225603,42.429055],[-71.22313,42.432173]]","07/31/2016 - 08/28/2016, Every day, Daily Average",1426,1077,1887
"1116","Harborwalk, Waterfront, Boston","[[-71.062911,42.361229],[-71.061856,42.36243],[-71.058261,42.363697],[-71.057757,42.363616],[-71.056105,42.362402],[-71.05542,42.361957],[-71.054925,42.362046],[-71.053826,42.363303],[-71.052111,42.363676],[-71.051647,42.36311],[-71.0512,42.363712],[-71.05109,42.364175],[-71.046389,42.363935],[-71.045918,42.361164],[-71.0455,42.359825],[-71.045566,42.359733],[-71.049595,42.354497],[-71.05106,42.355131],[-71.050851,42.356671],[-71.052158,42.358666],[-71.053518,42.358356],[-71.055759,42.356913],[-71.05771,42.356777],[-71.058737,42.356988],[-71.05829,42.35741],[-71.06151,42.358336],[-71.062642,42.357977],[-71.062875,42.359483],[-71.062911,42.361229]]","368","0 Hayden Avenue, Lexington","[[-71.259568,42.435624],[-71.257804,42.435625],[-71.255213,42.436573],[-71.246119,42.435425],[-71.241585,42.434287],[-71.237429,42.43544],[-71.234641,42.435876],[-71.231206,42.43468],[-71.229069,42.4339],[-71.222252,42.434219],[-71.22313,42.432173],[-71.225603,42.429055],[-71.220656,42.427201],[-71.219768,42.424913],[-71.219797,42.422229],[-71.216847,42.419925],[-71.215004,42.418666],[-71.214841,42.418399],[-71.217982,42.417073],[-71.218928,42.415564],[-71.215211,42.414453],[-71.207636,42.409799],[-71.211261,42.406074],[-71.232919,42.413171],[-71.251538,42.419288],[-71.256995,42.421116],[-71.259604,42.433572],[-71.259568,42.435624]]","07/31/2016 - 08/28/2016, Every day, Daily Average",1511,1173,1946
"1116","Harborwalk, Waterfront, Boston","[[-71.062911,42.361229],[-71.061856,42.36243],[-71.058261,42.363697],[-71.057757,42.363616],[-71.056105,42.362402],[-71.05542,42.361957],[-71.054925,42.362046],[-71.053826,42.363303],[-71.052111,42.363676],[-71.051647,42.36311],[-71.0512,42.363712],[-71.05109,42.364175],[-71.046389,42.363935],[-71.045918,42.361164],[-71.0455,42.359825],[-71.045566,42.359733],[-71.049595,42.354497],[-71.05106,42.355131],[-71.050851,42.356671],[-71.052158,42.358666],[-71.053518,42.358356],[-71.055759,42.356913],[-71.05771,42.356777],[-71.058737,42.356988],[-71.05829,42.35741],[-71.06151,42.358336],[-71.062642,42.357977],[-71.062875,42.359483],[-71.062911,42.361229]]","369","200 Waltham Street, Lexington","[[-71.27052,42.448333],[-71.264926,42.447323],[-71.260059,42.449176],[-71.258295,42.448972],[-71.255542,42.447272],[-71.254186,42.447092],[-71.24731,42.447176],[-71.237141,42.449111],[-71.232754,42.449532],[-71.230495,42.45019],[-71.230047,42.45042],[-71.227587,42.448479],[-71.222007,42.446803],[-71.220621,42.446322],[-71.220004,42.446374],[-71.218657,42.445969],[-71.216383,42.444568],[-71.209084,42.435568],[-71.210205,42.434829],[-71.214575,42.435949],[-71.218144,42.434506],[-71.222252,42.434219],[-71.229069,42.4339],[-71.231206,42.43468],[-71.234641,42.435876],[-71.237429,42.43544],[-71.241585,42.434287],[-71.246119,42.435425],[-71.255213,42.436573],[-71.257804,42.435625],[-71.259568,42.435624],[-71.259604,42.433572],[-71.256995,42.421116],[-71.26723,42.424438],[-71.26615,42.429916],[-71.266697,42.432011],[-71.269018,42.440494],[-71.27052,42.448333]]","07/31/2016 - 08/28/2016, Every day, Daily Average",1619,1258,2082
"1116","Harborwalk, Waterfront, Boston","[[-71.062911,42.361229],[-71.061856,42.36243],[-71.058261,42.363697],[-71.057757,42.363616],[-71.056105,42.362402],[-71.05542,42.361957],[-71.054925,42.362046],[-71.053826,42.363303],[-71.052111,42.363676],[-71.051647,42.36311],[-71.0512,42.363712],[-71.05109,42.364175],[-71.046389,42.363935],[-71.045918,42.361164],[-71.0455,42.359825],[-71.045566,42.359733],[-71.049595,42.354497],[-71.05106,42.355131],[-71.050851,42.356671],[-71.052158,42.358666],[-71.053518,42.358356],[-71.055759,42.356913],[-71.05771,42.356777],[-71.058737,42.356988],[-71.05829,42.35741],[-71.06151,42.358336],[-71.062642,42.357977],[-71.062875,42.359483],[-71.062911,42.361229]]","370","100 Old Billerica Road, Bedford","[[-71.283478,42.525674],[-71.280832,42.526408],[-71.277149,42.526538],[-71.265803,42.524373],[-71.256396,42.523992],[-71.254572,42.522593],[-71.25249,42.524078],[-71.250142,42.52573],[-71.24949,42.525244],[-71.242576,42.51994],[-71.24148,42.520665],[-71.240056,42.519716],[-71.236924,42.511491],[-71.233544,42.508693],[-71.231897,42.506367],[-71.237348,42.496457],[-71.24089,42.490033],[-71.244171,42.488536],[-71.251986,42.485015],[-71.256553,42.478559],[-71.261515,42.476246],[-71.262445,42.474923],[-71.272867,42.484297],[-71.275215,42.485642],[-71.277485,42.485809],[-71.277602,42.486068],[-71.276535,42.487097],[-71.276211,42.490697],[-71.275086,42.495019],[-71.275593,42.499131],[-71.275445,42.501512],[-71.276653,42.504023],[-71.275397,42.510473],[-71.275548,42.513802],[-71.275905,42.514752],[-71.282117,42.519461],[-71.283478,42.525674]]","07/31/2016 - 08/28/2016, Every day, Daily Average",1551,1203,1999
"1116","Harborwalk, Waterfront, Boston","[[-71.062911,42.361229],[-71.061856,42.36243],[-71.058261,42.363697],[-71.057757,42.363616],[-71.056105,42.362402],[-71.05542,42.361957],[-71.054925,42.362046],[-71.053826,42.363303],[-71.052111,42.363676],[-71.051647,42.36311],[-71.0512,42.363712],[-71.05109,42.364175],[-71.046389,42.363935],[-71.045918,42.361164],[-71.0455,42.359825],[-71.045566,42.359733],[-71.049595,42.354497],[-71.05106,42.355131],[-71.050851,42.356671],[-71.052158,42.358666],[-71.053518,42.358356],[-71.055759,42.356913],[-71.05771,42.356777],[-71.058737,42.356988],[-71.05829,42.35741],[-71.06151,42.358336],[-71.062642,42.357977],[-71.062875,42.359483],[-71.062911,42.361229]]","374","0 Connector Road, Westborough","[[-71.636839,42.296339],[-71.634113,42.297487],[-71.63314,42.300565],[-71.606616,42.303207],[-71.590837,42.3048],[-71.580091,42.305891],[-71.562528,42.28884],[-71.546111,42.272901],[-71.542879,42.269799],[-71.542937,42.26718],[-71.549466,42.266124],[-71.552226,42.267313],[-71.556974,42.26804],[-71.559098,42.267718],[-71.564584,42.266985],[-71.57799,42.262486],[-71.586759,42.259545],[-71.589855,42.251265],[-71.591019,42.25193],[-71.591742,42.25422],[-71.593267,42.256374],[-71.598237,42.257523],[-71.607194,42.258068],[-71.609157,42.259124],[-71.603751,42.260336],[-71.602736,42.261665],[-71.600621,42.262812],[-71.596575,42.267006],[-71.599777,42.266919],[-71.601524,42.268145],[-71.601025,42.269516],[-71.60369,42.272518],[-71.605455,42.276273],[-71.608815,42.276615],[-71.610197,42.278092],[-71.615523,42.277795],[-71.619293,42.276228],[-71.620794,42.276419],[-71.621303,42.276717],[-71.622077,42.274499],[-71.624927,42.274284],[-71.626064,42.275657],[-71.62821,42.278851],[-71.631665,42.282774],[-71.633533,42.289466],[-71.637294,42.294468],[-71.636839,42.296339]]","07/31/2016 - 08/28/2016, Every day, Daily Average",2468,1819,3346
"1116","Harborwalk, Waterfront, Boston","[[-71.062911,42.361229],[-71.061856,42.36243],[-71.058261,42.363697],[-71.057757,42.363616],[-71.056105,42.362402],[-71.05542,42.361957],[-71.054925,42.362046],[-71.053826,42.363303],[-71.052111,42.363676],[-71.051647,42.36311],[-71.0512,42.363712],[-71.05109,42.364175],[-71.046389,42.363935],[-71.045918,42.361164],[-71.0455,42.359825],[-71.045566,42.359733],[-71.049595,42.354497],[-71.05106,42.355131],[-71.050851,42.356671],[-71.052158,42.358666],[-71.053518,42.358356],[-71.055759,42.356913],[-71.05771,42.356777],[-71.058737,42.356988],[-71.05829,42.35741],[-71.06151,42.358336],[-71.062642,42.357977],[-71.062875,42.359483],[-71.062911,42.361229]]","375","0 Mason Street, Attleboro","[[-71.352514,41.918684],[-71.350804,41.91952],[-71.351229,41.92274],[-71.350213,41.924049],[-71.351555,41.925701],[-71.352361,41.931421],[-71.340355,41.93828],[-71.335958,41.940786],[-71.332715,41.943033],[-71.307858,41.960247],[-71.307815,41.959142],[-71.308147,41.953826],[-71.306451,41.95234],[-71.304336,41.951192],[-71.30251,41.9527],[-71.298344,41.95283],[-71.296669,41.951938],[-71.297111,41.950171],[-71.294947,41.949385],[-71.294959,41.946445],[-71.290166,41.944441],[-71.291248,41.944136],[-71.294078,41.943791],[-71.293294,41.940164],[-71.294027,41.937423],[-71.294765,41.936905],[-71.298873,41.934863],[-71.301487,41.936643],[-71.303699,41.934102],[-71.300764,41.933632],[-71.300353,41.933571],[-71.302728,41.929502],[-71.305046,41.927721],[-71.313369,41.922415],[-71.311908,41.920867],[-71.308453,41.920491],[-71.305871,41.917831],[-71.307192,41.916898],[-71.308636,41.917121],[-71.3113,41.916361],[-71.314405,41.914222],[-71.314999,41.915021],[-71.317492,41.915527],[-71.318041,41.913945],[-71.319767,41.913315],[-71.318144,41.909123],[-71.319601,41.905159],[-71.322951,41.902778],[-71.325396,41.901621],[-71.325552,41.900356],[-71.338656,41.89861],[-71.338698,41.898399],[-71.339741,41.898272],[-71.339589,41.899298],[-71.340014,41.899984],[-71.341619,41.901187],[-71.342951,41.900579],[-71.343431,41.901099],[-71.344101,41.904293],[-71.34775,41.905216],[-71.348501,41.906613],[-71.351606,41.907476],[-71.352336,41.909222],[-71.351731,41.910793],[-71.352381,41.913175],[-71.351491,41.913743],[-71.352574,41.914833],[-71.352514,41.918684]]","07/31/2016 - 08/28/2016, Every day, Daily Average",2579,2139,3108
"1116","Harborwalk, Waterfront, Boston","[[-71.062911,42.361229],[-71.061856,42.36243],[-71.058261,42.363697],[-71.057757,42.363616],[-71.056105,42.362402],[-71.05542,42.361957],[-71.054925,42.362046],[-71.053826,42.363303],[-71.052111,42.363676],[-71.051647,42.36311],[-71.0512,42.363712],[-71.05109,42.364175],[-71.046389,42.363935],[-71.045918,42.361164],[-71.0455,42.359825],[-71.045566,42.359733],[-71.049595,42.354497],[-71.05106,42.355131],[-71.050851,42.356671],[-71.052158,42.358666],[-71.053518,42.358356],[-71.055759,42.356913],[-71.05771,42.356777],[-71.058737,42.356988],[-71.05829,42.35741],[-71.06151,42.358336],[-71.062642,42.357977],[-71.062875,42.359483],[-71.062911,42.361229]]","380","0 3 Ponds Road, Wayland","[[-71.383485,42.376618],[-71.382973,42.378212],[-71.384037,42.37998],[-71.381364,42.38342],[-71.378829,42.384434],[-71.378537,42.385803],[-71.377351,42.386613],[-71.377344,42.387774],[-71.375472,42.388679],[-71.372688,42.387206],[-71.372484,42.389278],[-71.370297,42.388465],[-71.368254,42.390074],[-71.365716,42.3894],[-71.364429,42.390222],[-71.365104,42.390872],[-71.364152,42.392434],[-71.362392,42.391669],[-71.361715,42.392188],[-71.362187,42.394036],[-71.361626,42.395317],[-71.362421,42.396328],[-71.364461,42.396294],[-71.369273,42.39778],[-71.36984,42.398642],[-71.367244,42.400037],[-71.369669,42.401356],[-71.368436,42.403137],[-71.368505,42.404163],[-71.370667,42.405099],[-71.373221,42.405479],[-71.374567,42.407238],[-71.374425,42.407939],[-71.370755,42.409699],[-71.367724,42.410528],[-71.366326,42.412715],[-71.341222,42.402839],[-71.332599,42.399441],[-71.334549,42.396107],[-71.335878,42.393942],[-71.334986,42.386237],[-71.332931,42.367813],[-71.361473,42.364429],[-71.367812,42.368961],[-71.371129,42.372482],[-71.374164,42.374123],[-71.381608,42.374162],[-71.387474,42.375406],[-71.383485,42.376618]]","07/31/2016 - 08/28/2016, Every day, Daily Average",2223,1788,2763
"1116","Harborwalk, Waterfront, Boston","[[-71.062911,42.361229],[-71.061856,42.36243],[-71.058261,42.363697],[-71.057757,42.363616],[-71.056105,42.362402],[-71.05542,42.361957],[-71.054925,42.362046],[-71.053826,42.363303],[-71.052111,42.363676],[-71.051647,42.36311],[-71.0512,42.363712],[-71.05109,42.364175],[-71.046389,42.363935],[-71.045918,42.361164],[-71.0455,42.359825],[-71.045566,42.359733],[-71.049595,42.354497],[-71.05106,42.355131],[-71.050851,42.356671],[-71.052158,42.358666],[-71.053518,42.358356],[-71.055759,42.356913],[-71.05771,42.356777],[-71.058737,42.356988],[-71.05829,42.35741],[-71.06151,42.358336],[-71.062642,42.357977],[-71.062875,42.359483],[-71.062911,42.361229]]","384","0 Davis Road, Bedford","[[-71.320806,42.482184],[-71.318147,42.482839],[-71.31719,42.484694],[-71.319303,42.486289],[-71.318585,42.491157],[-71.318369,42.497536],[-71.317538,42.502425],[-71.317708,42.504796],[-71.316606,42.507091],[-71.31409,42.509086],[-71.308211,42.513695],[-71.306233,42.514564],[-71.306904,42.517492],[-71.306565,42.520562],[-71.303974,42.519931],[-71.283478,42.525674],[-71.282117,42.519461],[-71.275905,42.514752],[-71.275548,42.513802],[-71.275397,42.510473],[-71.276653,42.504023],[-71.275445,42.501512],[-71.275593,42.499131],[-71.275086,42.495019],[-71.276211,42.490697],[-71.276535,42.487097],[-71.277602,42.486068],[-71.277485,42.485809],[-71.275215,42.485642],[-71.272867,42.484297],[-71.262445,42.474923],[-71.263299,42.473587],[-71.264777,42.471396],[-71.265314,42.470601],[-71.267088,42.468057],[-71.272695,42.459704],[-71.277889,42.46071],[-71.279501,42.459676],[-71.28184,42.45964],[-71.28294,42.461171],[-71.287976,42.464917],[-71.289676,42.466182],[-71.298763,42.472865],[-71.301903,42.473254],[-71.304216,42.474693],[-71.306552,42.474427],[-71.309465,42.476404],[-71.313768,42.474182],[-71.31704,42.476479],[-71.317005,42.476629],[-71.318103,42.478063],[-71.318562,42.478538],[-71.320124,42.480332],[-71.321268,42.480515],[-71.320806,42.482184]]","07/31/2016 - 08/28/2016, Every day, Daily Average",1835,1453,2316
"1116","Harborwalk, Waterfront, Boston","[[-71.062911,42.361229],[-71.061856,42.36243],[-71.058261,42.363697],[-71.057757,42.363616],[-71.056105,42.362402],[-71.05542,42.361957],[-71.054925,42.362046],[-71.053826,42.363303],[-71.052111,42.363676],[-71.051647,42.36311],[-71.0512,42.363712],[-71.05109,42.364175],[-71.046389,42.363935],[-71.045918,42.361164],[-71.0455,42.359825],[-71.045566,42.359733],[-71.049595,42.354497],[-71.05106,42.355131],[-71.050851,42.356671],[-71.052158,42.358666],[-71.053518,42.358356],[-71.055759,42.356913],[-71.05771,42.356777],[-71.058737,42.356988],[-71.05829,42.35741],[-71.06151,42.358336],[-71.062642,42.357977],[-71.062875,42.359483],[-71.062911,42.361229]]","385","0 Sandy Pond Road, Lincoln","[[-71.365078,42.413671],[-71.363815,42.41612],[-71.364563,42.418238],[-71.364573,42.420079],[-71.362863,42.420943],[-71.360791,42.420859],[-71.357186,42.41979],[-71.354475,42.421992],[-71.354461,42.422816],[-71.35256,42.426923],[-71.335379,42.437776],[-71.333575,42.439249],[-71.32013,42.449866],[-71.313592,42.455012],[-71.30912,42.453117],[-71.304809,42.45276],[-71.303207,42.461343],[-71.298892,42.462738],[-71.294367,42.459713],[-71.292918,42.46134],[-71.29093,42.460855],[-71.288552,42.452935],[-71.285115,42.449194],[-71.28386,42.448953],[-71.278566,42.449433],[-71.278276,42.44917],[-71.277757,42.449055],[-71.277192,42.449143],[-71.275676,42.449619],[-71.27405,42.450241],[-71.272543,42.450571],[-71.272969,42.451216],[-71.273608,42.452182],[-71.271039,42.451044],[-71.27052,42.448333],[-71.269018,42.440494],[-71.266697,42.432011],[-71.26615,42.429916],[-71.26723,42.424438],[-71.26941,42.420838],[-71.271765,42.416775],[-71.270859,42.416497],[-71.273865,42.410901],[-71.274421,42.409877],[-71.281416,42.41218],[-71.286031,42.404097],[-71.281205,42.402691],[-71.282825,42.399728],[-71.283233,42.398983],[-71.289728,42.401028],[-71.293482,42.40222],[-71.29952,42.401273],[-71.309799,42.399588],[-71.310936,42.397824],[-71.312223,42.395824],[-71.313524,42.39628],[-71.315244,42.39348],[-71.317685,42.392121],[-71.319859,42.392874],[-71.321524,42.392683],[-71.334549,42.396107],[-71.332599,42.399441],[-71.341222,42.402839],[-71.366326,42.412715],[-71.365078,42.413671]]","07/31/2016 - 08/28/2016, Every day, Daily Average",1734,1361,2207
"1116","Harborwalk, Waterfront, Boston","[[-71.062911,42.361229],[-71.061856,42.36243],[-71.058261,42.363697],[-71.057757,42.363616],[-71.056105,42.362402],[-71.05542,42.361957],[-71.054925,42.362046],[-71.053826,42.363303],[-71.052111,42.363676],[-71.051647,42.36311],[-71.0512,42.363712],[-71.05109,42.364175],[-71.046389,42.363935],[-71.045918,42.361164],[-71.0455,42.359825],[-71.045566,42.359733],[-71.049595,42.354497],[-71.05106,42.355131],[-71.050851,42.356671],[-71.052158,42.358666],[-71.053518,42.358356],[-71.055759,42.356913],[-71.05771,42.356777],[-71.058737,42.356988],[-71.05829,42.35741],[-71.06151,42.358336],[-71.062642,42.357977],[-71.062875,42.359483],[-71.062911,42.361229]]","386","800 Sudbury Road, Concord","[[-71.394189,42.427157],[-71.394481,42.431379],[-71.394111,42.435815],[-71.391694,42.444048],[-71.389135,42.449862],[-71.389298,42.45254],[-71.390855,42.454622],[-71.389787,42.456333],[-71.389847,42.456744],[-71.393091,42.459652],[-71.393362,42.461244],[-71.39127,42.4658],[-71.385789,42.467119],[-71.383544,42.468807],[-71.380068,42.46907],[-71.377461,42.471235],[-71.374507,42.47052],[-71.373202,42.47065],[-71.369531,42.472524],[-71.365692,42.47106],[-71.362841,42.470515],[-71.362647,42.469564],[-71.363858,42.466838],[-71.363729,42.46586],[-71.3622,42.464572],[-71.357974,42.465404],[-71.35837,42.463957],[-71.35605,42.462036],[-71.359008,42.458639],[-71.356078,42.456015],[-71.349791,42.45262],[-71.343394,42.449128],[-71.339305,42.443371],[-71.334284,42.440145],[-71.333575,42.439249],[-71.335379,42.437776],[-71.35256,42.426923],[-71.354461,42.422816],[-71.354475,42.421992],[-71.357186,42.41979],[-71.360791,42.420859],[-71.362863,42.420943],[-71.364573,42.420079],[-71.364563,42.418238],[-71.363815,42.41612],[-71.365078,42.413671],[-71.366326,42.412715],[-71.37459,42.415841],[-71.396264,42.42402],[-71.394189,42.427157]]","07/31/2016 - 08/28/2016, Every day, Daily Average",2031,1649,2500
"1116","Harborwalk, Waterfront, Boston","[[-71.062911,42.361229],[-71.061856,42.36243],[-71.058261,42.363697],[-71.057757,42.363616],[-71.056105,42.362402],[-71.05542,42.361957],[-71.054925,42.362046],[-71.053826,42.363303],[-71.052111,42.363676],[-71.051647,42.36311],[-71.0512,42.363712],[-71.05109,42.364175],[-71.046389,42.363935],[-71.045918,42.361164],[-71.0455,42.359825],[-71.045566,42.359733],[-71.049595,42.354497],[-71.05106,42.355131],[-71.050851,42.356671],[-71.052158,42.358666],[-71.053518,42.358356],[-71.055759,42.356913],[-71.05771,42.356777],[-71.058737,42.356988],[-71.05829,42.35741],[-71.06151,42.358336],[-71.062642,42.357977],[-71.062875,42.359483],[-71.062911,42.361229]]","387","0 Hammond Street, Acton","[[-71.473528,42.500177],[-71.443939,42.509059],[-71.434718,42.522486],[-71.432551,42.520542],[-71.431724,42.518652],[-71.429326,42.515917],[-71.424508,42.513262],[-71.422687,42.511882],[-71.420965,42.5096],[-71.420535,42.504383],[-71.419486,42.501934],[-71.420319,42.500379],[-71.421628,42.497048],[-71.426653,42.490805],[-71.431281,42.487377],[-71.434432,42.484961],[-71.43875,42.482556],[-71.443553,42.481433],[-71.446297,42.47989],[-71.44847,42.477967],[-71.450822,42.48128],[-71.454479,42.486302],[-71.459821,42.491033],[-71.461877,42.492773],[-71.463001,42.493622],[-71.473813,42.499764],[-71.473528,42.500177]]","07/31/2016 - 08/28/2016, Every day, Daily Average",2417,2003,2916
"1116","Harborwalk, Waterfront, Boston","[[-71.062911,42.361229],[-71.061856,42.36243],[-71.058261,42.363697],[-71.057757,42.363616],[-71.056105,42.362402],[-71.05542,42.361957],[-71.054925,42.362046],[-71.053826,42.363303],[-71.052111,42.363676],[-71.051647,42.36311],[-71.0512,42.363712],[-71.05109,42.364175],[-71.046389,42.363935],[-71.045918,42.361164],[-71.0455,42.359825],[-71.045566,42.359733],[-71.049595,42.354497],[-71.05106,42.355131],[-71.050851,42.356671],[-71.052158,42.358666],[-71.053518,42.358356],[-71.055759,42.356913],[-71.05771,42.356777],[-71.058737,42.356988],[-71.05829,42.35741],[-71.06151,42.358336],[-71.062642,42.357977],[-71.062875,42.359483],[-71.062911,42.361229]]","388","0 Sandy Drive, Acton","[[-71.456499,42.463926],[-71.455966,42.469893],[-71.453764,42.474867],[-71.45294,42.475614],[-71.44847,42.477967],[-71.446297,42.47989],[-71.443553,42.481433],[-71.43875,42.482556],[-71.434432,42.484961],[-71.431281,42.487377],[-71.426653,42.490805],[-71.421628,42.497048],[-71.420319,42.500379],[-71.419486,42.501934],[-71.41816,42.498754],[-71.418631,42.496169],[-71.41869,42.492831],[-71.418014,42.489797],[-71.41762,42.485867],[-71.414924,42.479159],[-71.41148,42.475761],[-71.408132,42.470036],[-71.408455,42.469552],[-71.41495,42.459898],[-71.417369,42.456302],[-71.417622,42.455926],[-71.430389,42.436937],[-71.435216,42.438831],[-71.452606,42.445678],[-71.453841,42.446161],[-71.454609,42.453528],[-71.454057,42.459083],[-71.45447,42.460033],[-71.456291,42.463108],[-71.456499,42.463926]]","07/31/2016 - 08/28/2016, Every day, Daily Average",2343,1898,2890
"1116","Harborwalk, Waterfront, Boston","[[-71.062911,42.361229],[-71.061856,42.36243],[-71.058261,42.363697],[-71.057757,42.363616],[-71.056105,42.362402],[-71.05542,42.361957],[-71.054925,42.362046],[-71.053826,42.363303],[-71.052111,42.363676],[-71.051647,42.36311],[-71.0512,42.363712],[-71.05109,42.364175],[-71.046389,42.363935],[-71.045918,42.361164],[-71.0455,42.359825],[-71.045566,42.359733],[-71.049595,42.354497],[-71.05106,42.355131],[-71.050851,42.356671],[-71.052158,42.358666],[-71.053518,42.358356],[-71.055759,42.356913],[-71.05771,42.356777],[-71.058737,42.356988],[-71.05829,42.35741],[-71.06151,42.358336],[-71.062642,42.357977],[-71.062875,42.359483],[-71.062911,42.361229]]","389","0 Captain Forbush Lane, Acton","[[-71.481996,42.487854],[-71.473813,42.499764],[-71.463001,42.493622],[-71.461877,42.492773],[-71.459821,42.491033],[-71.454479,42.486302],[-71.450822,42.48128],[-71.44847,42.477967],[-71.45294,42.475614],[-71.453764,42.474867],[-71.455966,42.469893],[-71.456499,42.463926],[-71.456291,42.463108],[-71.45447,42.460033],[-71.462041,42.460945],[-71.463807,42.461473],[-71.467191,42.463637],[-71.468575,42.465616],[-71.473148,42.476101],[-71.473565,42.476946],[-71.475527,42.480329],[-71.481996,42.487854]]","07/31/2016 - 08/28/2016, Every day, Daily Average",2460,1994,3034
"1116","Harborwalk, Waterfront, Boston","[[-71.062911,42.361229],[-71.061856,42.36243],[-71.058261,42.363697],[-71.057757,42.363616],[-71.056105,42.362402],[-71.05542,42.361957],[-71.054925,42.362046],[-71.053826,42.363303],[-71.052111,42.363676],[-71.051647,42.36311],[-71.0512,42.363712],[-71.05109,42.364175],[-71.046389,42.363935],[-71.045918,42.361164],[-71.0455,42.359825],[-71.045566,42.359733],[-71.049595,42.354497],[-71.05106,42.355131],[-71.050851,42.356671],[-71.052158,42.358666],[-71.053518,42.358356],[-71.055759,42.356913],[-71.05771,42.356777],[-71.058737,42.356988],[-71.05829,42.35741],[-71.06151,42.358336],[-71.062642,42.357977],[-71.062875,42.359483],[-71.062911,42.361229]]","391","0 Colonial Way, Weston","[[-71.332931,42.367813],[-71.313796,42.370077],[-71.311357,42.370539],[-71.305758,42.372218],[-71.300053,42.372074],[-71.298392,42.372261],[-71.29566,42.371763],[-71.289403,42.371583],[-71.285329,42.37222],[-71.277251,42.37555],[-71.276009,42.375886],[-71.273713,42.373834],[-71.270644,42.369571],[-71.273441,42.365822],[-71.271558,42.363224],[-71.270327,42.362997],[-71.269131,42.362918],[-71.269181,42.360574],[-71.26565,42.355578],[-71.263381,42.354388],[-71.261041,42.35365],[-71.260385,42.353633],[-71.258689,42.349805],[-71.260297,42.348413],[-71.259829,42.345545],[-71.261323,42.344404],[-71.261674,42.341558],[-71.260597,42.340914],[-71.257946,42.341065],[-71.255739,42.339539],[-71.25867,42.336923],[-71.259647,42.335134],[-71.264599,42.33446],[-71.265572,42.331425],[-71.267565,42.33076],[-71.270292,42.330864],[-71.269919,42.328096],[-71.281536,42.325234],[-71.291793,42.322602],[-71.306002,42.319096],[-71.317239,42.316125],[-71.319101,42.315597],[-71.327327,42.313746],[-71.327444,42.321114],[-71.328399,42.328935],[-71.328779,42.331683],[-71.332273,42.361731],[-71.332931,42.367813]]","07/31/2016 - 08/28/2016, Every day, Daily Average",1318,983,1766
"1116","Harborwalk, Waterfront, Boston","[[-71.062911,42.361229],[-71.061856,42.36243],[-71.058261,42.363697],[-71.057757,42.363616],[-71.056105,42.362402],[-71.05542,42.361957],[-71.054925,42.362046],[-71.053826,42.363303],[-71.052111,42.363676],[-71.051647,42.36311],[-71.0512,42.363712],[-71.05109,42.364175],[-71.046389,42.363935],[-71.045918,42.361164],[-71.0455,42.359825],[-71.045566,42.359733],[-71.049595,42.354497],[-71.05106,42.355131],[-71.050851,42.356671],[-71.052158,42.358666],[-71.053518,42.358356],[-71.055759,42.356913],[-71.05771,42.356777],[-71.058737,42.356988],[-71.05829,42.35741],[-71.06151,42.358336],[-71.062642,42.357977],[-71.062875,42.359483],[-71.062911,42.361229]]","400","400 Slosberg Music Center, South Street, Brandeis, Waltham","[[-71.273441,42.365822],[-71.270644,42.369571],[-71.269175,42.370052],[-71.268078,42.370679],[-71.266995,42.371775],[-71.261483,42.373769],[-71.255123,42.374131],[-71.254013,42.374228],[-71.252957,42.374365],[-71.250995,42.374367],[-71.250041,42.374377],[-71.249798,42.37278],[-71.246517,42.373103],[-71.243685,42.374007],[-71.243215,42.372862],[-71.242589,42.371863],[-71.239751,42.373223],[-71.238001,42.373799],[-71.236521,42.374087],[-71.236581,42.373153],[-71.240963,42.371649],[-71.243681,42.368847],[-71.245392,42.36667],[-71.246202,42.362096],[-71.249372,42.361996],[-71.251459,42.359293],[-71.253068,42.355704],[-71.25351,42.354873],[-71.254795,42.354287],[-71.255884,42.353801],[-71.25646,42.354816],[-71.260385,42.353633],[-71.261041,42.35365],[-71.263381,42.354388],[-71.26565,42.355578],[-71.269181,42.360574],[-71.269131,42.362918],[-71.270327,42.362997],[-71.271558,42.363224],[-71.273441,42.365822]]","07/31/2016 - 08/28/2016, Every day, Daily Average",1501,1171,1922
"1116","Harborwalk, Waterfront, Boston","[[-71.062911,42.361229],[-71.061856,42.36243],[-71.058261,42.363697],[-71.057757,42.363616],[-71.056105,42.362402],[-71.05542,42.361957],[-71.054925,42.362046],[-71.053826,42.363303],[-71.052111,42.363676],[-71.051647,42.36311],[-71.0512,42.363712],[-71.05109,42.364175],[-71.046389,42.363935],[-71.045918,42.361164],[-71.0455,42.359825],[-71.045566,42.359733],[-71.049595,42.354497],[-71.05106,42.355131],[-71.050851,42.356671],[-71.052158,42.358666],[-71.053518,42.358356],[-71.055759,42.356913],[-71.05771,42.356777],[-71.058737,42.356988],[-71.05829,42.35741],[-71.06151,42.358336],[-71.062642,42.357977],[-71.062875,42.359483],[-71.062911,42.361229]]","401","Cottage Street, North Waltham, Waltham","[[-71.233442,42.412005],[-71.232919,42.413171],[-71.211261,42.406074],[-71.202679,42.403714],[-71.201899,42.40247],[-71.201397,42.400188],[-71.200619,42.399574],[-71.203432,42.398457],[-71.204535,42.396248],[-71.206237,42.397002],[-71.207238,42.395564],[-71.203145,42.393231],[-71.203376,42.392999],[-71.202173,42.392061],[-71.2025,42.391797],[-71.205172,42.386494],[-71.209785,42.383765],[-71.211397,42.384462],[-71.213328,42.384902],[-71.213547,42.386083],[-71.214346,42.387667],[-71.217002,42.388602],[-71.217836,42.391071],[-71.220585,42.392847],[-71.217224,42.396705],[-71.216975,42.397065],[-71.215908,42.399214],[-71.21505,42.400781],[-71.214728,42.401454],[-71.216386,42.403939],[-71.217163,42.40486],[-71.220745,42.406895],[-71.226224,42.408492],[-71.23377,42.410966],[-71.233442,42.412005]]","07/31/2016 - 08/28/2016, Every day, Daily Average",1711,1368,2138
"1116","Harborwalk, Waterfront, Boston","[[-71.062911,42.361229],[-71.061856,42.36243],[-71.058261,42.363697],[-71.057757,42.363616],[-71.056105,42.362402],[-71.05542,42.361957],[-71.054925,42.362046],[-71.053826,42.363303],[-71.052111,42.363676],[-71.051647,42.36311],[-71.0512,42.363712],[-71.05109,42.364175],[-71.046389,42.363935],[-71.045918,42.361164],[-71.0455,42.359825],[-71.045566,42.359733],[-71.049595,42.354497],[-71.05106,42.355131],[-71.050851,42.356671],[-71.052158,42.358666],[-71.053518,42.358356],[-71.055759,42.356913],[-71.05771,42.356777],[-71.058737,42.356988],[-71.05829,42.35741],[-71.06151,42.358336],[-71.062642,42.357977],[-71.062875,42.359483],[-71.062911,42.361229]]","402","100 Edward Road, Watertown","[[-71.217093,42.366614],[-71.21152,42.371319],[-71.208515,42.37385],[-71.203133,42.373318],[-71.201127,42.372796],[-71.199414,42.371987],[-71.195332,42.371011],[-71.194368,42.372731],[-71.190891,42.371604],[-71.190597,42.372658],[-71.189376,42.37429],[-71.187482,42.373107],[-71.184664,42.371038],[-71.18329,42.370034],[-71.179831,42.367467],[-71.180054,42.36734],[-71.181116,42.366672],[-71.184338,42.365225],[-71.185551,42.364839],[-71.185977,42.362699],[-71.188832,42.362676],[-71.190205,42.361284],[-71.190231,42.360384],[-71.193092,42.361052],[-71.195899,42.361996],[-71.192101,42.365506],[-71.195204,42.367825],[-71.196805,42.36711],[-71.198328,42.367477],[-71.200478,42.366345],[-71.204491,42.365808],[-71.207321,42.364179],[-71.2109,42.364183],[-71.213326,42.364896],[-71.216445,42.365913],[-71.217093,42.366614]]","07/31/2016 - 08/28/2016, Every day, Daily Average",1208,893,1633
"1116","Harborwalk, Waterfront, Boston","[[-71.062911,42.361229],[-71.061856,42.36243],[-71.058261,42.363697],[-71.057757,42.363616],[-71.056105,42.362402],[-71.05542,42.361957],[-71.054925,42.362046],[-71.053826,42.363303],[-71.052111,42.363676],[-71.051647,42.36311],[-71.0512,42.363712],[-71.05109,42.364175],[-71.046389,42.363935],[-71.045918,42.361164],[-71.0455,42.359825],[-71.045566,42.359733],[-71.049595,42.354497],[-71.05106,42.355131],[-71.050851,42.356671],[-71.052158,42.358666],[-71.053518,42.358356],[-71.055759,42.356913],[-71.05771,42.356777],[-71.058737,42.356988],[-71.05829,42.35741],[-71.06151,42.358336],[-71.062642,42.357977],[-71.062875,42.359483],[-71.062911,42.361229]]","403","0 Rossmere Street, Newtonville, Newton","[[-71.216966,42.359874],[-71.214055,42.363409],[-71.21359,42.364566],[-71.213326,42.364896],[-71.2109,42.364183],[-71.207321,42.364179],[-71.204491,42.365808],[-71.204381,42.365122],[-71.206005,42.363696],[-71.209537,42.361503],[-71.207728,42.36024],[-71.208808,42.359281],[-71.206071,42.357347],[-71.206937,42.356706],[-71.203188,42.355882],[-71.198834,42.354009],[-71.195678,42.354861],[-71.196806,42.353808],[-71.202044,42.352284],[-71.206481,42.351217],[-71.210803,42.350556],[-71.214088,42.350113],[-71.214211,42.351174],[-71.213611,42.354153],[-71.216944,42.359221],[-71.216734,42.35986],[-71.216966,42.359874]]","07/31/2016 - 08/28/2016, Every day, Daily Average",1056,756,1473
"1116","Harborwalk, Waterfront, Boston","[[-71.062911,42.361229],[-71.061856,42.36243],[-71.058261,42.363697],[-71.057757,42.363616],[-71.056105,42.362402],[-71.05542,42.361957],[-71.054925,42.362046],[-71.053826,42.363303],[-71.052111,42.363676],[-71.051647,42.36311],[-71.0512,42.363712],[-71.05109,42.364175],[-71.046389,42.363935],[-71.045918,42.361164],[-71.0455,42.359825],[-71.045566,42.359733],[-71.049595,42.354497],[-71.05106,42.355131],[-71.050851,42.356671],[-71.052158,42.358666],[-71.053518,42.358356],[-71.055759,42.356913],[-71.05771,42.356777],[-71.058737,42.356988],[-71.05829,42.35741],[-71.06151,42.358336],[-71.062642,42.357977],[-71.062875,42.359483],[-71.062911,42.361229]]","404","200 Herrick Road, Newton Centre, Newton","[[-71.207015,42.330824],[-71.194842,42.330063],[-71.192233,42.330445],[-71.186061,42.331474],[-71.186051,42.330356],[-71.178026,42.328838],[-71.176026,42.327016],[-71.175741,42.32529],[-71.178459,42.323923],[-71.179189,42.320667],[-71.181086,42.319342],[-71.179064,42.319401],[-71.183161,42.319095],[-71.186954,42.318611],[-71.187721,42.318577],[-71.194388,42.318951],[-71.202011,42.319177],[-71.202843,42.321832],[-71.20143,42.322772],[-71.203343,42.327004],[-71.206173,42.327839],[-71.20618,42.328041],[-71.207015,42.330824]]","07/31/2016 - 08/28/2016, Every day, Daily Average",1555,1178,2051
"1116","Harborwalk, Waterfront, Boston","[[-71.062911,42.361229],[-71.061856,42.36243],[-71.058261,42.363697],[-71.057757,42.363616],[-71.056105,42.362402],[-71.05542,42.361957],[-71.054925,42.362046],[-71.053826,42.363303],[-71.052111,42.363676],[-71.051647,42.36311],[-71.0512,42.363712],[-71.05109,42.364175],[-71.046389,42.363935],[-71.045918,42.361164],[-71.0455,42.359825],[-71.045566,42.359733],[-71.049595,42.354497],[-71.05106,42.355131],[-71.050851,42.356671],[-71.052158,42.358666],[-71.053518,42.358356],[-71.055759,42.356913],[-71.05771,42.356777],[-71.058737,42.356988],[-71.05829,42.35741],[-71.06151,42.358336],[-71.062642,42.357977],[-71.062875,42.359483],[-71.062911,42.361229]]","405","Upper Falls Greenway, Newton Highlands, Newton","[[-71.228195,42.316833],[-71.225777,42.317066],[-71.212518,42.318787],[-71.21195,42.318883],[-71.209663,42.319199],[-71.208569,42.319308],[-71.207731,42.319356],[-71.204084,42.3192],[-71.202893,42.317785],[-71.202675,42.317242],[-71.205014,42.315552],[-71.206318,42.315918],[-71.20612,42.313514],[-71.209106,42.313567],[-71.209103,42.312327],[-71.205565,42.305763],[-71.211262,42.303115],[-71.213183,42.306224],[-71.218426,42.306853],[-71.220832,42.306457],[-71.224018,42.307346],[-71.226894,42.308452],[-71.227118,42.312399],[-71.22632,42.31412],[-71.227689,42.315473],[-71.228195,42.316833]]","07/31/2016 - 08/28/2016, Every day, Daily Average",1728,1276,2339
"1116","Harborwalk, Waterfront, Boston","[[-71.062911,42.361229],[-71.061856,42.36243],[-71.058261,42.363697],[-71.057757,42.363616],[-71.056105,42.362402],[-71.05542,42.361957],[-71.054925,42.362046],[-71.053826,42.363303],[-71.052111,42.363676],[-71.051647,42.36311],[-71.0512,42.363712],[-71.05109,42.364175],[-71.046389,42.363935],[-71.045918,42.361164],[-71.0455,42.359825],[-71.045566,42.359733],[-71.049595,42.354497],[-71.05106,42.355131],[-71.050851,42.356671],[-71.052158,42.358666],[-71.053518,42.358356],[-71.055759,42.356913],[-71.05771,42.356777],[-71.058737,42.356988],[-71.05829,42.35741],[-71.06151,42.358336],[-71.062642,42.357977],[-71.062875,42.359483],[-71.062911,42.361229]]","406","100 Oak Street, Natick","[[-71.363085,42.315846],[-71.360158,42.317052],[-71.355199,42.31717],[-71.345888,42.314929],[-71.342161,42.319108],[-71.33903,42.322617],[-71.337524,42.325134],[-71.333739,42.332422],[-71.330795,42.331884],[-71.328779,42.331683],[-71.328399,42.328935],[-71.327444,42.321114],[-71.327327,42.313746],[-71.32975,42.312991],[-71.326396,42.304402],[-71.326351,42.304289],[-71.329617,42.304051],[-71.332043,42.303503],[-71.332607,42.303371],[-71.33636,42.302482],[-71.341035,42.301972],[-71.349078,42.301106],[-71.352312,42.30076],[-71.359887,42.299933],[-71.36102,42.30197],[-71.361082,42.302145],[-71.361791,42.307447],[-71.361278,42.309659],[-71.360369,42.312347],[-71.360374,42.314057],[-71.362093,42.315074],[-71.363085,42.315846]]","07/31/2016 - 08/28/2016, Every day, Daily Average",1535,1131,2082
"1116","Harborwalk, Waterfront, Boston","[[-71.062911,42.361229],[-71.061856,42.36243],[-71.058261,42.363697],[-71.057757,42.363616],[-71.056105,42.362402],[-71.05542,42.361957],[-71.054925,42.362046],[-71.053826,42.363303],[-71.052111,42.363676],[-71.051647,42.36311],[-71.0512,42.363712],[-71.05109,42.364175],[-71.046389,42.363935],[-71.045918,42.361164],[-71.0455,42.359825],[-71.045566,42.359733],[-71.049595,42.354497],[-71.05106,42.355131],[-71.050851,42.356671],[-71.052158,42.358666],[-71.053518,42.358356],[-71.055759,42.356913],[-71.05771,42.356777],[-71.058737,42.356988],[-71.05829,42.35741],[-71.06151,42.358336],[-71.062642,42.357977],[-71.062875,42.359483],[-71.062911,42.361229]]","407","0 Riverbend Drive, Natick","[[-71.355534,42.259749],[-71.350464,42.259133],[-71.345032,42.259392],[-71.342319,42.258735],[-71.343069,42.265345],[-71.34508,42.268566],[-71.345419,42.274055],[-71.346531,42.276844],[-71.346982,42.279116],[-71.34729,42.280741],[-71.347244,42.283405],[-71.347276,42.283783],[-71.341954,42.284795],[-71.340809,42.285025],[-71.340092,42.285204],[-71.331244,42.288704],[-71.321541,42.293686],[-71.30846,42.270709],[-71.305832,42.260081],[-71.305764,42.259805],[-71.302922,42.248274],[-71.332496,42.249075],[-71.332434,42.247729],[-71.342356,42.250444],[-71.341776,42.253537],[-71.344932,42.25384],[-71.348409,42.254704],[-71.353675,42.257012],[-71.353856,42.258353],[-71.356304,42.259593],[-71.355534,42.259749]]","07/31/2016 - 08/28/2016, Every day, Daily Average",2120,1762,2550
"1116","Harborwalk, Waterfront, Boston","[[-71.062911,42.361229],[-71.061856,42.36243],[-71.058261,42.363697],[-71.057757,42.363616],[-71.056105,42.362402],[-71.05542,42.361957],[-71.054925,42.362046],[-71.053826,42.363303],[-71.052111,42.363676],[-71.051647,42.36311],[-71.0512,42.363712],[-71.05109,42.364175],[-71.046389,42.363935],[-71.045918,42.361164],[-71.0455,42.359825],[-71.045566,42.359733],[-71.049595,42.354497],[-71.05106,42.355131],[-71.050851,42.356671],[-71.052158,42.358666],[-71.053518,42.358356],[-71.055759,42.356913],[-71.05771,42.356777],[-71.058737,42.356988],[-71.05829,42.35741],[-71.06151,42.358336],[-71.062642,42.357977],[-71.062875,42.359483],[-71.062911,42.361229]]","409","0 Chouteau Avenue, Framingham","[[-71.41666,42.312345],[-71.415953,42.313044],[-71.415439,42.314538],[-71.41504,42.316207],[-71.411504,42.320139],[-71.407643,42.322455],[-71.405215,42.322996],[-71.400849,42.324965],[-71.399918,42.325209],[-71.398071,42.325526],[-71.397291,42.325412],[-71.397048,42.325373],[-71.396412,42.32508],[-71.395995,42.325043],[-71.395344,42.325166],[-71.392916,42.32578],[-71.390808,42.326237],[-71.390164,42.326219],[-71.387135,42.326055],[-71.386109,42.325961],[-71.384896,42.326978],[-71.381804,42.32852],[-71.377687,42.314669],[-71.379763,42.311988],[-71.383191,42.307777],[-71.38352,42.308545],[-71.384986,42.310526],[-71.389988,42.311536],[-71.392114,42.312452],[-71.401007,42.307822],[-71.401804,42.309709],[-71.402023,42.311938],[-71.406304,42.309792],[-71.407485,42.309684],[-71.411244,42.309107],[-71.411811,42.309152],[-71.413437,42.309703],[-71.417017,42.311236],[-71.41666,42.312345]]","07/31/2016 - 08/28/2016, Every day, Daily Average",1632,1280,2079
"1116","Harborwalk, Waterfront, Boston","[[-71.062911,42.361229],[-71.061856,42.36243],[-71.058261,42.363697],[-71.057757,42.363616],[-71.056105,42.362402],[-71.05542,42.361957],[-71.054925,42.362046],[-71.053826,42.363303],[-71.052111,42.363676],[-71.051647,42.36311],[-71.0512,42.363712],[-71.05109,42.364175],[-71.046389,42.363935],[-71.045918,42.361164],[-71.0455,42.359825],[-71.045566,42.359733],[-71.049595,42.354497],[-71.05106,42.355131],[-71.050851,42.356671],[-71.052158,42.358666],[-71.053518,42.358356],[-71.055759,42.356913],[-71.05771,42.356777],[-71.058737,42.356988],[-71.05829,42.35741],[-71.06151,42.358336],[-71.062642,42.357977],[-71.062875,42.359483],[-71.062911,42.361229]]","412","100 Washington Street, North Easton, Easton","[[-71.138619,42.072813],[-71.112893,42.082892],[-71.093253,42.090461],[-71.080192,42.095699],[-71.080483,42.095539],[-71.078758,42.088274],[-71.074206,42.069116],[-71.071184,42.056468],[-71.072805,42.05543],[-71.074141,42.054391],[-71.075619,42.053141],[-71.081897,42.050706],[-71.083649,42.049492],[-71.084199,42.050289],[-71.08635,42.056823],[-71.086658,42.05912],[-71.087256,42.066732],[-71.0922,42.066617],[-71.099187,42.065822],[-71.103503,42.066288],[-71.104988,42.066051],[-71.107322,42.065689],[-71.111082,42.065924],[-71.116156,42.067749],[-71.126063,42.066641],[-71.131378,42.064109],[-71.133582,42.063699],[-71.137284,42.069395],[-71.138619,42.072813]]","07/31/2016 - 08/28/2016, Every day, Daily Average",2141,1670,2743
"1116","Harborwalk, Waterfront, Boston","[[-71.062911,42.361229],[-71.061856,42.36243],[-71.058261,42.363697],[-71.057757,42.363616],[-71.056105,42.362402],[-71.05542,42.361957],[-71.054925,42.362046],[-71.053826,42.363303],[-71.052111,42.363676],[-71.051647,42.36311],[-71.0512,42.363712],[-71.05109,42.364175],[-71.046389,42.363935],[-71.045918,42.361164],[-71.0455,42.359825],[-71.045566,42.359733],[-71.049595,42.354497],[-71.05106,42.355131],[-71.050851,42.356671],[-71.052158,42.358666],[-71.053518,42.358356],[-71.055759,42.356913],[-71.05771,42.356777],[-71.058737,42.356988],[-71.05829,42.35741],[-71.06151,42.358336],[-71.062642,42.357977],[-71.062875,42.359483],[-71.062911,42.361229]]","413","200 Marion Street, Central-Maverick Square / Paris Street, Boston","[[-71.03878,42.374927],[-71.035834,42.376031],[-71.036256,42.376652],[-71.034096,42.37745],[-71.033678,42.376827],[-71.031044,42.37732],[-71.03054,42.377006],[-71.029191,42.378128],[-71.027727,42.377211],[-71.032987,42.37279],[-71.034449,42.372711],[-71.037113,42.374017],[-71.038117,42.373536],[-71.03878,42.374927]]","07/31/2016 - 08/28/2016, Every day, Daily Average",369,178,764
"1116","Harborwalk, Waterfront, Boston","[[-71.062911,42.361229],[-71.061856,42.36243],[-71.058261,42.363697],[-71.057757,42.363616],[-71.056105,42.362402],[-71.05542,42.361957],[-71.054925,42.362046],[-71.053826,42.363303],[-71.052111,42.363676],[-71.051647,42.36311],[-71.0512,42.363712],[-71.05109,42.364175],[-71.046389,42.363935],[-71.045918,42.361164],[-71.0455,42.359825],[-71.045566,42.359733],[-71.049595,42.354497],[-71.05106,42.355131],[-71.050851,42.356671],[-71.052158,42.358666],[-71.053518,42.358356],[-71.055759,42.356913],[-71.05771,42.356777],[-71.058737,42.356988],[-71.05829,42.35741],[-71.06151,42.358336],[-71.062642,42.357977],[-71.062875,42.359483],[-71.062911,42.361229]]","415","0 Pickwick Road, Marblehead","[[-70.835635,42.4844],[-70.83371,42.486412],[-70.832426,42.484164],[-70.833228,42.481442],[-70.835635,42.481915],[-70.835635,42.4844]]","07/31/2016 - 08/28/2016, Every day, Daily Average",1944,1604,2354
"1116","Harborwalk, Waterfront, Boston","[[-71.062911,42.361229],[-71.061856,42.36243],[-71.058261,42.363697],[-71.057757,42.363616],[-71.056105,42.362402],[-71.05542,42.361957],[-71.054925,42.362046],[-71.053826,42.363303],[-71.052111,42.363676],[-71.051647,42.36311],[-71.0512,42.363712],[-71.05109,42.364175],[-71.046389,42.363935],[-71.045918,42.361164],[-71.0455,42.359825],[-71.045566,42.359733],[-71.049595,42.354497],[-71.05106,42.355131],[-71.050851,42.356671],[-71.052158,42.358666],[-71.053518,42.358356],[-71.055759,42.356913],[-71.05771,42.356777],[-71.058737,42.356988],[-71.05829,42.35741],[-71.06151,42.358336],[-71.062642,42.357977],[-71.062875,42.359483],[-71.062911,42.361229]]","416","0 Overlook Road, Marblehead","[[-70.873646,42.506371],[-70.872127,42.508406],[-70.869491,42.51194],[-70.866757,42.515269],[-70.865148,42.51537],[-70.860128,42.512818],[-70.858893,42.509533],[-70.855008,42.506348],[-70.854835,42.505118],[-70.853928,42.505328],[-70.851579,42.503344],[-70.850065,42.502071],[-70.850039,42.501706],[-70.851665,42.5002],[-70.852798,42.496857],[-70.853185,42.498278],[-70.855314,42.499565],[-70.856563,42.500784],[-70.85802,42.500787],[-70.859696,42.499281],[-70.862487,42.500592],[-70.862673,42.500677],[-70.867378,42.502897],[-70.872263,42.50579],[-70.873646,42.506371]]","07/31/2016 - 08/28/2016, Every day, Daily Average",2239,1831,2737
"1116","Harborwalk, Waterfront, Boston","[[-71.062911,42.361229],[-71.061856,42.36243],[-71.058261,42.363697],[-71.057757,42.363616],[-71.056105,42.362402],[-71.05542,42.361957],[-71.054925,42.362046],[-71.053826,42.363303],[-71.052111,42.363676],[-71.051647,42.36311],[-71.0512,42.363712],[-71.05109,42.364175],[-71.046389,42.363935],[-71.045918,42.361164],[-71.0455,42.359825],[-71.045566,42.359733],[-71.049595,42.354497],[-71.05106,42.355131],[-71.050851,42.356671],[-71.052158,42.358666],[-71.053518,42.358356],[-71.055759,42.356913],[-71.05771,42.356777],[-71.058737,42.356988],[-71.05829,42.35741],[-71.06151,42.358336],[-71.062642,42.357977],[-71.062875,42.359483],[-71.062911,42.361229]]","417","Ash Avenue, Salem","[[-70.91823,42.525055],[-70.916482,42.526855],[-70.91554,42.528822],[-70.912707,42.528057],[-70.913072,42.530535],[-70.912826,42.532393],[-70.913165,42.532532],[-70.91349,42.541494],[-70.907922,42.540335],[-70.909929,42.543598],[-70.908399,42.545558],[-70.909208,42.546248],[-70.902758,42.544828],[-70.898429,42.542907],[-70.894394,42.540696],[-70.890294,42.539296],[-70.894645,42.52849],[-70.896067,42.526701],[-70.897339,42.525554],[-70.89921,42.524724],[-70.898876,42.52417],[-70.906079,42.521433],[-70.908791,42.521213],[-70.917166,42.524059],[-70.91823,42.525055]]","07/31/2016 - 08/28/2016, Every day, Daily Average",2014,1637,2476
"1116","Harborwalk, Waterfront, Boston","[[-71.062911,42.361229],[-71.061856,42.36243],[-71.058261,42.363697],[-71.057757,42.363616],[-71.056105,42.362402],[-71.05542,42.361957],[-71.054925,42.362046],[-71.053826,42.363303],[-71.052111,42.363676],[-71.051647,42.36311],[-71.0512,42.363712],[-71.05109,42.364175],[-71.046389,42.363935],[-71.045918,42.361164],[-71.0455,42.359825],[-71.045566,42.359733],[-71.049595,42.354497],[-71.05106,42.355131],[-71.050851,42.356671],[-71.052158,42.358666],[-71.053518,42.358356],[-71.055759,42.356913],[-71.05771,42.356777],[-71.058737,42.356988],[-71.05829,42.35741],[-71.06151,42.358336],[-71.062642,42.357977],[-71.062875,42.359483],[-71.062911,42.361229]]","418","0 Cauldron Court, Salem","[[-70.926328,42.514867],[-70.923101,42.517743],[-70.920876,42.519651],[-70.919785,42.520586],[-70.918898,42.52277],[-70.91773,42.522631],[-70.917166,42.524059],[-70.908791,42.521213],[-70.906079,42.521433],[-70.904971,42.520822],[-70.903889,42.519186],[-70.905,42.51822],[-70.905388,42.5174],[-70.90639,42.518122],[-70.908463,42.518712],[-70.90897,42.51787],[-70.909476,42.516278],[-70.907445,42.513166],[-70.910399,42.509808],[-70.912447,42.508377],[-70.917792,42.506754],[-70.924288,42.502913],[-70.925381,42.506845],[-70.928588,42.51016],[-70.926328,42.514867]]","07/31/2016 - 08/28/2016, Every day, Daily Average",2014,1613,2514
"1116","Harborwalk, Waterfront, Boston","[[-71.062911,42.361229],[-71.061856,42.36243],[-71.058261,42.363697],[-71.057757,42.363616],[-71.056105,42.362402],[-71.05542,42.361957],[-71.054925,42.362046],[-71.053826,42.363303],[-71.052111,42.363676],[-71.051647,42.36311],[-71.0512,42.363712],[-71.05109,42.364175],[-71.046389,42.363935],[-71.045918,42.361164],[-71.0455,42.359825],[-71.045566,42.359733],[-71.049595,42.354497],[-71.05106,42.355131],[-71.050851,42.356671],[-71.052158,42.358666],[-71.053518,42.358356],[-71.055759,42.356913],[-71.05771,42.356777],[-71.058737,42.356988],[-71.05829,42.35741],[-71.06151,42.358336],[-71.062642,42.357977],[-71.062875,42.359483],[-71.062911,42.361229]]","419","Poplar Avenue, Lynn","[[-70.970304,42.478766],[-70.967328,42.480253],[-70.964899,42.481676],[-70.96403,42.48278],[-70.963394,42.482295],[-70.962185,42.482738],[-70.956157,42.479638],[-70.957101,42.478247],[-70.957835,42.477644],[-70.958365,42.473957],[-70.955844,42.474591],[-70.95501,42.47604],[-70.954394,42.475796],[-70.952219,42.475136],[-70.952319,42.473653],[-70.952178,42.473799],[-70.949762,42.472587],[-70.949544,42.472124],[-70.953159,42.470681],[-70.95447,42.468316],[-70.955294,42.466933],[-70.956347,42.46689],[-70.958376,42.46855],[-70.960034,42.469975],[-70.962773,42.467505],[-70.962856,42.471408],[-70.964943,42.473278],[-70.969369,42.471004],[-70.968811,42.473157],[-70.969705,42.475152],[-70.969217,42.476785],[-70.970304,42.478766]]","07/31/2016 - 08/28/2016, Every day, Daily Average",1574,1177,2104
"1116","Harborwalk, Waterfront, Boston","[[-71.062911,42.361229],[-71.061856,42.36243],[-71.058261,42.363697],[-71.057757,42.363616],[-71.056105,42.362402],[-71.05542,42.361957],[-71.054925,42.362046],[-71.053826,42.363303],[-71.052111,42.363676],[-71.051647,42.36311],[-71.0512,42.363712],[-71.05109,42.364175],[-71.046389,42.363935],[-71.045918,42.361164],[-71.0455,42.359825],[-71.045566,42.359733],[-71.049595,42.354497],[-71.05106,42.355131],[-71.050851,42.356671],[-71.052158,42.358666],[-71.053518,42.358356],[-71.055759,42.356913],[-71.05771,42.356777],[-71.058737,42.356988],[-71.05829,42.35741],[-71.06151,42.358336],[-71.062642,42.357977],[-71.062875,42.359483],[-71.062911,42.361229]]","420","0 Warren Avenue, Saugus","[[-71.016238,42.454263],[-71.012898,42.453316],[-71.007676,42.453579],[-71.003777,42.454949],[-71.002017,42.455574],[-71.004066,42.455981],[-71.004138,42.456297],[-71.000332,42.457099],[-70.999432,42.458477],[-70.993869,42.456783],[-70.992138,42.458352],[-70.993524,42.459647],[-70.996451,42.459597],[-70.99388,42.460683],[-70.989338,42.460232],[-70.989058,42.459659],[-70.990427,42.45489],[-70.991497,42.453293],[-70.98981,42.452637],[-70.984919,42.452259],[-70.980673,42.449525],[-70.987307,42.443189],[-70.994192,42.450264],[-70.995923,42.44968],[-70.996516,42.449695],[-70.998876,42.449916],[-71.001298,42.449962],[-71.004814,42.450025],[-71.005572,42.449809],[-71.006276,42.449183],[-71.010333,42.448685],[-71.013058,42.443967],[-71.014595,42.445596],[-71.015173,42.45116],[-71.016238,42.454263]]","07/31/2016 - 08/28/2016, Every day, Daily Average",1071,811,1414
"1116","Harborwalk, Waterfront, Boston","[[-71.062911,42.361229],[-71.061856,42.36243],[-71.058261,42.363697],[-71.057757,42.363616],[-71.056105,42.362402],[-71.05542,42.361957],[-71.054925,42.362046],[-71.053826,42.363303],[-71.052111,42.363676],[-71.051647,42.36311],[-71.0512,42.363712],[-71.05109,42.364175],[-71.046389,42.363935],[-71.045918,42.361164],[-71.0455,42.359825],[-71.045566,42.359733],[-71.049595,42.354497],[-71.05106,42.355131],[-71.050851,42.356671],[-71.052158,42.358666],[-71.053518,42.358356],[-71.055759,42.356913],[-71.05771,42.356777],[-71.058737,42.356988],[-71.05829,42.35741],[-71.06151,42.358336],[-71.062642,42.357977],[-71.062875,42.359483],[-71.062911,42.361229]]","424","200 Warren Street, Brookline","[[-71.164567,42.324583],[-71.162196,42.326497],[-71.156833,42.330189],[-71.156059,42.33061],[-71.149797,42.334497],[-71.150103,42.335281],[-71.14862,42.33455],[-71.14677,42.33485],[-71.14529,42.3338],[-71.14095,42.32775],[-71.14027,42.32687],[-71.13522,42.32847],[-71.13287,42.3289],[-71.1283,42.3297],[-71.12679,42.32682],[-71.12471,42.32611],[-71.12003,42.32296],[-71.119539,42.322745],[-71.120112,42.322835],[-71.121528,42.323882],[-71.123711,42.322716],[-71.126999,42.318615],[-71.130725,42.314574],[-71.13448,42.30925],[-71.140189,42.310521],[-71.142012,42.310248],[-71.142959,42.31269],[-71.142038,42.314792],[-71.14402,42.31744],[-71.14165,42.31992],[-71.14165,42.32195],[-71.14481,42.32379],[-71.15057,42.32166],[-71.15434,42.32249],[-71.15835,42.32249],[-71.1608,42.32376],[-71.16327,42.32278],[-71.1639,42.3234],[-71.164567,42.324583]]","07/31/2016 - 08/28/2016, Every day, Daily Average",1493,1108,2011
"1116","Harborwalk, Waterfront, Boston","[[-71.062911,42.361229],[-71.061856,42.36243],[-71.058261,42.363697],[-71.057757,42.363616],[-71.056105,42.362402],[-71.05542,42.361957],[-71.054925,42.362046],[-71.053826,42.363303],[-71.052111,42.363676],[-71.051647,42.36311],[-71.0512,42.363712],[-71.05109,42.364175],[-71.046389,42.363935],[-71.045918,42.361164],[-71.0455,42.359825],[-71.045566,42.359733],[-71.049595,42.354497],[-71.05106,42.355131],[-71.050851,42.356671],[-71.052158,42.358666],[-71.053518,42.358356],[-71.055759,42.356913],[-71.05771,42.356777],[-71.058737,42.356988],[-71.05829,42.35741],[-71.06151,42.358336],[-71.062642,42.357977],[-71.062875,42.359483],[-71.062911,42.361229]]","425","200 Bolton Street, D Street / West Broadway, Boston","[[-71.04776,42.336812],[-71.045559,42.338718],[-71.044383,42.33798],[-71.042475,42.33801],[-71.037522,42.338095],[-71.035486,42.338141],[-71.029317,42.338238],[-71.029234,42.335729],[-71.033346,42.335661],[-71.037431,42.335588],[-71.04155,42.335518],[-71.044269,42.33547],[-71.045444,42.335452],[-71.045695,42.335452],[-71.04776,42.336812]]","07/31/2016 - 08/28/2016, Every day, Daily Average",695,484,997
"1116","Harborwalk, Waterfront, Boston","[[-71.062911,42.361229],[-71.061856,42.36243],[-71.058261,42.363697],[-71.057757,42.363616],[-71.056105,42.362402],[-71.05542,42.361957],[-71.054925,42.362046],[-71.053826,42.363303],[-71.052111,42.363676],[-71.051647,42.36311],[-71.0512,42.363712],[-71.05109,42.364175],[-71.046389,42.363935],[-71.045918,42.361164],[-71.0455,42.359825],[-71.045566,42.359733],[-71.049595,42.354497],[-71.05106,42.355131],[-71.050851,42.356671],[-71.052158,42.358666],[-71.053518,42.358356],[-71.055759,42.356913],[-71.05771,42.356777],[-71.058737,42.356988],[-71.05829,42.35741],[-71.06151,42.358336],[-71.062642,42.357977],[-71.062875,42.359483],[-71.062911,42.361229]]","426","0 Ledgewood Road, Dedham","[[-71.176542,42.226153],[-71.162097,42.231898],[-71.158605,42.233264],[-71.156424,42.234065],[-71.153037,42.234955],[-71.14842,42.235443],[-71.14839,42.23499],[-71.14786,42.23178],[-71.14748,42.23056],[-71.14484,42.23082],[-71.14638,42.22898],[-71.14508,42.22894],[-71.14992,42.22492],[-71.14906,42.22454],[-71.146598,42.225405],[-71.144283,42.227252],[-71.140976,42.227299],[-71.13966,42.22819],[-71.138954,42.227228],[-71.136665,42.23191],[-71.131322,42.228256],[-71.131586,42.22725],[-71.134534,42.227754],[-71.134822,42.227027],[-71.137169,42.226755],[-71.137497,42.225748],[-71.139473,42.225636],[-71.139239,42.22422],[-71.14113,42.223617],[-71.140033,42.22308],[-71.141861,42.220913],[-71.142148,42.218978],[-71.141274,42.218104],[-71.143129,42.216858],[-71.143555,42.215135],[-71.142002,42.214074],[-71.143553,42.212992],[-71.142678,42.211488],[-71.146206,42.211162],[-71.14479,42.209747],[-71.14597,42.209247],[-71.166722,42.223601],[-71.170715,42.22464],[-71.176542,42.226153]]","07/31/2016 - 08/28/2016, Every day, Daily Average",1617,1204,2170
"1116","Harborwalk, Waterfront, Boston","[[-71.062911,42.361229],[-71.061856,42.36243],[-71.058261,42.363697],[-71.057757,42.363616],[-71.056105,42.362402],[-71.05542,42.361957],[-71.054925,42.362046],[-71.053826,42.363303],[-71.052111,42.363676],[-71.051647,42.36311],[-71.0512,42.363712],[-71.05109,42.364175],[-71.046389,42.363935],[-71.045918,42.361164],[-71.0455,42.359825],[-71.045566,42.359733],[-71.049595,42.354497],[-71.05106,42.355131],[-71.050851,42.356671],[-71.052158,42.358666],[-71.053518,42.358356],[-71.055759,42.356913],[-71.05771,42.356777],[-71.058737,42.356988],[-71.05829,42.35741],[-71.06151,42.358336],[-71.062642,42.357977],[-71.062875,42.359483],[-71.062911,42.361229]]","427","400 Charles River Street, Needham","[[-71.299862,42.269321],[-71.299854,42.269539],[-71.299869,42.270394],[-71.299397,42.270846],[-71.298391,42.271342],[-71.297979,42.272101],[-71.297222,42.272567],[-71.296456,42.27264],[-71.295666,42.272502],[-71.294843,42.273052],[-71.287811,42.277966],[-71.279685,42.28365],[-71.269408,42.290837],[-71.259199,42.297976],[-71.25541,42.300632],[-71.25537,42.29969],[-71.253428,42.298232],[-71.25119,42.29295],[-71.24998,42.29181],[-71.25029,42.29136],[-71.25075,42.28829],[-71.250479,42.287867],[-71.24703,42.28745],[-71.24504,42.28656],[-71.24169,42.28343],[-71.237206,42.282827],[-71.237811,42.280238],[-71.23963,42.273277],[-71.241437,42.270942],[-71.242819,42.269581],[-71.24644,42.27175],[-71.24876,42.27379],[-71.24965,42.27569],[-71.2532,42.27584],[-71.25558,42.27621],[-71.261213,42.275003],[-71.265723,42.272175],[-71.26862,42.26525],[-71.27032,42.26289],[-71.27018,42.26107],[-71.271471,42.259016],[-71.270688,42.261153],[-71.272271,42.26218],[-71.27585,42.260945],[-71.27687,42.261437],[-71.278719,42.26003],[-71.279951,42.260242],[-71.282956,42.26192],[-71.284524,42.263236],[-71.284931,42.264971],[-71.286418,42.266032],[-71.287518,42.265233],[-71.289856,42.265968],[-71.29194,42.267282],[-71.293908,42.266245],[-71.294863,42.265053],[-71.295283,42.266687],[-71.296443,42.267013],[-71.300885,42.267043],[-71.299862,42.269321]]","07/31/2016 - 08/28/2016, Every day, Daily Average",1957,1531,2500
"1116","Harborwalk, Waterfront, Boston","[[-71.062911,42.361229],[-71.061856,42.36243],[-71.058261,42.363697],[-71.057757,42.363616],[-71.056105,42.362402],[-71.05542,42.361957],[-71.054925,42.362046],[-71.053826,42.363303],[-71.052111,42.363676],[-71.051647,42.36311],[-71.0512,42.363712],[-71.05109,42.364175],[-71.046389,42.363935],[-71.045918,42.361164],[-71.0455,42.359825],[-71.045566,42.359733],[-71.049595,42.354497],[-71.05106,42.355131],[-71.050851,42.356671],[-71.052158,42.358666],[-71.053518,42.358356],[-71.055759,42.356913],[-71.05771,42.356777],[-71.058737,42.356988],[-71.05829,42.35741],[-71.06151,42.358336],[-71.062642,42.357977],[-71.062875,42.359483],[-71.062911,42.361229]]","428","0 Dukes Road, Wellesley Hills, Wellesley","[[-71.327327,42.313746],[-71.319101,42.315597],[-71.317239,42.316125],[-71.306002,42.319096],[-71.291793,42.322602],[-71.29099,42.32225],[-71.29053,42.32078],[-71.29417,42.31855],[-71.29076,42.31674],[-71.29329,42.31198],[-71.29651,42.30939],[-71.295147,42.308591],[-71.29642,42.30758],[-71.296489,42.306142],[-71.29755,42.30598],[-71.300575,42.305967],[-71.301006,42.305953],[-71.312761,42.305411],[-71.32534,42.30448],[-71.326396,42.304402],[-71.32975,42.312991],[-71.327327,42.313746]]","07/31/2016 - 08/28/2016, Every day, Daily Average",1832,1411,2378
"1116","Harborwalk, Waterfront, Boston","[[-71.062911,42.361229],[-71.061856,42.36243],[-71.058261,42.363697],[-71.057757,42.363616],[-71.056105,42.362402],[-71.05542,42.361957],[-71.054925,42.362046],[-71.053826,42.363303],[-71.052111,42.363676],[-71.051647,42.36311],[-71.0512,42.363712],[-71.05109,42.364175],[-71.046389,42.363935],[-71.045918,42.361164],[-71.0455,42.359825],[-71.045566,42.359733],[-71.049595,42.354497],[-71.05106,42.355131],[-71.050851,42.356671],[-71.052158,42.358666],[-71.053518,42.358356],[-71.055759,42.356913],[-71.05771,42.356777],[-71.058737,42.356988],[-71.05829,42.35741],[-71.06151,42.358336],[-71.062642,42.357977],[-71.062875,42.359483],[-71.062911,42.361229]]","430","300 Central Street, Saugus","[[-71.027572,42.446678],[-71.025665,42.451033],[-71.023554,42.45387],[-71.024166,42.45927],[-71.025119,42.464823],[-71.01905,42.4644],[-71.009824,42.464898],[-71.008564,42.465031],[-71.004415,42.465626],[-71.001322,42.463623],[-71.00107,42.464085],[-71.000452,42.462368],[-70.997513,42.461502],[-70.995548,42.461731],[-70.99388,42.460683],[-70.996451,42.459597],[-70.993524,42.459647],[-70.992138,42.458352],[-70.993869,42.456783],[-70.999432,42.458477],[-71.000332,42.457099],[-71.004138,42.456297],[-71.004066,42.455981],[-71.002017,42.455574],[-71.003777,42.454949],[-71.007676,42.453579],[-71.012898,42.453316],[-71.016238,42.454263],[-71.015173,42.45116],[-71.014595,42.445596],[-71.018295,42.449596],[-71.020295,42.448896],[-71.025777,42.444753],[-71.025864,42.444743],[-71.027572,42.446678]]","07/31/2016 - 08/28/2016, Every day, Daily Average",1065,718,1577
"1116","Harborwalk, Waterfront, Boston","[[-71.062911,42.361229],[-71.061856,42.36243],[-71.058261,42.363697],[-71.057757,42.363616],[-71.056105,42.362402],[-71.05542,42.361957],[-71.054925,42.362046],[-71.053826,42.363303],[-71.052111,42.363676],[-71.051647,42.36311],[-71.0512,42.363712],[-71.05109,42.364175],[-71.046389,42.363935],[-71.045918,42.361164],[-71.0455,42.359825],[-71.045566,42.359733],[-71.049595,42.354497],[-71.05106,42.355131],[-71.050851,42.356671],[-71.052158,42.358666],[-71.053518,42.358356],[-71.055759,42.356913],[-71.05771,42.356777],[-71.058737,42.356988],[-71.05829,42.35741],[-71.06151,42.358336],[-71.062642,42.357977],[-71.062875,42.359483],[-71.062911,42.361229]]","431","0 East Huckleberry Road, Lynnfield","[[-71.051505,42.532935],[-71.050007,42.534232],[-71.04847,42.535212],[-71.044698,42.536523],[-71.041564,42.537],[-71.027892,42.535918],[-71.019264,42.535309],[-71.01693,42.535558],[-71.005288,42.522992],[-70.999377,42.519385],[-70.996528,42.517655],[-70.987145,42.5119],[-70.986911,42.511774],[-70.98934,42.511686],[-70.992742,42.512198],[-70.988372,42.509214],[-70.995308,42.505572],[-70.996886,42.507012],[-71.001636,42.50699],[-71.011592,42.501685],[-71.014673,42.502053],[-71.036096,42.505195],[-71.035296,42.506995],[-71.037197,42.510196],[-71.036895,42.511791],[-71.037397,42.512796],[-71.039796,42.514195],[-71.038596,42.516195],[-71.041696,42.519895],[-71.038599,42.52396],[-71.040983,42.526262],[-71.057513,42.524173],[-71.051505,42.532935]]","07/31/2016 - 08/28/2016, Every day, Daily Average",1333,1005,1767
"1116","Harborwalk, Waterfront, Boston","[[-71.062911,42.361229],[-71.061856,42.36243],[-71.058261,42.363697],[-71.057757,42.363616],[-71.056105,42.362402],[-71.05542,42.361957],[-71.054925,42.362046],[-71.053826,42.363303],[-71.052111,42.363676],[-71.051647,42.36311],[-71.0512,42.363712],[-71.05109,42.364175],[-71.046389,42.363935],[-71.045918,42.361164],[-71.0455,42.359825],[-71.045566,42.359733],[-71.049595,42.354497],[-71.05106,42.355131],[-71.050851,42.356671],[-71.052158,42.358666],[-71.053518,42.358356],[-71.055759,42.356913],[-71.05771,42.356777],[-71.058737,42.356988],[-71.05829,42.35741],[-71.06151,42.358336],[-71.062642,42.357977],[-71.062875,42.359483],[-71.062911,42.361229]]","432","0 Irving Street, Peabody","[[-70.99289,42.52012],[-70.991271,42.520799],[-70.976335,42.525113],[-70.970273,42.525941],[-70.960933,42.525883],[-70.956972,42.526949],[-70.953481,42.52961],[-70.950526,42.533956],[-70.948641,42.535298],[-70.940538,42.538407],[-70.938096,42.540009],[-70.936063,42.542166],[-70.936649,42.547098],[-70.928734,42.544977],[-70.928219,42.545805],[-70.921433,42.543245],[-70.927647,42.535907],[-70.928585,42.534797],[-70.928764,42.5346],[-70.933514,42.531154],[-70.935503,42.529737],[-70.931904,42.527417],[-70.932721,42.526901],[-70.929384,42.5245],[-70.93266,42.523119],[-70.939551,42.521616],[-70.95167,42.519154],[-70.960068,42.517487],[-70.963986,42.516262],[-70.970214,42.516218],[-70.972355,42.5171],[-70.972277,42.515986],[-70.975424,42.516056],[-70.980651,42.512989],[-70.986172,42.511804],[-70.987145,42.5119],[-70.996528,42.517655],[-70.99289,42.52012]]","07/31/2016 - 08/28/2016, Every day, Daily Average",1514,1174,1952
"1116","Harborwalk, Waterfront, Boston","[[-71.062911,42.361229],[-71.061856,42.36243],[-71.058261,42.363697],[-71.057757,42.363616],[-71.056105,42.362402],[-71.05542,42.361957],[-71.054925,42.362046],[-71.053826,42.363303],[-71.052111,42.363676],[-71.051647,42.36311],[-71.0512,42.363712],[-71.05109,42.364175],[-71.046389,42.363935],[-71.045918,42.361164],[-71.0455,42.359825],[-71.045566,42.359733],[-71.049595,42.354497],[-71.05106,42.355131],[-71.050851,42.356671],[-71.052158,42.358666],[-71.053518,42.358356],[-71.055759,42.356913],[-71.05771,42.356777],[-71.058737,42.356988],[-71.05829,42.35741],[-71.06151,42.358336],[-71.062642,42.357977],[-71.062875,42.359483],[-71.062911,42.361229]]","433","0 Sherwood Avenue, Danvers","[[-70.951703,42.591897],[-70.950687,42.59325],[-70.947437,42.592546],[-70.944163,42.590246],[-70.942249,42.589703],[-70.93911,42.58953],[-70.939266,42.595095],[-70.937761,42.604069],[-70.931215,42.612439],[-70.93109,42.612444],[-70.929559,42.608806],[-70.933883,42.599597],[-70.929547,42.594596],[-70.927497,42.592228],[-70.922263,42.591512],[-70.908332,42.572972],[-70.90845,42.571514],[-70.909318,42.571093],[-70.91969,42.567897],[-70.921493,42.56677],[-70.922994,42.565323],[-70.928058,42.568218],[-70.930243,42.568737],[-70.937216,42.570251],[-70.939595,42.570316],[-70.942241,42.57104],[-70.945777,42.572645],[-70.9466,42.57274],[-70.949102,42.577877],[-70.950298,42.579251],[-70.951006,42.581973],[-70.951473,42.583494],[-70.951445,42.588644],[-70.951703,42.591897]]","07/31/2016 - 08/28/2016, Every day, Daily Average",1904,1473,2460
"1116","Harborwalk, Waterfront, Boston","[[-71.062911,42.361229],[-71.061856,42.36243],[-71.058261,42.363697],[-71.057757,42.363616],[-71.056105,42.362402],[-71.05542,42.361957],[-71.054925,42.362046],[-71.053826,42.363303],[-71.052111,42.363676],[-71.051647,42.36311],[-71.0512,42.363712],[-71.05109,42.364175],[-71.046389,42.363935],[-71.045918,42.361164],[-71.0455,42.359825],[-71.045566,42.359733],[-71.049595,42.354497],[-71.05106,42.355131],[-71.050851,42.356671],[-71.052158,42.358666],[-71.053518,42.358356],[-71.055759,42.356913],[-71.05771,42.356777],[-71.058737,42.356988],[-71.05829,42.35741],[-71.06151,42.358336],[-71.062642,42.357977],[-71.062875,42.359483],[-71.062911,42.361229]]","434","200 Newburyport Turnpike, Topsfield","[[-70.983568,42.613898],[-70.982511,42.616593],[-70.976721,42.62088],[-70.976669,42.623311],[-70.969386,42.625297],[-70.967667,42.626722],[-70.971383,42.628071],[-70.973274,42.631703],[-70.974764,42.634747],[-70.973385,42.636866],[-70.975283,42.639391],[-70.975545,42.642184],[-70.969954,42.645011],[-70.960361,42.649843],[-70.96404,42.659926],[-70.967506,42.669434],[-70.968955,42.673178],[-70.967051,42.672494],[-70.965341,42.671867],[-70.9362,42.66347],[-70.927242,42.667288],[-70.920525,42.670078],[-70.916341,42.660754],[-70.904893,42.662051],[-70.903607,42.659768],[-70.905622,42.658705],[-70.905023,42.652083],[-70.901772,42.65284],[-70.898311,42.648096],[-70.900242,42.64754],[-70.897938,42.644664],[-70.89629,42.643724],[-70.895975,42.639373],[-70.902125,42.63855],[-70.90473,42.638168],[-70.907087,42.635076],[-70.905208,42.63306],[-70.904086,42.633051],[-70.906164,42.630548],[-70.907314,42.630677],[-70.909021,42.629625],[-70.911387,42.629936],[-70.913765,42.628232],[-70.916077,42.628477],[-70.916004,42.627641],[-70.919201,42.625902],[-70.919914,42.625099],[-70.917904,42.623837],[-70.918925,42.622767],[-70.919052,42.623846],[-70.919781,42.623164],[-70.924172,42.623726],[-70.925714,42.622925],[-70.927557,42.616851],[-70.928485,42.615925],[-70.93109,42.612444],[-70.931215,42.612439],[-70.932422,42.613238],[-70.943861,42.609574],[-70.954722,42.605322],[-70.962941,42.60046],[-70.964659,42.599647],[-70.96641,42.601127],[-70.968979,42.601196],[-70.970711,42.602854],[-70.97367,42.603065],[-70.976008,42.604942],[-70.982077,42.60681],[-70.983308,42.60812],[-70.982613,42.609142],[-70.985231,42.61232],[-70.983568,42.613898]]","07/31/2016 - 08/28/2016, Every day, Daily Average",1935,1498,2499
"1116","Harborwalk, Waterfront, Boston","[[-71.062911,42.361229],[-71.061856,42.36243],[-71.058261,42.363697],[-71.057757,42.363616],[-71.056105,42.362402],[-71.05542,42.361957],[-71.054925,42.362046],[-71.053826,42.363303],[-71.052111,42.363676],[-71.051647,42.36311],[-71.0512,42.363712],[-71.05109,42.364175],[-71.046389,42.363935],[-71.045918,42.361164],[-71.0455,42.359825],[-71.045566,42.359733],[-71.049595,42.354497],[-71.05106,42.355131],[-71.050851,42.356671],[-71.052158,42.358666],[-71.053518,42.358356],[-71.055759,42.356913],[-71.05771,42.356777],[-71.058737,42.356988],[-71.05829,42.35741],[-71.06151,42.358336],[-71.062642,42.357977],[-71.062875,42.359483],[-71.062911,42.361229]]","435","300 Harrison Avenue, South End, Boston","[[-71.068503,42.347602],[-71.068193,42.347866],[-71.066158,42.347589],[-71.064434,42.347186],[-71.063039,42.34685],[-71.060705,42.346253],[-71.061109,42.344194],[-71.060513,42.344711],[-71.060609,42.343718],[-71.06051,42.343703],[-71.061188,42.342652],[-71.06239,42.342965],[-71.062529,42.343009],[-71.06593,42.343936],[-71.069855,42.345266],[-71.068503,42.347602]]","07/31/2016 - 08/28/2016, Every day, Daily Average",457,233,895
"1116","Harborwalk, Waterfront, Boston","[[-71.062911,42.361229],[-71.061856,42.36243],[-71.058261,42.363697],[-71.057757,42.363616],[-71.056105,42.362402],[-71.05542,42.361957],[-71.054925,42.362046],[-71.053826,42.363303],[-71.052111,42.363676],[-71.051647,42.36311],[-71.0512,42.363712],[-71.05109,42.364175],[-71.046389,42.363935],[-71.045918,42.361164],[-71.0455,42.359825],[-71.045566,42.359733],[-71.049595,42.354497],[-71.05106,42.355131],[-71.050851,42.356671],[-71.052158,42.358666],[-71.053518,42.358356],[-71.055759,42.356913],[-71.05771,42.356777],[-71.058737,42.356988],[-71.05829,42.35741],[-71.06151,42.358336],[-71.062642,42.357977],[-71.062875,42.359483],[-71.062911,42.361229]]","440","0 Ridge Road, Foxborough, Foxborough","[[-71.263417,42.101333],[-71.259444,42.102695],[-71.255501,42.104078],[-71.253302,42.105344],[-71.245633,42.105926],[-71.238829,42.106408],[-71.238811,42.104139],[-71.225315,42.091821],[-71.223446,42.090116],[-71.22223,42.08624],[-71.22224,42.08171],[-71.2233,42.07816],[-71.229587,42.065581],[-71.230398,42.064252],[-71.237129,42.053209],[-71.24677,42.06435],[-71.248072,42.066126],[-71.248826,42.067148],[-71.252401,42.075231],[-71.256833,42.085492],[-71.258425,42.08819],[-71.262805,42.097908],[-71.263417,42.099845],[-71.263417,42.101333]]","07/31/2016 - 08/28/2016, Every day, Daily Average",2269,1706,3017
"1116","Harborwalk, Waterfront, Boston","[[-71.062911,42.361229],[-71.061856,42.36243],[-71.058261,42.363697],[-71.057757,42.363616],[-71.056105,42.362402],[-71.05542,42.361957],[-71.054925,42.362046],[-71.053826,42.363303],[-71.052111,42.363676],[-71.051647,42.36311],[-71.0512,42.363712],[-71.05109,42.364175],[-71.046389,42.363935],[-71.045918,42.361164],[-71.0455,42.359825],[-71.045566,42.359733],[-71.049595,42.354497],[-71.05106,42.355131],[-71.050851,42.356671],[-71.052158,42.358666],[-71.053518,42.358356],[-71.055759,42.356913],[-71.05771,42.356777],[-71.058737,42.356988],[-71.05829,42.35741],[-71.06151,42.358336],[-71.062642,42.357977],[-71.062875,42.359483],[-71.062911,42.361229]]","441","0 Currier Farm Road, Westwood","[[-71.20256,42.22095],[-71.19869,42.2213],[-71.1955,42.22218],[-71.19272,42.22373],[-71.18987,42.22731],[-71.186071,42.22863],[-71.182045,42.227584],[-71.176542,42.226153],[-71.170715,42.22464],[-71.166722,42.223601],[-71.14597,42.209247],[-71.147997,42.20958],[-71.148112,42.205571],[-71.145784,42.206224],[-71.146366,42.204373],[-71.152002,42.198948],[-71.154967,42.197044],[-71.16216,42.20124],[-71.16277,42.20177],[-71.178094,42.211919],[-71.178675,42.212301],[-71.182802,42.212624],[-71.186527,42.212974],[-71.190045,42.213608],[-71.1906,42.21365],[-71.19645,42.213891],[-71.19816,42.21348],[-71.19915,42.21372],[-71.2024,42.21773],[-71.20256,42.22095]]","07/31/2016 - 08/28/2016, Every day, Daily Average",1737,1270,2374
"1116","Harborwalk, Waterfront, Boston","[[-71.062911,42.361229],[-71.061856,42.36243],[-71.058261,42.363697],[-71.057757,42.363616],[-71.056105,42.362402],[-71.05542,42.361957],[-71.054925,42.362046],[-71.053826,42.363303],[-71.052111,42.363676],[-71.051647,42.36311],[-71.0512,42.363712],[-71.05109,42.364175],[-71.046389,42.363935],[-71.045918,42.361164],[-71.0455,42.359825],[-71.045566,42.359733],[-71.049595,42.354497],[-71.05106,42.355131],[-71.050851,42.356671],[-71.052158,42.358666],[-71.053518,42.358356],[-71.055759,42.356913],[-71.05771,42.356777],[-71.058737,42.356988],[-71.05829,42.35741],[-71.06151,42.358336],[-71.062642,42.357977],[-71.062875,42.359483],[-71.062911,42.361229]]","444","0 Cedarcrest Road, Canton","[[-71.17629,42.166005],[-71.173532,42.166124],[-71.173928,42.167384],[-71.171727,42.167572],[-71.169885,42.169669],[-71.168508,42.169307],[-71.16717,42.169208],[-71.169262,42.172353],[-71.16864,42.173069],[-71.164028,42.172853],[-71.163615,42.174003],[-71.166441,42.175261],[-71.163757,42.17617],[-71.167045,42.177501],[-71.167688,42.179671],[-71.165548,42.180013],[-71.164177,42.181628],[-71.165428,42.182228],[-71.163514,42.184749],[-71.164131,42.186992],[-71.160701,42.18818],[-71.160227,42.189953],[-71.157626,42.195292],[-71.154967,42.197044],[-71.15335,42.195591],[-71.15018,42.19127],[-71.14793,42.187179],[-71.14742,42.18417],[-71.14076,42.17529],[-71.13829,42.17279],[-71.13612,42.17381],[-71.134451,42.170951],[-71.13412,42.168838],[-71.13175,42.16262],[-71.1311,42.15788],[-71.133509,42.15764],[-71.14105,42.15881],[-71.14496,42.15892],[-71.14697,42.1596],[-71.15369,42.16411],[-71.15389,42.16689],[-71.15739,42.16133],[-71.15709,42.16115],[-71.154102,42.15791],[-71.15544,42.154609],[-71.16094,42.14793],[-71.164762,42.146867],[-71.172603,42.152037],[-71.176298,42.155302],[-71.175759,42.155595],[-71.178013,42.163961],[-71.17629,42.166005]]","07/31/2016 - 08/28/2016, Every day, Daily Average",1838,1286,2625
"1116","Harborwalk, Waterfront, Boston","[[-71.062911,42.361229],[-71.061856,42.36243],[-71.058261,42.363697],[-71.057757,42.363616],[-71.056105,42.362402],[-71.05542,42.361957],[-71.054925,42.362046],[-71.053826,42.363303],[-71.052111,42.363676],[-71.051647,42.36311],[-71.0512,42.363712],[-71.05109,42.364175],[-71.046389,42.363935],[-71.045918,42.361164],[-71.0455,42.359825],[-71.045566,42.359733],[-71.049595,42.354497],[-71.05106,42.355131],[-71.050851,42.356671],[-71.052158,42.358666],[-71.053518,42.358356],[-71.055759,42.356913],[-71.05771,42.356777],[-71.058737,42.356988],[-71.05829,42.35741],[-71.06151,42.358336],[-71.062642,42.357977],[-71.062875,42.359483],[-71.062911,42.361229]]","445","1400 Canton Avenue, Milton","[[-71.130808,42.22788],[-71.127561,42.231023],[-71.124716,42.232818],[-71.124673,42.234005],[-71.122701,42.234544],[-71.126377,42.239162],[-71.12567,42.239527],[-71.116529,42.244274],[-71.114563,42.245284],[-71.112057,42.246585],[-71.109347,42.24799],[-71.109465,42.25241],[-71.106437,42.249378],[-71.1055,42.25024],[-71.10319,42.24813],[-71.10216,42.24717],[-71.10201,42.2471],[-71.10095,42.24679],[-71.098561,42.244492],[-71.09755,42.24302],[-71.09577,42.24405],[-71.095013,42.242343],[-71.094226,42.240471],[-71.093423,42.239123],[-71.0918,42.23697],[-71.08996,42.23646],[-71.08442,42.22924],[-71.07906,42.2249],[-71.08024,42.22403],[-71.07664,42.22112],[-71.073934,42.221751],[-71.073388,42.221465],[-71.080163,42.218859],[-71.093299,42.213981],[-71.082707,42.204269],[-71.08679,42.20421],[-71.088307,42.202358],[-71.094569,42.202366],[-71.10293,42.200681],[-71.130201,42.227383],[-71.130808,42.22788]]","07/31/2016 - 08/28/2016, Every day, Daily Average",1353,987,1853
"1116","Harborwalk, Waterfront, Boston","[[-71.062911,42.361229],[-71.061856,42.36243],[-71.058261,42.363697],[-71.057757,42.363616],[-71.056105,42.362402],[-71.05542,42.361957],[-71.054925,42.362046],[-71.053826,42.363303],[-71.052111,42.363676],[-71.051647,42.36311],[-71.0512,42.363712],[-71.05109,42.364175],[-71.046389,42.363935],[-71.045918,42.361164],[-71.0455,42.359825],[-71.045566,42.359733],[-71.049595,42.354497],[-71.05106,42.355131],[-71.050851,42.356671],[-71.052158,42.358666],[-71.053518,42.358356],[-71.055759,42.356913],[-71.05771,42.356777],[-71.058737,42.356988],[-71.05829,42.35741],[-71.06151,42.358336],[-71.062642,42.357977],[-71.062875,42.359483],[-71.062911,42.361229]]","446","0 Colby Road, North Quincy, Quincy","[[-71.029445,42.286055],[-71.02728,42.28728],[-71.023537,42.287406],[-71.02122,42.28628],[-71.020486,42.286369],[-71.019763,42.285485],[-71.016541,42.281546],[-71.015189,42.279893],[-71.012864,42.278837],[-71.013328,42.278441],[-71.013491,42.2783],[-71.01383,42.2783],[-71.01602,42.27658],[-71.01689,42.27592],[-71.01804,42.27388],[-71.019027,42.272761],[-71.02017,42.27369],[-71.02253,42.27158],[-71.02396,42.27244],[-71.02543,42.27342],[-71.02082,42.27615],[-71.02271,42.27805],[-71.02375,42.27932],[-71.02496,42.28011],[-71.02403,42.28103],[-71.0247,42.28454],[-71.02674,42.28432],[-71.028345,42.285996],[-71.029038,42.28561],[-71.029445,42.286055]]","07/31/2016 - 08/28/2016, Every day, Daily Average",1078,730,1589
"1116","Harborwalk, Waterfront, Boston","[[-71.062911,42.361229],[-71.061856,42.36243],[-71.058261,42.363697],[-71.057757,42.363616],[-71.056105,42.362402],[-71.05542,42.361957],[-71.054925,42.362046],[-71.053826,42.363303],[-71.052111,42.363676],[-71.051647,42.36311],[-71.0512,42.363712],[-71.05109,42.364175],[-71.046389,42.363935],[-71.045918,42.361164],[-71.0455,42.359825],[-71.045566,42.359733],[-71.049595,42.354497],[-71.05106,42.355131],[-71.050851,42.356671],[-71.052158,42.358666],[-71.053518,42.358356],[-71.055759,42.356913],[-71.05771,42.356777],[-71.058737,42.356988],[-71.05829,42.35741],[-71.06151,42.358336],[-71.062642,42.357977],[-71.062875,42.359483],[-71.062911,42.361229]]","447","0 Murphy Memorial Drive, Quincy","[[-71.00345,42.2605],[-71.00099,42.26167],[-70.99879,42.26483],[-70.996925,42.26515],[-70.996739,42.266583],[-70.992822,42.267441],[-70.991421,42.265824],[-70.986387,42.265723],[-70.98758,42.26376],[-70.9864,42.26215],[-70.98011,42.26135],[-70.981999,42.25993],[-70.981242,42.259028],[-70.982492,42.254299],[-70.98479,42.253476],[-70.988927,42.253901],[-70.989545,42.252435],[-70.99514,42.25397],[-70.995363,42.254114],[-70.996873,42.255446],[-71.00067,42.25727],[-71.00172,42.25815],[-71.00262,42.25912],[-71.00345,42.2605]]","07/31/2016 - 08/28/2016, Every day, Daily Average",1357,996,1848
"1116","Harborwalk, Waterfront, Boston","[[-71.062911,42.361229],[-71.061856,42.36243],[-71.058261,42.363697],[-71.057757,42.363616],[-71.056105,42.362402],[-71.05542,42.361957],[-71.054925,42.362046],[-71.053826,42.363303],[-71.052111,42.363676],[-71.051647,42.36311],[-71.0512,42.363712],[-71.05109,42.364175],[-71.046389,42.363935],[-71.045918,42.361164],[-71.0455,42.359825],[-71.045566,42.359733],[-71.049595,42.354497],[-71.05106,42.355131],[-71.050851,42.356671],[-71.052158,42.358666],[-71.053518,42.358356],[-71.055759,42.356913],[-71.05771,42.356777],[-71.058737,42.356988],[-71.05829,42.35741],[-71.06151,42.358336],[-71.062642,42.357977],[-71.062875,42.359483],[-71.062911,42.361229]]","448","200 Ricciuti Drive, Quincy","[[-71.093299,42.213981],[-71.080163,42.218859],[-71.073388,42.221465],[-71.053246,42.229528],[-71.06109,42.242384],[-71.051271,42.24778],[-71.039033,42.254518],[-71.038855,42.254609],[-71.034969,42.256757],[-71.0312,42.25553],[-71.02876,42.25472],[-71.026075,42.253859],[-71.02534,42.25347],[-71.028092,42.252817],[-71.03002,42.25051],[-71.02486,42.24453],[-71.02177,42.24301],[-71.02128,42.24198],[-71.023008,42.241489],[-71.024543,42.240094],[-71.02564,42.23769],[-71.0285,42.23569],[-71.031468,42.227938],[-71.033068,42.227813],[-71.034168,42.226661],[-71.044938,42.215384],[-71.044883,42.206583],[-71.044938,42.206572],[-71.045922,42.206342],[-71.049548,42.206768],[-71.052921,42.205983],[-71.060324,42.206305],[-71.065159,42.205517],[-71.069501,42.204487],[-71.074023,42.204257],[-71.075149,42.204849],[-71.081458,42.204847],[-71.082707,42.204269],[-71.093299,42.213981]]","07/31/2016 - 08/28/2016, Every day, Daily Average",1036,693,1546
"1116","Harborwalk, Waterfront, Boston","[[-71.062911,42.361229],[-71.061856,42.36243],[-71.058261,42.363697],[-71.057757,42.363616],[-71.056105,42.362402],[-71.05542,42.361957],[-71.054925,42.362046],[-71.053826,42.363303],[-71.052111,42.363676],[-71.051647,42.36311],[-71.0512,42.363712],[-71.05109,42.364175],[-71.046389,42.363935],[-71.045918,42.361164],[-71.0455,42.359825],[-71.045566,42.359733],[-71.049595,42.354497],[-71.05106,42.355131],[-71.050851,42.356671],[-71.052158,42.358666],[-71.053518,42.358356],[-71.055759,42.356913],[-71.05771,42.356777],[-71.058737,42.356988],[-71.05829,42.35741],[-71.06151,42.358336],[-71.062642,42.357977],[-71.062875,42.359483],[-71.062911,42.361229]]","456","1600 Turnpike Street, North Andover","[[-71.114817,42.665206],[-71.106025,42.658836],[-71.105302,42.659388],[-71.107268,42.662634],[-71.106962,42.663893],[-71.106745,42.664406],[-71.1063,42.664659],[-71.106204,42.665032],[-71.105078,42.665997],[-71.103176,42.666287],[-71.099582,42.667739],[-71.101955,42.670993],[-71.099589,42.674842],[-71.099594,42.679233],[-71.097928,42.678442],[-71.097243,42.676756],[-71.094712,42.675279],[-71.091567,42.672609],[-71.087982,42.6718],[-71.083418,42.669369],[-71.079374,42.670231],[-71.07839,42.669763],[-71.073812,42.670408],[-71.071503,42.669595],[-71.069149,42.67056],[-71.06753,42.671949],[-71.065756,42.671738],[-71.064193,42.670484],[-71.066186,42.668425],[-71.068676,42.667455],[-71.071835,42.665643],[-71.070676,42.663129],[-71.070233,42.659953],[-71.067733,42.656499],[-71.066159,42.655428],[-71.065887,42.654282],[-71.06172,42.649818],[-71.059339,42.646045],[-71.05556,42.643098],[-71.054216,42.641581],[-71.051308,42.639676],[-71.049915,42.63823],[-71.046866,42.636548],[-71.044116,42.633897],[-71.043345,42.632521],[-71.054576,42.627652],[-71.055715,42.622926],[-71.058772,42.608996],[-71.076133,42.604077],[-71.093256,42.626984],[-71.118756,42.661023],[-71.114817,42.665206]]","07/31/2016 - 08/28/2016, Every day, Daily Average",1878,1522,2316
"1116","Harborwalk, Waterfront, Boston","[[-71.062911,42.361229],[-71.061856,42.36243],[-71.058261,42.363697],[-71.057757,42.363616],[-71.056105,42.362402],[-71.05542,42.361957],[-71.054925,42.362046],[-71.053826,42.363303],[-71.052111,42.363676],[-71.051647,42.36311],[-71.0512,42.363712],[-71.05109,42.364175],[-71.046389,42.363935],[-71.045918,42.361164],[-71.0455,42.359825],[-71.045566,42.359733],[-71.049595,42.354497],[-71.05106,42.355131],[-71.050851,42.356671],[-71.052158,42.358666],[-71.053518,42.358356],[-71.055759,42.356913],[-71.05771,42.356777],[-71.058737,42.356988],[-71.05829,42.35741],[-71.06151,42.358336],[-71.062642,42.357977],[-71.062875,42.359483],[-71.062911,42.361229]]","457","0 Sagamore Drive, Andover","[[-71.144633,42.611491],[-71.139062,42.614965],[-71.137474,42.615303],[-71.136393,42.615776],[-71.134018,42.615841],[-71.131787,42.616279],[-71.131997,42.615908],[-71.13176,42.614706],[-71.131164,42.614149],[-71.129958,42.613827],[-71.128847,42.613243],[-71.1271,42.612601],[-71.125718,42.612327],[-71.124794,42.611499],[-71.12375,42.611288],[-71.124057,42.614777],[-71.125643,42.620645],[-71.12681,42.627284],[-71.126909,42.62776],[-71.127749,42.631562],[-71.131483,42.642367],[-71.131686,42.642948],[-71.12902,42.647874],[-71.128869,42.64933],[-71.121909,42.655226],[-71.120221,42.658402],[-71.118756,42.661023],[-71.093256,42.626984],[-71.076133,42.604077],[-71.089371,42.60291],[-71.110997,42.601101],[-71.12135,42.600232],[-71.135441,42.599166],[-71.141528,42.603386],[-71.143074,42.604081],[-71.145864,42.608522],[-71.144633,42.611491]]","07/31/2016 - 08/28/2016, Every day, Daily Average",1610,1292,2005
"1116","Harborwalk, Waterfront, Boston","[[-71.062911,42.361229],[-71.061856,42.36243],[-71.058261,42.363697],[-71.057757,42.363616],[-71.056105,42.362402],[-71.05542,42.361957],[-71.054925,42.362046],[-71.053826,42.363303],[-71.052111,42.363676],[-71.051647,42.36311],[-71.0512,42.363712],[-71.05109,42.364175],[-71.046389,42.363935],[-71.045918,42.361164],[-71.0455,42.359825],[-71.045566,42.359733],[-71.049595,42.354497],[-71.05106,42.355131],[-71.050851,42.356671],[-71.052158,42.358666],[-71.053518,42.358356],[-71.055759,42.356913],[-71.05771,42.356777],[-71.058737,42.356988],[-71.05829,42.35741],[-71.06151,42.358336],[-71.062642,42.357977],[-71.062875,42.359483],[-71.062911,42.361229]]","459","0 Farm Road, Braintree","[[-71.007212,42.230133],[-71.005482,42.230848],[-71.002103,42.232219],[-70.996191,42.233204],[-70.99304,42.23089],[-70.991073,42.230071],[-70.991159,42.229623],[-70.99016,42.227221],[-70.986791,42.224201],[-70.985565,42.222793],[-70.984597,42.222377],[-70.983484,42.222335],[-70.98551,42.2196],[-70.9819,42.21921],[-70.98257,42.21889],[-70.985748,42.21563],[-70.98957,42.21242],[-70.99429,42.21109],[-70.995291,42.210957],[-70.996383,42.211668],[-70.99725,42.21566],[-70.99821,42.217341],[-71.000285,42.219319],[-71.000406,42.219675],[-71.001785,42.222025],[-71.004513,42.226344],[-71.006446,42.229408],[-71.007212,42.230133]]","07/31/2016 - 08/28/2016, Every day, Daily Average",1215,849,1737
"1116","Harborwalk, Waterfront, Boston","[[-71.062911,42.361229],[-71.061856,42.36243],[-71.058261,42.363697],[-71.057757,42.363616],[-71.056105,42.362402],[-71.05542,42.361957],[-71.054925,42.362046],[-71.053826,42.363303],[-71.052111,42.363676],[-71.051647,42.36311],[-71.0512,42.363712],[-71.05109,42.364175],[-71.046389,42.363935],[-71.045918,42.361164],[-71.0455,42.359825],[-71.045566,42.359733],[-71.049595,42.354497],[-71.05106,42.355131],[-71.050851,42.356671],[-71.052158,42.358666],[-71.053518,42.358356],[-71.055759,42.356913],[-71.05771,42.356777],[-71.058737,42.356988],[-71.05829,42.35741],[-71.06151,42.358336],[-71.062642,42.357977],[-71.062875,42.359483],[-71.062911,42.361229]]","460","0 Connell Street, Braintree","[[-70.996191,42.233204],[-70.988725,42.234456],[-70.981151,42.235742],[-70.97995,42.23277],[-70.97752,42.22937],[-70.97644,42.22792],[-70.973786,42.221896],[-70.97475,42.22086],[-70.97716,42.22062],[-70.97778,42.22049],[-70.97994,42.21964],[-70.9819,42.21921],[-70.98551,42.2196],[-70.983484,42.222335],[-70.984597,42.222377],[-70.985565,42.222793],[-70.986791,42.224201],[-70.99016,42.227221],[-70.991159,42.229623],[-70.991073,42.230071],[-70.99304,42.23089],[-70.996191,42.233204]]","07/31/2016 - 08/28/2016, Every day, Daily Average",1327,1013,1737
"1116","Harborwalk, Waterfront, Boston","[[-71.062911,42.361229],[-71.061856,42.36243],[-71.058261,42.363697],[-71.057757,42.363616],[-71.056105,42.362402],[-71.05542,42.361957],[-71.054925,42.362046],[-71.053826,42.363303],[-71.052111,42.363676],[-71.051647,42.36311],[-71.0512,42.363712],[-71.05109,42.364175],[-71.046389,42.363935],[-71.045918,42.361164],[-71.0455,42.359825],[-71.045566,42.359733],[-71.049595,42.354497],[-71.05106,42.355131],[-71.050851,42.356671],[-71.052158,42.358666],[-71.053518,42.358356],[-71.055759,42.356913],[-71.05771,42.356777],[-71.058737,42.356988],[-71.05829,42.35741],[-71.06151,42.358336],[-71.062642,42.357977],[-71.062875,42.359483],[-71.062911,42.361229]]","461","200 King Hill Road, Braintree","[[-71.049548,42.206768],[-71.045922,42.206342],[-71.044938,42.206572],[-71.044883,42.206583],[-71.042299,42.208168],[-71.036248,42.208872],[-71.032803,42.20749],[-71.03199,42.208247],[-71.02817,42.207491],[-71.025842,42.206591],[-71.024387,42.204388],[-71.024362,42.202104],[-71.01975,42.21101],[-71.01976,42.21202],[-71.01625,42.2102],[-71.01408,42.208625],[-71.012851,42.209231],[-71.012038,42.210118],[-71.011202,42.209515],[-71.00862,42.20892],[-71.00513,42.20904],[-71.00369,42.20896],[-71.004036,42.207777],[-71.002906,42.2083],[-71.001259,42.20878],[-71.000766,42.212774],[-71.000387,42.2156],[-71.000112,42.218133],[-71.000285,42.219319],[-70.99821,42.217341],[-70.99725,42.21566],[-70.996383,42.211668],[-70.995291,42.210957],[-70.993899,42.207382],[-70.994535,42.206942],[-70.997232,42.205075],[-70.997325,42.203384],[-70.999545,42.201798],[-70.999629,42.200554],[-71.002089,42.200024],[-71.004495,42.196111],[-71.004964,42.196135],[-71.005508,42.195926],[-71.008226,42.197481],[-71.010681,42.198899],[-71.012498,42.1956],[-71.012873,42.192609],[-71.015099,42.189471],[-71.019281,42.18692],[-71.02964,42.19151],[-71.047271,42.194592],[-71.048575,42.201804],[-71.049548,42.206768]]","07/31/2016 - 08/28/2016, Every day, Daily Average",1195,802,1779
"1116","Harborwalk, Waterfront, Boston","[[-71.062911,42.361229],[-71.061856,42.36243],[-71.058261,42.363697],[-71.057757,42.363616],[-71.056105,42.362402],[-71.05542,42.361957],[-71.054925,42.362046],[-71.053826,42.363303],[-71.052111,42.363676],[-71.051647,42.36311],[-71.0512,42.363712],[-71.05109,42.364175],[-71.046389,42.363935],[-71.045918,42.361164],[-71.0455,42.359825],[-71.045566,42.359733],[-71.049595,42.354497],[-71.05106,42.355131],[-71.050851,42.356671],[-71.052158,42.358666],[-71.053518,42.358356],[-71.055759,42.356913],[-71.05771,42.356777],[-71.058737,42.356988],[-71.05829,42.35741],[-71.06151,42.358336],[-71.062642,42.357977],[-71.062875,42.359483],[-71.062911,42.361229]]","462","Fall River Expressway, Randolph","[[-71.094569,42.202366],[-71.088307,42.202358],[-71.08679,42.20421],[-71.082707,42.204269],[-71.081458,42.204847],[-71.075149,42.204849],[-71.074023,42.204257],[-71.069501,42.204487],[-71.065159,42.205517],[-71.064914,42.205105],[-71.06184,42.19962],[-71.06078,42.19538],[-71.060629,42.194789],[-71.05936,42.19167],[-71.05522,42.18552],[-71.05702,42.18571],[-71.06112,42.18691],[-71.06145,42.18696],[-71.06699,42.18776],[-71.06681,42.17747],[-71.0668,42.17616],[-71.06713,42.17497],[-71.07259,42.17505],[-71.074353,42.175243],[-71.072597,42.170109],[-71.088928,42.186552],[-71.10293,42.200681],[-71.094569,42.202366]]","07/31/2016 - 08/28/2016, Every day, Daily Average",1358,959,1922
"1116","Harborwalk, Waterfront, Boston","[[-71.062911,42.361229],[-71.061856,42.36243],[-71.058261,42.363697],[-71.057757,42.363616],[-71.056105,42.362402],[-71.05542,42.361957],[-71.054925,42.362046],[-71.053826,42.363303],[-71.052111,42.363676],[-71.051647,42.36311],[-71.0512,42.363712],[-71.05109,42.364175],[-71.046389,42.363935],[-71.045918,42.361164],[-71.0455,42.359825],[-71.045566,42.359733],[-71.049595,42.354497],[-71.05106,42.355131],[-71.050851,42.356671],[-71.052158,42.358666],[-71.053518,42.358356],[-71.055759,42.356913],[-71.05771,42.356777],[-71.058737,42.356988],[-71.05829,42.35741],[-71.06151,42.358336],[-71.062642,42.357977],[-71.062875,42.359483],[-71.062911,42.361229]]","463","0 Alfred Terrace, Randolph","[[-71.074353,42.175243],[-71.07259,42.17505],[-71.06713,42.17497],[-71.0653,42.17028],[-71.06213,42.16953],[-71.05834,42.17209],[-71.054311,42.173336],[-71.05216,42.17318],[-71.049323,42.173619],[-71.04816,42.17418],[-71.04848,42.17477],[-71.0449,42.17532],[-71.04089,42.17498],[-71.03575,42.1753],[-71.03506,42.17525],[-71.035074,42.175085],[-71.029579,42.177897],[-71.020071,42.18041],[-71.02007,42.17778],[-71.022346,42.170656],[-71.02202,42.170559],[-71.021656,42.168987],[-71.026911,42.157784],[-71.027875,42.155431],[-71.029667,42.150537],[-71.0304,42.15221],[-71.035377,42.155276],[-71.03404,42.155175],[-71.032596,42.157502],[-71.03402,42.15808],[-71.04031,42.16197],[-71.041326,42.162583],[-71.04332,42.16566],[-71.04415,42.1655],[-71.050521,42.165051],[-71.05235,42.16514],[-71.053849,42.165471],[-71.05701,42.16525],[-71.063521,42.160915],[-71.066609,42.164042],[-71.072597,42.170109],[-71.074353,42.175243]]","07/31/2016 - 08/28/2016, Every day, Daily Average",1873,1289,2720
"1116","Harborwalk, Waterfront, Boston","[[-71.062911,42.361229],[-71.061856,42.36243],[-71.058261,42.363697],[-71.057757,42.363616],[-71.056105,42.362402],[-71.05542,42.361957],[-71.054925,42.362046],[-71.053826,42.363303],[-71.052111,42.363676],[-71.051647,42.36311],[-71.0512,42.363712],[-71.05109,42.364175],[-71.046389,42.363935],[-71.045918,42.361164],[-71.0455,42.359825],[-71.045566,42.359733],[-71.049595,42.354497],[-71.05106,42.355131],[-71.050851,42.356671],[-71.052158,42.358666],[-71.053518,42.358356],[-71.055759,42.356913],[-71.05771,42.356777],[-71.058737,42.356988],[-71.05829,42.35741],[-71.06151,42.358336],[-71.062642,42.357977],[-71.062875,42.359483],[-71.062911,42.361229]]","464","100 Swan Avenue, South Weymouth, Weymouth","[[-70.980744,42.13965],[-70.976758,42.166466],[-70.976565,42.168331],[-70.974062,42.184339],[-70.9726,42.18238],[-70.9685,42.17968],[-70.966267,42.178807],[-70.96439,42.17843],[-70.961697,42.17854],[-70.956956,42.179751],[-70.95526,42.1797],[-70.95538,42.17673],[-70.95537,42.1716],[-70.95528,42.1678],[-70.95522,42.16265],[-70.955168,42.158118],[-70.948963,42.148156],[-70.954646,42.145942],[-70.970875,42.13958],[-70.977437,42.137011],[-70.981293,42.135502],[-70.980744,42.13965]]","07/31/2016 - 08/28/2016, Every day, Daily Average",1662,1208,2285
"1116","Harborwalk, Waterfront, Boston","[[-71.062911,42.361229],[-71.061856,42.36243],[-71.058261,42.363697],[-71.057757,42.363616],[-71.056105,42.362402],[-71.05542,42.361957],[-71.054925,42.362046],[-71.053826,42.363303],[-71.052111,42.363676],[-71.051647,42.36311],[-71.0512,42.363712],[-71.05109,42.364175],[-71.046389,42.363935],[-71.045918,42.361164],[-71.0455,42.359825],[-71.045566,42.359733],[-71.049595,42.354497],[-71.05106,42.355131],[-71.050851,42.356671],[-71.052158,42.358666],[-71.053518,42.358356],[-71.055759,42.356913],[-71.05771,42.356777],[-71.058737,42.356988],[-71.05829,42.35741],[-71.06151,42.358336],[-71.062642,42.357977],[-71.062875,42.359483],[-71.062911,42.361229]]","465","100 Wingate Road, East Weymouth, Weymouth","[[-70.967022,42.223353],[-70.963728,42.224694],[-70.960891,42.226899],[-70.960384,42.228715],[-70.960374,42.233613],[-70.960491,42.235099],[-70.958037,42.235927],[-70.956396,42.236351],[-70.953246,42.236807],[-70.95198,42.236174],[-70.950064,42.236324],[-70.94978,42.238238],[-70.949128,42.238443],[-70.9481,42.23396],[-70.94489,42.23173],[-70.94292,42.23112],[-70.93945,42.23396],[-70.936052,42.235852],[-70.930491,42.2361],[-70.93129,42.2387],[-70.933489,42.2394],[-70.933284,42.245899],[-70.93111,42.246393],[-70.93129,42.244299],[-70.929591,42.2427],[-70.92579,42.2368],[-70.92239,42.2293],[-70.923751,42.228055],[-70.92349,42.2259],[-70.92209,42.2253],[-70.92049,42.2258],[-70.91879,42.2263],[-70.918091,42.225501],[-70.914886,42.225109],[-70.91485,42.224408],[-70.916269,42.214974],[-70.918209,42.214661],[-70.92237,42.21535],[-70.92528,42.21572],[-70.926669,42.21708],[-70.92758,42.2191],[-70.93272,42.22314],[-70.93521,42.2243],[-70.93665,42.22465],[-70.94002,42.22522],[-70.93894,42.22234],[-70.94032,42.22189],[-70.94395,42.22022],[-70.947267,42.218802],[-70.94852,42.2178],[-70.94954,42.21927],[-70.94878,42.22203],[-70.95145,42.22268],[-70.95514,42.22153],[-70.95621,42.22496],[-70.95714,42.22473],[-70.96262,42.22421],[-70.96453,42.22392],[-70.966936,42.22188],[-70.96809,42.221519],[-70.967022,42.223353]]","07/31/2016 - 08/28/2016, Every day, Daily Average",1729,1319,2266
"1116","Harborwalk, Waterfront, Boston","[[-71.062911,42.361229],[-71.061856,42.36243],[-71.058261,42.363697],[-71.057757,42.363616],[-71.056105,42.362402],[-71.05542,42.361957],[-71.054925,42.362046],[-71.053826,42.363303],[-71.052111,42.363676],[-71.051647,42.36311],[-71.0512,42.363712],[-71.05109,42.364175],[-71.046389,42.363935],[-71.045918,42.361164],[-71.0455,42.359825],[-71.045566,42.359733],[-71.049595,42.354497],[-71.05106,42.355131],[-71.050851,42.356671],[-71.052158,42.358666],[-71.053518,42.358356],[-71.055759,42.356913],[-71.05771,42.356777],[-71.058737,42.356988],[-71.05829,42.35741],[-71.06151,42.358336],[-71.062642,42.357977],[-71.062875,42.359483],[-71.062911,42.361229]]","470","0 Bayberry Lane, Salisbury","[[-70.914502,42.886563],[-70.902768,42.88653],[-70.886136,42.88261],[-70.883405,42.881033],[-70.88339,42.881023],[-70.872606,42.874794],[-70.848935,42.861118],[-70.848625,42.860939],[-70.837376,42.864996],[-70.830795,42.868918],[-70.823848,42.871198],[-70.823786,42.871218],[-70.819036,42.868194],[-70.821736,42.867442],[-70.82336,42.864835],[-70.827115,42.863633],[-70.825421,42.862889],[-70.824972,42.861557],[-70.823428,42.862462],[-70.823261,42.860579],[-70.824696,42.860048],[-70.825191,42.857601],[-70.822746,42.858579],[-70.820651,42.856526],[-70.822227,42.855725],[-70.823102,42.853511],[-70.821599,42.853246],[-70.822411,42.851138],[-70.826582,42.850997],[-70.833596,42.850498],[-70.834549,42.851525],[-70.836372,42.851929],[-70.836887,42.851098],[-70.839957,42.849574],[-70.844267,42.848638],[-70.845767,42.846571],[-70.848612,42.844635],[-70.849546,42.844545],[-70.851758,42.845205],[-70.85282,42.846181],[-70.854517,42.845695],[-70.854869,42.847924],[-70.857438,42.848369],[-70.858295,42.847521],[-70.859951,42.848605],[-70.861693,42.84661],[-70.861641,42.845223],[-70.859827,42.841704],[-70.857421,42.840944],[-70.854259,42.833561],[-70.853449,42.830647],[-70.853646,42.828151],[-70.855469,42.82643],[-70.85834,42.826392],[-70.861002,42.824814],[-70.862565,42.820614],[-70.864327,42.816998],[-70.865853,42.815766],[-70.870233,42.817872],[-70.87312,42.815789],[-70.87339,42.816031],[-70.877497,42.819791],[-70.880552,42.821999],[-70.884629,42.824107],[-70.890069,42.826309],[-70.894533,42.830867],[-70.897557,42.832618],[-70.904198,42.83389],[-70.900041,42.846764],[-70.899832,42.847386],[-70.902629,42.854743],[-70.909376,42.872619],[-70.914521,42.886563],[-70.914502,42.886563]]","07/31/2016 - 08/28/2016, Every day, Daily Average",2841,2380,3390
"1116","Harborwalk, Waterfront, Boston","[[-71.062911,42.361229],[-71.061856,42.36243],[-71.058261,42.363697],[-71.057757,42.363616],[-71.056105,42.362402],[-71.05542,42.361957],[-71.054925,42.362046],[-71.053826,42.363303],[-71.052111,42.363676],[-71.051647,42.36311],[-71.0512,42.363712],[-71.05109,42.364175],[-71.046389,42.363935],[-71.045918,42.361164],[-71.0455,42.359825],[-71.045566,42.359733],[-71.049595,42.354497],[-71.05106,42.355131],[-71.050851,42.356671],[-71.052158,42.358666],[-71.053518,42.358356],[-71.055759,42.356913],[-71.05771,42.356777],[-71.058737,42.356988],[-71.05829,42.35741],[-71.06151,42.358336],[-71.062642,42.357977],[-71.062875,42.359483],[-71.062911,42.361229]]","475","Glacier Lane, Hingham","[[-70.890336,42.242318],[-70.887015,42.243152],[-70.887721,42.24607],[-70.8868,42.248048],[-70.883514,42.246297],[-70.881223,42.247499],[-70.87781,42.249288],[-70.875908,42.256853],[-70.87876,42.258963],[-70.882801,42.26811],[-70.887334,42.273087],[-70.883814,42.274484],[-70.881168,42.274683],[-70.876623,42.273753],[-70.87328,42.271457],[-70.867217,42.266988],[-70.867158,42.264845],[-70.868075,42.26303],[-70.867886,42.261236],[-70.866364,42.259654],[-70.863465,42.25866],[-70.857297,42.258099],[-70.850465,42.258961],[-70.848399,42.25829],[-70.847189,42.259769],[-70.844614,42.260512],[-70.844708,42.259846],[-70.845698,42.258055],[-70.84729,42.254101],[-70.84884,42.252448],[-70.84823,42.248502],[-70.849301,42.247339],[-70.841241,42.244546],[-70.841152,42.243346],[-70.844664,42.242271],[-70.85934,42.243166],[-70.859104,42.242744],[-70.862616,42.239117],[-70.866255,42.237269],[-70.870486,42.236642],[-70.872223,42.234622],[-70.876523,42.23497],[-70.876849,42.231528],[-70.876101,42.229089],[-70.882366,42.228629],[-70.885697,42.228267],[-70.886911,42.231594],[-70.887776,42.238535],[-70.89,42.241796],[-70.890336,42.242318]]","07/31/2016 - 08/28/2016, Every day, Daily Average",2324,1920,2811
"1116","Harborwalk, Waterfront, Boston","[[-71.062911,42.361229],[-71.061856,42.36243],[-71.058261,42.363697],[-71.057757,42.363616],[-71.056105,42.362402],[-71.05542,42.361957],[-71.054925,42.362046],[-71.053826,42.363303],[-71.052111,42.363676],[-71.051647,42.36311],[-71.0512,42.363712],[-71.05109,42.364175],[-71.046389,42.363935],[-71.045918,42.361164],[-71.0455,42.359825],[-71.045566,42.359733],[-71.049595,42.354497],[-71.05106,42.355131],[-71.050851,42.356671],[-71.052158,42.358666],[-71.053518,42.358356],[-71.055759,42.356913],[-71.05771,42.356777],[-71.058737,42.356988],[-71.05829,42.35741],[-71.06151,42.358336],[-71.062642,42.357977],[-71.062875,42.359483],[-71.062911,42.361229]]","478","100 Centre Avenue, Abington","[[-70.976741,42.100603],[-70.963038,42.102384],[-70.955058,42.104246],[-70.95054,42.105923],[-70.949809,42.105978],[-70.948749,42.105937],[-70.948753,42.110032],[-70.948758,42.114099],[-70.94935,42.12283],[-70.947457,42.122836],[-70.946983,42.123872],[-70.940974,42.12633],[-70.934629,42.128347],[-70.931487,42.116549],[-70.92772,42.112553],[-70.9234,42.108039],[-70.922585,42.107308],[-70.915787,42.1001],[-70.926853,42.098145],[-70.946731,42.094552],[-70.950236,42.09371],[-70.958952,42.091544],[-70.975519,42.087446],[-70.975297,42.088275],[-70.975905,42.089441],[-70.975407,42.090867],[-70.974964,42.094847],[-70.975072,42.096229],[-70.976741,42.100603]]","07/31/2016 - 08/28/2016, Every day, Daily Average",1905,1569,2311
"1116","Harborwalk, Waterfront, Boston","[[-71.062911,42.361229],[-71.061856,42.36243],[-71.058261,42.363697],[-71.057757,42.363616],[-71.056105,42.362402],[-71.05542,42.361957],[-71.054925,42.362046],[-71.053826,42.363303],[-71.052111,42.363676],[-71.051647,42.36311],[-71.0512,42.363712],[-71.05109,42.364175],[-71.046389,42.363935],[-71.045918,42.361164],[-71.0455,42.359825],[-71.045566,42.359733],[-71.049595,42.354497],[-71.05106,42.355131],[-71.050851,42.356671],[-71.052158,42.358666],[-71.053518,42.358356],[-71.055759,42.356913],[-71.05771,42.356777],[-71.058737,42.356988],[-71.05829,42.35741],[-71.06151,42.358336],[-71.062642,42.357977],[-71.062875,42.359483],[-71.062911,42.361229]]","482","0 Hidden Valley Road, Marshfield","[[-70.786278,42.146768],[-70.785401,42.149726],[-70.783053,42.1502],[-70.782444,42.155824],[-70.781962,42.156388],[-70.779323,42.156486],[-70.774424,42.15484],[-70.77159,42.155113],[-70.768863,42.153996],[-70.767023,42.155595],[-70.766706,42.157278],[-70.765311,42.158753],[-70.763949,42.158539],[-70.762541,42.156947],[-70.761447,42.157165],[-70.76019,42.159246],[-70.755391,42.159405],[-70.754255,42.160972],[-70.754319,42.162992],[-70.752394,42.163937],[-70.749027,42.164981],[-70.745584,42.161623],[-70.742395,42.161087],[-70.743472,42.156161],[-70.742799,42.152862],[-70.742069,42.140202],[-70.739751,42.134894],[-70.739687,42.134062],[-70.740252,42.131909],[-70.739768,42.129902],[-70.737062,42.124905],[-70.737333,42.123059],[-70.738753,42.121205],[-70.739303,42.119679],[-70.73897,42.118154],[-70.736289,42.115698],[-70.733306,42.11411],[-70.727822,42.108813],[-70.725351,42.106538],[-70.720056,42.104587],[-70.7192,42.103752],[-70.718025,42.098708],[-70.718129,42.094885],[-70.722864,42.096407],[-70.720552,42.094939],[-70.721598,42.094836],[-70.723669,42.094118],[-70.726576,42.093891],[-70.728409,42.093466],[-70.734497,42.092484],[-70.737984,42.091462],[-70.73847,42.09117],[-70.749716,42.096977],[-70.755244,42.099757],[-70.762328,42.103314],[-70.762296,42.103373],[-70.760519,42.107292],[-70.759468,42.109598],[-70.764478,42.109792],[-70.765795,42.109881],[-70.766549,42.114028],[-70.773037,42.113221],[-70.777281,42.113406],[-70.775089,42.115333],[-70.776853,42.116976],[-70.77768,42.119003],[-70.777528,42.120822],[-70.779241,42.12154],[-70.777855,42.124732],[-70.77944,42.126486],[-70.778833,42.128011],[-70.779263,42.129792],[-70.781337,42.129811],[-70.781757,42.13124],[-70.779891,42.132589],[-70.781203,42.134729],[-70.780534,42.137352],[-70.782778,42.139431],[-70.783084,42.142294],[-70.785455,42.143384],[-70.787512,42.144942],[-70.786278,42.146768]]","07/31/2016 - 08/28/2016, Every day, Daily Average",2388,1683,3387
"1116","Harborwalk, Waterfront, Boston","[[-71.062911,42.361229],[-71.061856,42.36243],[-71.058261,42.363697],[-71.057757,42.363616],[-71.056105,42.362402],[-71.05542,42.361957],[-71.054925,42.362046],[-71.053826,42.363303],[-71.052111,42.363676],[-71.051647,42.36311],[-71.0512,42.363712],[-71.05109,42.364175],[-71.046389,42.363935],[-71.045918,42.361164],[-71.0455,42.359825],[-71.045566,42.359733],[-71.049595,42.354497],[-71.05106,42.355131],[-71.050851,42.356671],[-71.052158,42.358666],[-71.053518,42.358356],[-71.055759,42.356913],[-71.05771,42.356777],[-71.058737,42.356988],[-71.05829,42.35741],[-71.06151,42.358336],[-71.062642,42.357977],[-71.062875,42.359483],[-71.062911,42.361229]]","486","100 South Meadow Road, Plymouth","[[-70.747094,41.927844],[-70.741992,41.928568],[-70.736572,41.931206],[-70.731908,41.930965],[-70.72944,41.931384],[-70.726928,41.932914],[-70.722184,41.935294],[-70.718576,41.937613],[-70.711233,41.942265],[-70.710515,41.942732],[-70.706654,41.944113],[-70.703146,41.944578],[-70.702287,41.944903],[-70.701758,41.945003],[-70.696262,41.945323],[-70.692404,41.944212],[-70.689456,41.945735],[-70.678902,41.949886],[-70.677136,41.946643],[-70.675136,41.944502],[-70.67468,41.940979],[-70.67164,41.938274],[-70.669278,41.935058],[-70.66926,41.93384],[-70.672286,41.931554],[-70.672364,41.928008],[-70.673586,41.926387],[-70.676093,41.928327],[-70.679859,41.930366],[-70.683033,41.930709],[-70.686781,41.929958],[-70.689155,41.931075],[-70.693353,41.930646],[-70.697568,41.93061],[-70.702327,41.930982],[-70.702835,41.931381],[-70.702246,41.926715],[-70.702432,41.924291],[-70.704405,41.919591],[-70.704884,41.916539],[-70.708894,41.911871],[-70.710034,41.909207],[-70.711543,41.905472],[-70.712373,41.903381],[-70.712423,41.903091],[-70.712865,41.893424],[-70.715944,41.886058],[-70.72266,41.893779],[-70.736425,41.909606],[-70.750651,41.925942],[-70.747094,41.927844]]","07/31/2016 - 08/28/2016, Every day, Daily Average",3217,2329,4442
"1116","Harborwalk, Waterfront, Boston","[[-71.062911,42.361229],[-71.061856,42.36243],[-71.058261,42.363697],[-71.057757,42.363616],[-71.056105,42.362402],[-71.05542,42.361957],[-71.054925,42.362046],[-71.053826,42.363303],[-71.052111,42.363676],[-71.051647,42.36311],[-71.0512,42.363712],[-71.05109,42.364175],[-71.046389,42.363935],[-71.045918,42.361164],[-71.0455,42.359825],[-71.045566,42.359733],[-71.049595,42.354497],[-71.05106,42.355131],[-71.050851,42.356671],[-71.052158,42.358666],[-71.053518,42.358356],[-71.055759,42.356913],[-71.05771,42.356777],[-71.058737,42.356988],[-71.05829,42.35741],[-71.06151,42.358336],[-71.062642,42.357977],[-71.062875,42.359483],[-71.062911,42.361229]]","487","500 Main Street, Medford Street / The Neck, Boston","[[-71.080884,42.382141],[-71.0795,42.383348],[-71.078695,42.384296],[-71.077508,42.385881],[-71.077346,42.386097],[-71.076796,42.386696],[-71.073496,42.391796],[-71.072696,42.390796],[-71.069496,42.393896],[-71.067396,42.394996],[-71.067095,42.393996],[-71.070896,42.388996],[-71.065695,42.386596],[-71.057395,42.387297],[-71.055524,42.387119],[-71.058504,42.3845],[-71.061596,42.380789],[-71.062356,42.381102],[-71.064195,42.381867],[-71.065339,42.380298],[-71.06494,42.379316],[-71.067928,42.380498],[-71.069106,42.37941],[-71.069987,42.380309],[-71.070901,42.379871],[-71.068217,42.375124],[-71.067907,42.374627],[-71.070528,42.372378],[-71.072595,42.372597],[-71.072968,42.373342],[-71.075696,42.380197],[-71.077596,42.380597],[-71.080595,42.380997],[-71.080884,42.382141]]","07/31/2016 - 08/28/2016, Every day, Daily Average",361,180,723
"1116","Harborwalk, Waterfront, Boston","[[-71.062911,42.361229],[-71.061856,42.36243],[-71.058261,42.363697],[-71.057757,42.363616],[-71.056105,42.362402],[-71.05542,42.361957],[-71.054925,42.362046],[-71.053826,42.363303],[-71.052111,42.363676],[-71.051647,42.36311],[-71.0512,42.363712],[-71.05109,42.364175],[-71.046389,42.363935],[-71.045918,42.361164],[-71.0455,42.359825],[-71.045566,42.359733],[-71.049595,42.354497],[-71.05106,42.355131],[-71.050851,42.356671],[-71.052158,42.358666],[-71.053518,42.358356],[-71.055759,42.356913],[-71.05771,42.356777],[-71.058737,42.356988],[-71.05829,42.35741],[-71.06151,42.358336],[-71.062642,42.357977],[-71.062875,42.359483],[-71.062911,42.361229]]","488","Snake Hill Road, Plymouth","[[-70.717767,41.803767],[-70.716903,41.804055],[-70.717671,41.807303],[-70.716615,41.808471],[-70.717399,41.809367],[-70.715319,41.812743],[-70.715511,41.815255],[-70.714846,41.817064],[-70.709807,41.822986],[-70.708008,41.824528],[-70.707958,41.827064],[-70.706493,41.829157],[-70.704807,41.829405],[-70.700247,41.828615],[-70.699799,41.829719],[-70.697495,41.829319],[-70.697271,41.830567],[-70.694967,41.832599],[-70.694871,41.834071],[-70.693655,41.836119],[-70.689847,41.838007],[-70.689502,41.840091],[-70.684878,41.844027],[-70.682211,41.845583],[-70.680534,41.845529],[-70.683548,41.848864],[-70.702512,41.870622],[-70.715944,41.886058],[-70.712865,41.893424],[-70.712423,41.903091],[-70.712373,41.903381],[-70.711543,41.905472],[-70.710034,41.909207],[-70.708894,41.911871],[-70.704884,41.916539],[-70.704405,41.919591],[-70.702432,41.924291],[-70.702246,41.926715],[-70.702835,41.931381],[-70.702327,41.930982],[-70.697568,41.93061],[-70.693353,41.930646],[-70.689155,41.931075],[-70.686781,41.929958],[-70.683033,41.930709],[-70.679859,41.930366],[-70.676093,41.928327],[-70.673586,41.926387],[-70.672364,41.928008],[-70.672286,41.931554],[-70.66926,41.93384],[-70.669278,41.935058],[-70.67164,41.938274],[-70.67468,41.940979],[-70.675136,41.944502],[-70.669164,41.940372],[-70.666841,41.93901],[-70.664033,41.93779],[-70.656614,41.935791],[-70.655478,41.936523],[-70.653117,41.934952],[-70.654697,41.935196],[-70.648747,41.933387],[-70.635048,41.927716],[-70.629448,41.924415],[-70.624848,41.920276],[-70.622826,41.917818],[-70.620415,41.913295],[-70.610922,41.884998],[-70.608518,41.880385],[-70.6062,41.877605],[-70.602351,41.87405],[-70.603278,41.875235],[-70.601362,41.873683],[-70.585441,41.859167],[-70.586681,41.858532],[-70.589513,41.858795],[-70.591848,41.855859],[-70.591862,41.853885],[-70.592903,41.850351],[-70.595269,41.849404],[-70.597768,41.849284],[-70.601697,41.848019],[-70.604363,41.847834],[-70.607169,41.846121],[-70.612219,41.845262],[-70.614489,41.844168],[-70.618539,41.844277],[-70.619707,41.843299],[-70.620181,41.841139],[-70.619755,41.839412],[-70.616549,41.8372],[-70.616741,41.834661],[-70.617229,41.832311],[-70.619077,41.830122],[-70.621643,41.827893],[-70.626104,41.826429],[-70.62794,41.823476],[-70.629958,41.821569],[-70.630344,41.819196],[-70.631381,41.818265],[-70.631623,41.813315],[-70.630655,41.810859],[-70.631234,41.810203],[-70.63151,41.807634],[-70.632841,41.806263],[-70.643564,41.805678],[-70.717655,41.801527],[-70.717767,41.803767]]","07/31/2016 - 08/28/2016, Every day, Daily Average",3359,2501,4511
"1116","Harborwalk, Waterfront, Boston","[[-71.062911,42.361229],[-71.061856,42.36243],[-71.058261,42.363697],[-71.057757,42.363616],[-71.056105,42.362402],[-71.05542,42.361957],[-71.054925,42.362046],[-71.053826,42.363303],[-71.052111,42.363676],[-71.051647,42.36311],[-71.0512,42.363712],[-71.05109,42.364175],[-71.046389,42.363935],[-71.045918,42.361164],[-71.0455,42.359825],[-71.045566,42.359733],[-71.049595,42.354497],[-71.05106,42.355131],[-71.050851,42.356671],[-71.052158,42.358666],[-71.053518,42.358356],[-71.055759,42.356913],[-71.05771,42.356777],[-71.058737,42.356988],[-71.05829,42.35741],[-71.06151,42.358336],[-71.062642,42.357977],[-71.062875,42.359483],[-71.062911,42.361229]]","491","0 Haverford Street, Jamaica Plain, Boston","[[-71.106293,42.312329],[-71.105377,42.314644],[-71.104475,42.317022],[-71.102944,42.319298],[-71.101192,42.318215],[-71.098451,42.315644],[-71.099481,42.314606],[-71.099191,42.314356],[-71.096248,42.312492],[-71.096832,42.312246],[-71.097848,42.311067],[-71.100639,42.306191],[-71.102695,42.306036],[-71.10245,42.308878],[-71.104558,42.309435],[-71.107345,42.310622],[-71.106293,42.312329]]","07/31/2016 - 08/28/2016, Every day, Daily Average",1236,888,1719
"1116","Harborwalk, Waterfront, Boston","[[-71.062911,42.361229],[-71.061856,42.36243],[-71.058261,42.363697],[-71.057757,42.363616],[-71.056105,42.362402],[-71.05542,42.361957],[-71.054925,42.362046],[-71.053826,42.363303],[-71.052111,42.363676],[-71.051647,42.36311],[-71.0512,42.363712],[-71.05109,42.364175],[-71.046389,42.363935],[-71.045918,42.361164],[-71.0455,42.359825],[-71.045566,42.359733],[-71.049595,42.354497],[-71.05106,42.355131],[-71.050851,42.356671],[-71.052158,42.358666],[-71.053518,42.358356],[-71.055759,42.356913],[-71.05771,42.356777],[-71.058737,42.356988],[-71.05829,42.35741],[-71.06151,42.358336],[-71.062642,42.357977],[-71.062875,42.359483],[-71.062911,42.361229]]","492","0 Princeton Street, East Boston, Boston","[[-71.040029,42.37865],[-71.039211,42.378634],[-71.035764,42.379936],[-71.034924,42.378685],[-71.034511,42.378069],[-71.030235,42.379663],[-71.02982,42.379051],[-71.029191,42.378128],[-71.03054,42.377006],[-71.031044,42.37732],[-71.033678,42.376827],[-71.034096,42.37745],[-71.036256,42.376652],[-71.035834,42.376031],[-71.03878,42.374927],[-71.039075,42.374167],[-71.039978,42.374601],[-71.039899,42.37712],[-71.040029,42.37865]]","07/31/2016 - 08/28/2016, Every day, Daily Average",474,282,795
"1116","Harborwalk, Waterfront, Boston","[[-71.062911,42.361229],[-71.061856,42.36243],[-71.058261,42.363697],[-71.057757,42.363616],[-71.056105,42.362402],[-71.05542,42.361957],[-71.054925,42.362046],[-71.053826,42.363303],[-71.052111,42.363676],[-71.051647,42.36311],[-71.0512,42.363712],[-71.05109,42.364175],[-71.046389,42.363935],[-71.045918,42.361164],[-71.0455,42.359825],[-71.045566,42.359733],[-71.049595,42.354497],[-71.05106,42.355131],[-71.050851,42.356671],[-71.052158,42.358666],[-71.053518,42.358356],[-71.055759,42.356913],[-71.05771,42.356777],[-71.058737,42.356988],[-71.05829,42.35741],[-71.06151,42.358336],[-71.062642,42.357977],[-71.062875,42.359483],[-71.062911,42.361229]]","493","Allston Street, Brighton, Boston","[[-71.149839,42.337665],[-71.148847,42.339358],[-71.147571,42.340611],[-71.14686,42.341372],[-71.14682,42.341439],[-71.146334,42.341475],[-71.145802,42.34158],[-71.145923,42.341897],[-71.144358,42.342526],[-71.143109,42.343878],[-71.141698,42.34602],[-71.139804,42.345093],[-71.138246,42.344126],[-71.137824,42.343876],[-71.139977,42.34214],[-71.141302,42.341073],[-71.141754,42.340396],[-71.144212,42.340022],[-71.144779,42.339657],[-71.146253,42.338709],[-71.146197,42.337398],[-71.147249,42.337135],[-71.148701,42.337267],[-71.150309,42.336842],[-71.149839,42.337665]]","07/31/2016 - 08/28/2016, Every day, Daily Average",1412,1056,1887
"1116","Harborwalk, Waterfront, Boston","[[-71.062911,42.361229],[-71.061856,42.36243],[-71.058261,42.363697],[-71.057757,42.363616],[-71.056105,42.362402],[-71.05542,42.361957],[-71.054925,42.362046],[-71.053826,42.363303],[-71.052111,42.363676],[-71.051647,42.36311],[-71.0512,42.363712],[-71.05109,42.364175],[-71.046389,42.363935],[-71.045918,42.361164],[-71.0455,42.359825],[-71.045566,42.359733],[-71.049595,42.354497],[-71.05106,42.355131],[-71.050851,42.356671],[-71.052158,42.358666],[-71.053518,42.358356],[-71.055759,42.356913],[-71.05771,42.356777],[-71.058737,42.356988],[-71.05829,42.35741],[-71.06151,42.358336],[-71.062642,42.357977],[-71.062875,42.359483],[-71.062911,42.361229]]","494","0 Glenville Avenue, Allston, Boston","[[-71.136379,42.350393],[-71.135644,42.351695],[-71.13456,42.353352],[-71.134002,42.353283],[-71.132106,42.353061],[-71.131447,42.351154],[-71.131071,42.350499],[-71.130868,42.350136],[-71.130033,42.349218],[-71.129746,42.34885],[-71.133381,42.347122],[-71.134254,42.346577],[-71.134674,42.34685],[-71.135961,42.347957],[-71.135042,42.348165],[-71.135238,42.34849],[-71.135724,42.34904],[-71.136379,42.350393]]","07/31/2016 - 08/28/2016, Every day, Daily Average",1238,906,1690
"1116","Harborwalk, Waterfront, Boston","[[-71.062911,42.361229],[-71.061856,42.36243],[-71.058261,42.363697],[-71.057757,42.363616],[-71.056105,42.362402],[-71.05542,42.361957],[-71.054925,42.362046],[-71.053826,42.363303],[-71.052111,42.363676],[-71.051647,42.36311],[-71.0512,42.363712],[-71.05109,42.364175],[-71.046389,42.363935],[-71.045918,42.361164],[-71.0455,42.359825],[-71.045566,42.359733],[-71.049595,42.354497],[-71.05106,42.355131],[-71.050851,42.356671],[-71.052158,42.358666],[-71.053518,42.358356],[-71.055759,42.356913],[-71.05771,42.356777],[-71.058737,42.356988],[-71.05829,42.35741],[-71.06151,42.358336],[-71.062642,42.357977],[-71.062875,42.359483],[-71.062911,42.361229]]","495","300 Brookline Avenue, Medical Center Area, Boston","[[-71.106909,42.341767],[-71.105361,42.343289],[-71.103789,42.343144],[-71.098988,42.339095],[-71.096885,42.339026],[-71.09621,42.339827],[-71.093217,42.340889],[-71.092543,42.339513],[-71.092192,42.339139],[-71.095745,42.337727],[-71.098133,42.336783],[-71.100306,42.335941],[-71.100935,42.336168],[-71.10539,42.33786],[-71.110001,42.340317],[-71.106909,42.341767]]","07/31/2016 - 08/28/2016, Every day, Daily Average",978,677,1412
"1116","Harborwalk, Waterfront, Boston","[[-71.062911,42.361229],[-71.061856,42.36243],[-71.058261,42.363697],[-71.057757,42.363616],[-71.056105,42.362402],[-71.05542,42.361957],[-71.054925,42.362046],[-71.053826,42.363303],[-71.052111,42.363676],[-71.051647,42.36311],[-71.0512,42.363712],[-71.05109,42.364175],[-71.046389,42.363935],[-71.045918,42.361164],[-71.0455,42.359825],[-71.045566,42.359733],[-71.049595,42.354497],[-71.05106,42.355131],[-71.050851,42.356671],[-71.052158,42.358666],[-71.053518,42.358356],[-71.055759,42.356913],[-71.05771,42.356777],[-71.058737,42.356988],[-71.05829,42.35741],[-71.06151,42.358336],[-71.062642,42.357977],[-71.062875,42.359483],[-71.062911,42.361229]]","496","0 Newbury Street, Back Bay East, Boston","[[-71.080862,42.352267],[-71.076583,42.353425],[-71.074401,42.354022],[-71.072055,42.354655],[-71.071079,42.352673],[-71.070655,42.351854],[-71.070455,42.351417],[-71.072822,42.350755],[-71.072659,42.35041],[-71.076683,42.349395],[-71.077368,42.350075],[-71.079508,42.349508],[-71.07986,42.350304],[-71.080296,42.351121],[-71.080862,42.352267]]","07/31/2016 - 08/28/2016, Every day, Daily Average",620,388,989
"1116","Harborwalk, Waterfront, Boston","[[-71.062911,42.361229],[-71.061856,42.36243],[-71.058261,42.363697],[-71.057757,42.363616],[-71.056105,42.362402],[-71.05542,42.361957],[-71.054925,42.362046],[-71.053826,42.363303],[-71.052111,42.363676],[-71.051647,42.36311],[-71.0512,42.363712],[-71.05109,42.364175],[-71.046389,42.363935],[-71.045918,42.361164],[-71.0455,42.359825],[-71.045566,42.359733],[-71.049595,42.354497],[-71.05106,42.355131],[-71.050851,42.356671],[-71.052158,42.358666],[-71.053518,42.358356],[-71.055759,42.356913],[-71.05771,42.356777],[-71.058737,42.356988],[-71.05829,42.35741],[-71.06151,42.358336],[-71.062642,42.357977],[-71.062875,42.359483],[-71.062911,42.361229]]","497","0 Blossom Street, West End, Boston","[[-71.072348,42.361372],[-71.068497,42.366506],[-71.070218,42.366148],[-71.071628,42.367158],[-71.070738,42.367995],[-71.070694,42.368067],[-71.067388,42.366506],[-71.067606,42.366426],[-71.068769,42.365788],[-71.065139,42.364771],[-71.065155,42.364177],[-71.065139,42.363237],[-71.063858,42.362198],[-71.063755,42.361241],[-71.065161,42.361201],[-71.066382,42.361197],[-71.066916,42.361189],[-71.068736,42.361183],[-71.070789,42.361404],[-71.072348,42.361372]]","07/31/2016 - 08/28/2016, Every day, Daily Average",312,136,713
"1116","Harborwalk, Waterfront, Boston","[[-71.062911,42.361229],[-71.061856,42.36243],[-71.058261,42.363697],[-71.057757,42.363616],[-71.056105,42.362402],[-71.05542,42.361957],[-71.054925,42.362046],[-71.053826,42.363303],[-71.052111,42.363676],[-71.051647,42.36311],[-71.0512,42.363712],[-71.05109,42.364175],[-71.046389,42.363935],[-71.045918,42.361164],[-71.0455,42.359825],[-71.045566,42.359733],[-71.049595,42.354497],[-71.05106,42.355131],[-71.050851,42.356671],[-71.052158,42.358666],[-71.053518,42.358356],[-71.055759,42.356913],[-71.05771,42.356777],[-71.058737,42.356988],[-71.05829,42.35741],[-71.06151,42.358336],[-71.062642,42.357977],[-71.062875,42.359483],[-71.062911,42.361229]]","498","0 Causeway Street, West End, Boston","[[-71.069795,42.369097],[-71.064095,42.368997],[-71.062994,42.368391],[-71.059795,42.368767],[-71.058525,42.366952],[-71.058121,42.364047],[-71.057757,42.363616],[-71.058261,42.363697],[-71.061856,42.36243],[-71.062911,42.361229],[-71.063755,42.361241],[-71.063858,42.362198],[-71.065139,42.363237],[-71.065155,42.364177],[-71.065139,42.364771],[-71.068769,42.365788],[-71.067606,42.366426],[-71.067388,42.366506],[-71.070694,42.368067],[-71.069795,42.369097]]","07/31/2016 - 08/28/2016, Every day, Daily Average",223,84,590
"1116","Harborwalk, Waterfront, Boston","[[-71.062911,42.361229],[-71.061856,42.36243],[-71.058261,42.363697],[-71.057757,42.363616],[-71.056105,42.362402],[-71.05542,42.361957],[-71.054925,42.362046],[-71.053826,42.363303],[-71.052111,42.363676],[-71.051647,42.36311],[-71.0512,42.363712],[-71.05109,42.364175],[-71.046389,42.363935],[-71.045918,42.361164],[-71.0455,42.359825],[-71.045566,42.359733],[-71.049595,42.354497],[-71.05106,42.355131],[-71.050851,42.356671],[-71.052158,42.358666],[-71.053518,42.358356],[-71.055759,42.356913],[-71.05771,42.356777],[-71.058737,42.356988],[-71.05829,42.35741],[-71.06151,42.358336],[-71.062642,42.357977],[-71.062875,42.359483],[-71.062911,42.361229]]","499","0 Elm Street, Charlestown, Boston","[[-71.067928,42.380498],[-71.06494,42.379316],[-71.065339,42.380298],[-71.064195,42.381867],[-71.062356,42.381102],[-71.061596,42.380789],[-71.06139,42.380696],[-71.058956,42.379668],[-71.059867,42.378054],[-71.060492,42.376923],[-71.061235,42.377154],[-71.061873,42.375951],[-71.063092,42.374689],[-71.064259,42.376844],[-71.06497,42.377305],[-71.065503,42.377791],[-71.067827,42.378206],[-71.069106,42.37941],[-71.067928,42.380498]]","07/31/2016 - 08/28/2016, Every day, Daily Average",553,386,791
"1116","Harborwalk, Waterfront, Boston","[[-71.062911,42.361229],[-71.061856,42.36243],[-71.058261,42.363697],[-71.057757,42.363616],[-71.056105,42.362402],[-71.05542,42.361957],[-71.054925,42.362046],[-71.053826,42.363303],[-71.052111,42.363676],[-71.051647,42.36311],[-71.0512,42.363712],[-71.05109,42.364175],[-71.046389,42.363935],[-71.045918,42.361164],[-71.0455,42.359825],[-71.045566,42.359733],[-71.049595,42.354497],[-71.05106,42.355131],[-71.050851,42.356671],[-71.052158,42.358666],[-71.053518,42.358356],[-71.055759,42.356913],[-71.05771,42.356777],[-71.058737,42.356988],[-71.05829,42.35741],[-71.06151,42.358336],[-71.062642,42.357977],[-71.062875,42.359483],[-71.062911,42.361229]]","500","Tobin Memorial Bridge, Charlestown, Boston","[[-71.061596,42.380789],[-71.058504,42.3845],[-71.055524,42.387119],[-71.055295,42.387097],[-71.048186,42.385686],[-71.047284,42.385284],[-71.044298,42.383209],[-71.044982,42.378543],[-71.045195,42.377097],[-71.046995,42.372597],[-71.049095,42.371197],[-71.050895,42.370697],[-71.054995,42.370697],[-71.05718,42.37235],[-71.058772,42.371876],[-71.058353,42.373706],[-71.056244,42.375311],[-71.055231,42.376225],[-71.052941,42.378428],[-71.054154,42.379039],[-71.055912,42.379115],[-71.056286,42.37741],[-71.056459,42.376924],[-71.057116,42.377089],[-71.059867,42.378054],[-71.058956,42.379668],[-71.06139,42.380696],[-71.061596,42.380789]]","07/31/2016 - 08/28/2016, Every day, Daily Average",472,279,798
"1116","Harborwalk, Waterfront, Boston","[[-71.062911,42.361229],[-71.061856,42.36243],[-71.058261,42.363697],[-71.057757,42.363616],[-71.056105,42.362402],[-71.05542,42.361957],[-71.054925,42.362046],[-71.053826,42.363303],[-71.052111,42.363676],[-71.051647,42.36311],[-71.0512,42.363712],[-71.05109,42.364175],[-71.046389,42.363935],[-71.045918,42.361164],[-71.0455,42.359825],[-71.045566,42.359733],[-71.049595,42.354497],[-71.05106,42.355131],[-71.050851,42.356671],[-71.052158,42.358666],[-71.053518,42.358356],[-71.055759,42.356913],[-71.05771,42.356777],[-71.058737,42.356988],[-71.05829,42.35741],[-71.06151,42.358336],[-71.062642,42.357977],[-71.062875,42.359483],[-71.062911,42.361229]]","501","0 P Street, South Boston, Boston","[[-71.031283,42.334832],[-71.029234,42.335729],[-71.029317,42.338238],[-71.025133,42.33831],[-71.025071,42.335802],[-71.025026,42.334095],[-71.025009,42.333281],[-71.028074,42.332057],[-71.031143,42.330653],[-71.031191,42.33236],[-71.031226,42.333186],[-71.031254,42.334002],[-71.031283,42.334832]]","07/31/2016 - 08/28/2016, Every day, Daily Average",784,562,1091
"1116","Harborwalk, Waterfront, Boston","[[-71.062911,42.361229],[-71.061856,42.36243],[-71.058261,42.363697],[-71.057757,42.363616],[-71.056105,42.362402],[-71.05542,42.361957],[-71.054925,42.362046],[-71.053826,42.363303],[-71.052111,42.363676],[-71.051647,42.36311],[-71.0512,42.363712],[-71.05109,42.364175],[-71.046389,42.363935],[-71.045918,42.361164],[-71.0455,42.359825],[-71.045566,42.359733],[-71.049595,42.354497],[-71.05106,42.355131],[-71.050851,42.356671],[-71.052158,42.358666],[-71.053518,42.358356],[-71.055759,42.356913],[-71.05771,42.356777],[-71.058737,42.356988],[-71.05829,42.35741],[-71.06151,42.358336],[-71.062642,42.357977],[-71.062875,42.359483],[-71.062911,42.361229]]","502","600 East Fifth Street, South Boston, Boston","[[-71.04155,42.335518],[-71.037431,42.335588],[-71.033346,42.335661],[-71.0333,42.333978],[-71.03328,42.333146],[-71.033262,42.332329],[-71.035296,42.332293],[-71.035207,42.32935],[-71.037248,42.329525],[-71.037291,42.331432],[-71.037314,42.332265],[-71.037336,42.33308],[-71.041479,42.333016],[-71.041511,42.333827],[-71.04155,42.335518]]","07/31/2016 - 08/28/2016, Every day, Daily Average",761,537,1077
"1116","Harborwalk, Waterfront, Boston","[[-71.062911,42.361229],[-71.061856,42.36243],[-71.058261,42.363697],[-71.057757,42.363616],[-71.056105,42.362402],[-71.05542,42.361957],[-71.054925,42.362046],[-71.053826,42.363303],[-71.052111,42.363676],[-71.051647,42.36311],[-71.0512,42.363712],[-71.05109,42.364175],[-71.046389,42.363935],[-71.045918,42.361164],[-71.0455,42.359825],[-71.045566,42.359733],[-71.049595,42.354497],[-71.05106,42.355131],[-71.050851,42.356671],[-71.052158,42.358666],[-71.053518,42.358356],[-71.055759,42.356913],[-71.05771,42.356777],[-71.058737,42.356988],[-71.05829,42.35741],[-71.06151,42.358336],[-71.062642,42.357977],[-71.062875,42.359483],[-71.062911,42.361229]]","503","0 Eustis Street, Roxbury, Boston","[[-71.085345,42.335071],[-71.080943,42.332931],[-71.080625,42.333367],[-71.080297,42.333796],[-71.077621,42.336001],[-71.075783,42.334493],[-71.076119,42.332813],[-71.075037,42.33349],[-71.074357,42.332847],[-71.077472,42.330898],[-71.079264,42.328514],[-71.080891,42.328497],[-71.081521,42.328486],[-71.083448,42.32865],[-71.082986,42.330831],[-71.085025,42.330834],[-71.085223,42.3306],[-71.085037,42.332715],[-71.087462,42.334126],[-71.085345,42.335071]]","07/31/2016 - 08/28/2016, Every day, Daily Average",712,456,1110
"1116","Harborwalk, Waterfront, Boston","[[-71.062911,42.361229],[-71.061856,42.36243],[-71.058261,42.363697],[-71.057757,42.363616],[-71.056105,42.362402],[-71.05542,42.361957],[-71.054925,42.362046],[-71.053826,42.363303],[-71.052111,42.363676],[-71.051647,42.36311],[-71.0512,42.363712],[-71.05109,42.364175],[-71.046389,42.363935],[-71.045918,42.361164],[-71.0455,42.359825],[-71.045566,42.359733],[-71.049595,42.354497],[-71.05106,42.355131],[-71.050851,42.356671],[-71.052158,42.358666],[-71.053518,42.358356],[-71.055759,42.356913],[-71.05771,42.356777],[-71.058737,42.356988],[-71.05829,42.35741],[-71.06151,42.358336],[-71.062642,42.357977],[-71.062875,42.359483],[-71.062911,42.361229]]","504","0 Francis Street, Fenway/Kenmore, Boston","[[-71.113016,42.331932],[-71.109894,42.335379],[-71.110063,42.336307],[-71.110697,42.337183],[-71.110001,42.340317],[-71.10539,42.33786],[-71.100935,42.336168],[-71.100306,42.335941],[-71.102427,42.335149],[-71.10491,42.33419],[-71.105605,42.332406],[-71.105169,42.331012],[-71.103081,42.330528],[-71.100861,42.330002],[-71.098941,42.329133],[-71.099368,42.327995],[-71.101276,42.32935],[-71.106462,42.330666],[-71.108501,42.330597],[-71.108901,42.330715],[-71.109561,42.330967],[-71.109591,42.333199],[-71.110239,42.333044],[-71.112298,42.332003],[-71.113016,42.331932]]","07/31/2016 - 08/28/2016, Every day, Daily Average",1084,774,1516
"1116","Harborwalk, Waterfront, Boston","[[-71.062911,42.361229],[-71.061856,42.36243],[-71.058261,42.363697],[-71.057757,42.363616],[-71.056105,42.362402],[-71.05542,42.361957],[-71.054925,42.362046],[-71.053826,42.363303],[-71.052111,42.363676],[-71.051647,42.36311],[-71.0512,42.363712],[-71.05109,42.364175],[-71.046389,42.363935],[-71.045918,42.361164],[-71.0455,42.359825],[-71.045566,42.359733],[-71.049595,42.354497],[-71.05106,42.355131],[-71.050851,42.356671],[-71.052158,42.358666],[-71.053518,42.358356],[-71.055759,42.356913],[-71.05771,42.356777],[-71.058737,42.356988],[-71.05829,42.35741],[-71.06151,42.358336],[-71.062642,42.357977],[-71.062875,42.359483],[-71.062911,42.361229]]","505","100 Harold Street, Roxbury, Boston","[[-71.093821,42.314541],[-71.093559,42.315515],[-71.092964,42.316751],[-71.091619,42.316997],[-71.091294,42.317605],[-71.090238,42.319213],[-71.086225,42.318237],[-71.086017,42.319164],[-71.081917,42.318021],[-71.082367,42.317233],[-71.08285,42.316362],[-71.084582,42.316792],[-71.086508,42.317053],[-71.086903,42.316392],[-71.088331,42.31461],[-71.089399,42.313257],[-71.08993,42.312629],[-71.092172,42.309859],[-71.093132,42.31072],[-71.093603,42.31215],[-71.095145,42.313282],[-71.093821,42.314541]]","07/31/2016 - 08/28/2016, Every day, Daily Average",1155,807,1651
"1116","Harborwalk, Waterfront, Boston","[[-71.062911,42.361229],[-71.061856,42.36243],[-71.058261,42.363697],[-71.057757,42.363616],[-71.056105,42.362402],[-71.05542,42.361957],[-71.054925,42.362046],[-71.053826,42.363303],[-71.052111,42.363676],[-71.051647,42.36311],[-71.0512,42.363712],[-71.05109,42.364175],[-71.046389,42.363935],[-71.045918,42.361164],[-71.0455,42.359825],[-71.045566,42.359733],[-71.049595,42.354497],[-71.05106,42.355131],[-71.050851,42.356671],[-71.052158,42.358666],[-71.053518,42.358356],[-71.055759,42.356913],[-71.05771,42.356777],[-71.058737,42.356988],[-71.05829,42.35741],[-71.06151,42.358336],[-71.062642,42.357977],[-71.062875,42.359483],[-71.062911,42.361229]]","506","0 Schuyler Street, Dorchester, Boston","[[-71.08993,42.312629],[-71.089399,42.313257],[-71.088319,42.312895],[-71.085862,42.311689],[-71.083919,42.310576],[-71.083251,42.310604],[-71.082668,42.309535],[-71.082804,42.309331],[-71.083078,42.308772],[-71.083254,42.308469],[-71.083898,42.30759],[-71.084299,42.307015],[-71.084923,42.304428],[-71.085011,42.305169],[-71.089079,42.30753],[-71.092172,42.309859],[-71.08993,42.312629]]","07/31/2016 - 08/28/2016, Every day, Daily Average",1296,904,1857
"1116","Harborwalk, Waterfront, Boston","[[-71.062911,42.361229],[-71.061856,42.36243],[-71.058261,42.363697],[-71.057757,42.363616],[-71.056105,42.362402],[-71.05542,42.361957],[-71.054925,42.362046],[-71.053826,42.363303],[-71.052111,42.363676],[-71.051647,42.36311],[-71.0512,42.363712],[-71.05109,42.364175],[-71.046389,42.363935],[-71.045918,42.361164],[-71.0455,42.359825],[-71.045566,42.359733],[-71.049595,42.354497],[-71.05106,42.355131],[-71.050851,42.356671],[-71.052158,42.358666],[-71.053518,42.358356],[-71.055759,42.356913],[-71.05771,42.356777],[-71.058737,42.356988],[-71.05829,42.35741],[-71.06151,42.358336],[-71.062642,42.357977],[-71.062875,42.359483],[-71.062911,42.361229]]","507","0 Burrell Street, Roxbury, Boston","[[-71.077146,42.322196],[-71.076664,42.322889],[-71.075811,42.324146],[-71.074641,42.323238],[-71.073922,42.323759],[-71.071638,42.324647],[-71.07266,42.326023],[-71.071479,42.326687],[-71.069136,42.325051],[-71.067507,42.323297],[-71.068061,42.321281],[-71.069842,42.321567],[-71.072204,42.321359],[-71.073948,42.320773],[-71.077746,42.320431],[-71.077146,42.322196]]","07/31/2016 - 08/28/2016, Every day, Daily Average",971,615,1532
"1116","Harborwalk, Waterfront, Boston","[[-71.062911,42.361229],[-71.061856,42.36243],[-71.058261,42.363697],[-71.057757,42.363616],[-71.056105,42.362402],[-71.05542,42.361957],[-71.054925,42.362046],[-71.053826,42.363303],[-71.052111,42.363676],[-71.051647,42.36311],[-71.0512,42.363712],[-71.05109,42.364175],[-71.046389,42.363935],[-71.045918,42.361164],[-71.0455,42.359825],[-71.045566,42.359733],[-71.049595,42.354497],[-71.05106,42.355131],[-71.050851,42.356671],[-71.052158,42.358666],[-71.053518,42.358356],[-71.055759,42.356913],[-71.05771,42.356777],[-71.058737,42.356988],[-71.05829,42.35741],[-71.06151,42.358336],[-71.062642,42.357977],[-71.062875,42.359483],[-71.062911,42.361229]]","508","0 Stoughton Street, Dorchester, Boston","[[-71.067429,42.314603],[-71.0652,42.317071],[-71.064643,42.31737],[-71.063572,42.318618],[-71.06211,42.320189],[-71.061481,42.3205],[-71.060846,42.319911],[-71.059596,42.318869],[-71.058834,42.3186],[-71.058965,42.318121],[-71.059544,42.316202],[-71.059623,42.315986],[-71.060018,42.314738],[-71.058881,42.312771],[-71.060403,42.312552],[-71.064213,42.314105],[-71.064602,42.314769],[-71.06564,42.314849],[-71.067429,42.314603]]","07/31/2016 - 08/28/2016, Every day, Daily Average",923,584,1457
"1116","Harborwalk, Waterfront, Boston","[[-71.062911,42.361229],[-71.061856,42.36243],[-71.058261,42.363697],[-71.057757,42.363616],[-71.056105,42.362402],[-71.05542,42.361957],[-71.054925,42.362046],[-71.053826,42.363303],[-71.052111,42.363676],[-71.051647,42.36311],[-71.0512,42.363712],[-71.05109,42.364175],[-71.046389,42.363935],[-71.045918,42.361164],[-71.0455,42.359825],[-71.045566,42.359733],[-71.049595,42.354497],[-71.05106,42.355131],[-71.050851,42.356671],[-71.052158,42.358666],[-71.053518,42.358356],[-71.055759,42.356913],[-71.05771,42.356777],[-71.058737,42.356988],[-71.05829,42.35741],[-71.06151,42.358336],[-71.062642,42.357977],[-71.062875,42.359483],[-71.062911,42.361229]]","509","0 Homes Avenue, Dorchester, Boston","[[-71.070001,42.30407],[-71.068798,42.304888],[-71.068344,42.305206],[-71.067008,42.306245],[-71.066494,42.306709],[-71.066079,42.30642],[-71.064578,42.304017],[-71.064554,42.305394],[-71.061504,42.30537],[-71.061157,42.304559],[-71.060576,42.303145],[-71.067367,42.301007],[-71.071426,42.303407],[-71.070001,42.30407]]","07/31/2016 - 08/28/2016, Every day, Daily Average",1192,796,1782
"1116","Harborwalk, Waterfront, Boston","[[-71.062911,42.361229],[-71.061856,42.36243],[-71.058261,42.363697],[-71.057757,42.363616],[-71.056105,42.362402],[-71.05542,42.361957],[-71.054925,42.362046],[-71.053826,42.363303],[-71.052111,42.363676],[-71.051647,42.36311],[-71.0512,42.363712],[-71.05109,42.364175],[-71.046389,42.363935],[-71.045918,42.361164],[-71.0455,42.359825],[-71.045566,42.359733],[-71.049595,42.354497],[-71.05106,42.355131],[-71.050851,42.356671],[-71.052158,42.358666],[-71.053518,42.358356],[-71.055759,42.356913],[-71.05771,42.356777],[-71.058737,42.356988],[-71.05829,42.35741],[-71.06151,42.358336],[-71.062642,42.357977],[-71.062875,42.359483],[-71.062911,42.361229]]","510","0 Dakota Street, Dorchester, Dorchester Center, Boston","[[-71.073641,42.299371],[-71.072299,42.299937],[-71.072011,42.301464],[-71.071569,42.30243],[-71.071426,42.303407],[-71.067367,42.301007],[-71.060576,42.303145],[-71.059796,42.301538],[-71.060015,42.300759],[-71.060163,42.300302],[-71.06432,42.299205],[-71.066413,42.297022],[-71.066976,42.296875],[-71.070249,42.295996],[-71.071149,42.295728],[-71.072117,42.295513],[-71.072269,42.296675],[-71.073072,42.298586],[-71.073641,42.299371]]","07/31/2016 - 08/28/2016, Every day, Daily Average",1135,754,1706
"1116","Harborwalk, Waterfront, Boston","[[-71.062911,42.361229],[-71.061856,42.36243],[-71.058261,42.363697],[-71.057757,42.363616],[-71.056105,42.362402],[-71.05542,42.361957],[-71.054925,42.362046],[-71.053826,42.363303],[-71.052111,42.363676],[-71.051647,42.36311],[-71.0512,42.363712],[-71.05109,42.364175],[-71.046389,42.363935],[-71.045918,42.361164],[-71.0455,42.359825],[-71.045566,42.359733],[-71.049595,42.354497],[-71.05106,42.355131],[-71.050851,42.356671],[-71.052158,42.358666],[-71.053518,42.358356],[-71.055759,42.356913],[-71.05771,42.356777],[-71.058737,42.356988],[-71.05829,42.35741],[-71.06151,42.358336],[-71.062642,42.357977],[-71.062875,42.359483],[-71.062911,42.361229]]","511","0 Fairmount Street, Dorchester, Dorchester Center, Boston","[[-71.07796,42.27905],[-71.075253,42.27968],[-71.076027,42.281806],[-71.076209,42.282909],[-71.076257,42.28316],[-71.076631,42.283775],[-71.07227,42.284631],[-71.071541,42.284497],[-71.071177,42.285348],[-71.066696,42.28513],[-71.064303,42.285699],[-71.064787,42.283999],[-71.06592,42.279928],[-71.069501,42.278813],[-71.071015,42.278314],[-71.072774,42.278073],[-71.073166,42.27805],[-71.078891,42.278567],[-71.07796,42.27905]]","07/31/2016 - 08/28/2016, Every day, Daily Average",1184,807,1735
"1116","Harborwalk, Waterfront, Boston","[[-71.062911,42.361229],[-71.061856,42.36243],[-71.058261,42.363697],[-71.057757,42.363616],[-71.056105,42.362402],[-71.05542,42.361957],[-71.054925,42.362046],[-71.053826,42.363303],[-71.052111,42.363676],[-71.051647,42.36311],[-71.0512,42.363712],[-71.05109,42.364175],[-71.046389,42.363935],[-71.045918,42.361164],[-71.0455,42.359825],[-71.045566,42.359733],[-71.049595,42.354497],[-71.05106,42.355131],[-71.050851,42.356671],[-71.052158,42.358666],[-71.053518,42.358356],[-71.055759,42.356913],[-71.05771,42.356777],[-71.058737,42.356988],[-71.05829,42.35741],[-71.06151,42.358336],[-71.062642,42.357977],[-71.062875,42.359483],[-71.062911,42.361229]]","512","1000 Adams Street, Dorchester, Dorchester Center, Boston","[[-71.068018,42.272216],[-71.067189,42.275504],[-71.06592,42.279928],[-71.064787,42.283999],[-71.064303,42.285699],[-71.064125,42.286345],[-71.063796,42.287492],[-71.060489,42.288294],[-71.058624,42.288442],[-71.055703,42.289158],[-71.055347,42.288242],[-71.054547,42.286615],[-71.054963,42.285575],[-71.056001,42.282921],[-71.056536,42.282583],[-71.057275,42.282449],[-71.058932,42.281991],[-71.058528,42.280061],[-71.054694,42.28034],[-71.053748,42.277996],[-71.053117,42.2773],[-71.055494,42.275698],[-71.053395,42.272297],[-71.061593,42.267299],[-71.063893,42.267998],[-71.065651,42.271052],[-71.067815,42.271396],[-71.068139,42.271003],[-71.068018,42.272216]]","07/31/2016 - 08/28/2016, Every day, Daily Average",1079,709,1640
"1116","Harborwalk, Waterfront, Boston","[[-71.062911,42.361229],[-71.061856,42.36243],[-71.058261,42.363697],[-71.057757,42.363616],[-71.056105,42.362402],[-71.05542,42.361957],[-71.054925,42.362046],[-71.053826,42.363303],[-71.052111,42.363676],[-71.051647,42.36311],[-71.0512,42.363712],[-71.05109,42.364175],[-71.046389,42.363935],[-71.045918,42.361164],[-71.0455,42.359825],[-71.045566,42.359733],[-71.049595,42.354497],[-71.05106,42.355131],[-71.050851,42.356671],[-71.052158,42.358666],[-71.053518,42.358356],[-71.055759,42.356913],[-71.05771,42.356777],[-71.058737,42.356988],[-71.05829,42.35741],[-71.06151,42.358336],[-71.062642,42.357977],[-71.062875,42.359483],[-71.062911,42.361229]]","517","0 D Street, Highlands, Lowell","[[-71.330989,42.634519],[-71.328976,42.634773],[-71.326953,42.635014],[-71.325139,42.635408],[-71.325145,42.633292],[-71.324069,42.63276],[-71.322247,42.632247],[-71.319711,42.631922],[-71.321241,42.63018],[-71.318924,42.630171],[-71.317892,42.628127],[-71.318688,42.627285],[-71.319143,42.62496],[-71.321356,42.625603],[-71.323007,42.626083],[-71.32413,42.626397],[-71.329561,42.626748],[-71.329808,42.627909],[-71.330217,42.629813],[-71.330442,42.631011],[-71.330668,42.633522],[-71.330989,42.634519]]","07/31/2016 - 08/28/2016, Every day, Daily Average",2096,1625,2702
"1116","Harborwalk, Waterfront, Boston","[[-71.062911,42.361229],[-71.061856,42.36243],[-71.058261,42.363697],[-71.057757,42.363616],[-71.056105,42.362402],[-71.05542,42.361957],[-71.054925,42.362046],[-71.053826,42.363303],[-71.052111,42.363676],[-71.051647,42.36311],[-71.0512,42.363712],[-71.05109,42.364175],[-71.046389,42.363935],[-71.045918,42.361164],[-71.0455,42.359825],[-71.045566,42.359733],[-71.049595,42.354497],[-71.05106,42.355131],[-71.050851,42.356671],[-71.052158,42.358666],[-71.053518,42.358356],[-71.055759,42.356913],[-71.05771,42.356777],[-71.058737,42.356988],[-71.05829,42.35741],[-71.06151,42.358336],[-71.062642,42.357977],[-71.062875,42.359483],[-71.062911,42.361229]]","518","0 Briar Avenue, Belvidere, Lowell","[[-71.300333,42.641925],[-71.297602,42.642161],[-71.298378,42.64321],[-71.299143,42.644225],[-71.299434,42.645731],[-71.29932,42.64678],[-71.298575,42.646602],[-71.298044,42.646428],[-71.297669,42.646276],[-71.297277,42.646087],[-71.293503,42.644597],[-71.290358,42.645214],[-71.286788,42.647434],[-71.286011,42.649559],[-71.280042,42.654342],[-71.275154,42.656216],[-71.271707,42.648018],[-71.271555,42.646191],[-71.271271,42.643918],[-71.272771,42.637348],[-71.274195,42.640247],[-71.274445,42.640492],[-71.275833,42.641235],[-71.278044,42.639967],[-71.280886,42.643],[-71.28152,42.644693],[-71.282522,42.644481],[-71.288712,42.643192],[-71.287574,42.64049],[-71.296217,42.640293],[-71.298825,42.639],[-71.300333,42.641925]]","07/31/2016 - 08/28/2016, Every day, Daily Average",2245,1825,2760
"1116","Harborwalk, Waterfront, Boston","[[-71.062911,42.361229],[-71.061856,42.36243],[-71.058261,42.363697],[-71.057757,42.363616],[-71.056105,42.362402],[-71.05542,42.361957],[-71.054925,42.362046],[-71.053826,42.363303],[-71.052111,42.363676],[-71.051647,42.36311],[-71.0512,42.363712],[-71.05109,42.364175],[-71.046389,42.363935],[-71.045918,42.361164],[-71.0455,42.359825],[-71.045566,42.359733],[-71.049595,42.354497],[-71.05106,42.355131],[-71.050851,42.356671],[-71.052158,42.358666],[-71.053518,42.358356],[-71.055759,42.356913],[-71.05771,42.356777],[-71.058737,42.356988],[-71.05829,42.35741],[-71.06151,42.358336],[-71.062642,42.357977],[-71.062875,42.359483],[-71.062911,42.361229]]","521","0 Hosmer Street, Mattapan, Boston","[[-71.098332,42.279577],[-71.097928,42.281262],[-71.094976,42.278239],[-71.093576,42.277248],[-71.09349,42.278421],[-71.093182,42.279386],[-71.092968,42.280021],[-71.092109,42.282601],[-71.091807,42.283523],[-71.091569,42.284214],[-71.089785,42.283936],[-71.089298,42.283573],[-71.089108,42.283134],[-71.087048,42.281565],[-71.085504,42.280991],[-71.086091,42.280216],[-71.086926,42.279344],[-71.093695,42.272877],[-71.093683,42.274351],[-71.096913,42.276031],[-71.098124,42.277644],[-71.098332,42.279577]]","07/31/2016 - 08/28/2016, Every day, Daily Average",1586,1064,2362
"1116","Harborwalk, Waterfront, Boston","[[-71.062911,42.361229],[-71.061856,42.36243],[-71.058261,42.363697],[-71.057757,42.363616],[-71.056105,42.362402],[-71.05542,42.361957],[-71.054925,42.362046],[-71.053826,42.363303],[-71.052111,42.363676],[-71.051647,42.36311],[-71.0512,42.363712],[-71.05109,42.364175],[-71.046389,42.363935],[-71.045918,42.361164],[-71.0455,42.359825],[-71.045566,42.359733],[-71.049595,42.354497],[-71.05106,42.355131],[-71.050851,42.356671],[-71.052158,42.358666],[-71.053518,42.358356],[-71.055759,42.356913],[-71.05771,42.356777],[-71.058737,42.356988],[-71.05829,42.35741],[-71.06151,42.358336],[-71.062642,42.357977],[-71.062875,42.359483],[-71.062911,42.361229]]","522","100 Durnell Avenue, Roslindale, Boston","[[-71.137615,42.285847],[-71.137424,42.286251],[-71.127659,42.287057],[-71.127045,42.28746],[-71.128128,42.286448],[-71.126098,42.285175],[-71.125127,42.28449],[-71.126787,42.283069],[-71.127942,42.282665],[-71.127577,42.282215],[-71.129082,42.280968],[-71.129751,42.281455],[-71.132758,42.2786],[-71.134785,42.276898],[-71.136998,42.278323],[-71.137227,42.280696],[-71.137475,42.28366],[-71.137615,42.285847]]","07/31/2016 - 08/28/2016, Every day, Daily Average",1660,1279,2153
"1116","Harborwalk, Waterfront, Boston","[[-71.062911,42.361229],[-71.061856,42.36243],[-71.058261,42.363697],[-71.057757,42.363616],[-71.056105,42.362402],[-71.05542,42.361957],[-71.054925,42.362046],[-71.053826,42.363303],[-71.052111,42.363676],[-71.051647,42.36311],[-71.0512,42.363712],[-71.05109,42.364175],[-71.046389,42.363935],[-71.045918,42.361164],[-71.0455,42.359825],[-71.045566,42.359733],[-71.049595,42.354497],[-71.05106,42.355131],[-71.050851,42.356671],[-71.052158,42.358666],[-71.053518,42.358356],[-71.055759,42.356913],[-71.05771,42.356777],[-71.058737,42.356988],[-71.05829,42.35741],[-71.06151,42.358336],[-71.062642,42.357977],[-71.062875,42.359483],[-71.062911,42.361229]]","523","0 Woodland Road, Jamaica Plain, Boston","[[-71.140135,42.302147],[-71.136502,42.306204],[-71.13448,42.30925],[-71.130725,42.314574],[-71.126999,42.318615],[-71.123711,42.322716],[-71.121528,42.323882],[-71.120112,42.322835],[-71.119539,42.322745],[-71.119515,42.322055],[-71.119817,42.321579],[-71.12572,42.318427],[-71.12119,42.313814],[-71.121741,42.313029],[-71.122482,42.311942],[-71.121372,42.309234],[-71.121463,42.308685],[-71.121671,42.308656],[-71.121047,42.308386],[-71.123084,42.305163],[-71.124672,42.305194],[-71.124992,42.303489],[-71.127925,42.300157],[-71.130904,42.301275],[-71.134866,42.301723],[-71.136917,42.301189],[-71.140135,42.302147]]","07/31/2016 - 08/28/2016, Every day, Daily Average",1379,1036,1834
"1116","Harborwalk, Waterfront, Boston","[[-71.062911,42.361229],[-71.061856,42.36243],[-71.058261,42.363697],[-71.057757,42.363616],[-71.056105,42.362402],[-71.05542,42.361957],[-71.054925,42.362046],[-71.053826,42.363303],[-71.052111,42.363676],[-71.051647,42.36311],[-71.0512,42.363712],[-71.05109,42.364175],[-71.046389,42.363935],[-71.045918,42.361164],[-71.0455,42.359825],[-71.045566,42.359733],[-71.049595,42.354497],[-71.05106,42.355131],[-71.050851,42.356671],[-71.052158,42.358666],[-71.053518,42.358356],[-71.055759,42.356913],[-71.05771,42.356777],[-71.058737,42.356988],[-71.05829,42.35741],[-71.06151,42.358336],[-71.062642,42.357977],[-71.062875,42.359483],[-71.062911,42.361229]]","524","100 Laurie Avenue, Upper Washington / Spring Street, Boston","[[-71.185246,42.279513],[-71.177653,42.280409],[-71.175549,42.280318],[-71.167456,42.279302],[-71.163369,42.279176],[-71.161901,42.279768],[-71.161148,42.280341],[-71.159434,42.278834],[-71.159775,42.27845],[-71.160225,42.274799],[-71.161836,42.271147],[-71.162,42.269239],[-71.161852,42.268879],[-71.16271,42.267748],[-71.16298,42.26427],[-71.163408,42.262922],[-71.163399,42.259023],[-71.163099,42.2588],[-71.163427,42.258927],[-71.167224,42.262055],[-71.168627,42.263081],[-71.171019,42.265118],[-71.17458,42.267824],[-71.173288,42.270906],[-71.174555,42.272881],[-71.174847,42.273729],[-71.174565,42.275576],[-71.177587,42.276595],[-71.183701,42.275615],[-71.185246,42.279513]]","07/31/2016 - 08/28/2016, Every day, Daily Average",2158,1666,2794
"1116","Harborwalk, Waterfront, Boston","[[-71.062911,42.361229],[-71.061856,42.36243],[-71.058261,42.363697],[-71.057757,42.363616],[-71.056105,42.362402],[-71.05542,42.361957],[-71.054925,42.362046],[-71.053826,42.363303],[-71.052111,42.363676],[-71.051647,42.36311],[-71.0512,42.363712],[-71.05109,42.364175],[-71.046389,42.363935],[-71.045918,42.361164],[-71.0455,42.359825],[-71.045566,42.359733],[-71.049595,42.354497],[-71.05106,42.355131],[-71.050851,42.356671],[-71.052158,42.358666],[-71.053518,42.358356],[-71.055759,42.356913],[-71.05771,42.356777],[-71.058737,42.356988],[-71.05829,42.35741],[-71.06151,42.358336],[-71.062642,42.357977],[-71.062875,42.359483],[-71.062911,42.361229]]","525","0 Parkson Street, Hyde Park, Boston","[[-71.139328,42.233601],[-71.13631,42.23634],[-71.135267,42.238163],[-71.133716,42.239631],[-71.132151,42.239203],[-71.131368,42.240089],[-71.129004,42.245995],[-71.128992,42.247992],[-71.128433,42.249173],[-71.125505,42.247954],[-71.122884,42.251849],[-71.122839,42.250485],[-71.122439,42.250058],[-71.125842,42.246093],[-71.126233,42.242667],[-71.126184,42.241615],[-71.12567,42.239527],[-71.126377,42.239162],[-71.122701,42.234544],[-71.124673,42.234005],[-71.124716,42.232818],[-71.127561,42.231023],[-71.130808,42.22788],[-71.131322,42.228256],[-71.136665,42.23191],[-71.139328,42.233601]]","07/31/2016 - 08/28/2016, Every day, Daily Average",1824,916,3630
"1116","Harborwalk, Waterfront, Boston","[[-71.062911,42.361229],[-71.061856,42.36243],[-71.058261,42.363697],[-71.057757,42.363616],[-71.056105,42.362402],[-71.05542,42.361957],[-71.054925,42.362046],[-71.053826,42.363303],[-71.052111,42.363676],[-71.051647,42.36311],[-71.0512,42.363712],[-71.05109,42.364175],[-71.046389,42.363935],[-71.045918,42.361164],[-71.0455,42.359825],[-71.045566,42.359733],[-71.049595,42.354497],[-71.05106,42.355131],[-71.050851,42.356671],[-71.052158,42.358666],[-71.053518,42.358356],[-71.055759,42.356913],[-71.05771,42.356777],[-71.058737,42.356988],[-71.05829,42.35741],[-71.06151,42.358336],[-71.062642,42.357977],[-71.062875,42.359483],[-71.062911,42.361229]]","526","0 Orange Street, Chelsea","[[-71.03781,42.400671],[-71.036831,42.401272],[-71.036232,42.402455],[-71.035357,42.402119],[-71.032188,42.399399],[-71.030996,42.400217],[-71.029168,42.399058],[-71.028433,42.399468],[-71.026753,42.397834],[-71.030714,42.395524],[-71.029643,42.395297],[-71.030379,42.394883],[-71.032955,42.395408],[-71.036525,42.39692],[-71.035584,42.397466],[-71.038062,42.399906],[-71.03781,42.400671]]","07/31/2016 - 08/28/2016, Every day, Daily Average",777,470,1282
"1116","Harborwalk, Waterfront, Boston","[[-71.062911,42.361229],[-71.061856,42.36243],[-71.058261,42.363697],[-71.057757,42.363616],[-71.056105,42.362402],[-71.05542,42.361957],[-71.054925,42.362046],[-71.053826,42.363303],[-71.052111,42.363676],[-71.051647,42.36311],[-71.0512,42.363712],[-71.05109,42.364175],[-71.046389,42.363935],[-71.045918,42.361164],[-71.0455,42.359825],[-71.045566,42.359733],[-71.049595,42.354497],[-71.05106,42.355131],[-71.050851,42.356671],[-71.052158,42.358666],[-71.053518,42.358356],[-71.055759,42.356913],[-71.05771,42.356777],[-71.058737,42.356988],[-71.05829,42.35741],[-71.06151,42.358336],[-71.062642,42.357977],[-71.062875,42.359483],[-71.062911,42.361229]]","527","200 Beach Street, Revere","[[-71.018126,42.403378],[-71.014545,42.406491],[-71.014192,42.407046],[-71.013549,42.408154],[-71.011635,42.411161],[-71.011234,42.411781],[-71.009869,42.413936],[-71.008379,42.416113],[-71.004744,42.415956],[-71.003378,42.41656],[-71.003847,42.414953],[-71.002152,42.410533],[-71.000706,42.409406],[-71.000172,42.409624],[-71.000208,42.409573],[-71.002521,42.406767],[-71.004423,42.404978],[-71.004279,42.404928],[-71.011272,42.396589],[-71.013395,42.397398],[-71.009377,42.40085],[-71.010892,42.401795],[-71.013772,42.402964],[-71.017826,42.402883],[-71.018126,42.403378]]","07/31/2016 - 08/28/2016, Every day, Daily Average",781,517,1179
"1116","Harborwalk, Waterfront, Boston","[[-71.062911,42.361229],[-71.061856,42.36243],[-71.058261,42.363697],[-71.057757,42.363616],[-71.056105,42.362402],[-71.05542,42.361957],[-71.054925,42.362046],[-71.053826,42.363303],[-71.052111,42.363676],[-71.051647,42.36311],[-71.0512,42.363712],[-71.05109,42.364175],[-71.046389,42.363935],[-71.045918,42.361164],[-71.0455,42.359825],[-71.045566,42.359733],[-71.049595,42.354497],[-71.05106,42.355131],[-71.050851,42.356671],[-71.052158,42.358666],[-71.053518,42.358356],[-71.055759,42.356913],[-71.05771,42.356777],[-71.058737,42.356988],[-71.05829,42.35741],[-71.06151,42.358336],[-71.062642,42.357977],[-71.062875,42.359483],[-71.062911,42.361229]]","528","0 Short Street, Winthrop","[[-70.994648,42.38115],[-70.994681,42.382709],[-70.994239,42.384647],[-70.988281,42.387107],[-70.987109,42.385388],[-70.984981,42.38579],[-70.983142,42.384595],[-70.981384,42.380991],[-70.9791,42.379477],[-70.980306,42.37786],[-70.979904,42.375778],[-70.981084,42.375247],[-70.984189,42.373794],[-70.984533,42.372654],[-70.98572,42.372789],[-70.987524,42.375917],[-70.989802,42.376764],[-70.992163,42.377043],[-70.993811,42.377122],[-70.997994,42.378197],[-70.994648,42.38115]]","07/31/2016 - 08/28/2016, Every day, Daily Average",768,553,1066
"1116","Harborwalk, Waterfront, Boston","[[-71.062911,42.361229],[-71.061856,42.36243],[-71.058261,42.363697],[-71.057757,42.363616],[-71.056105,42.362402],[-71.05542,42.361957],[-71.054925,42.362046],[-71.053826,42.363303],[-71.052111,42.363676],[-71.051647,42.36311],[-71.0512,42.363712],[-71.05109,42.364175],[-71.046389,42.363935],[-71.045918,42.361164],[-71.0455,42.359825],[-71.045566,42.359733],[-71.049595,42.354497],[-71.05106,42.355131],[-71.050851,42.356671],[-71.052158,42.358666],[-71.053518,42.358356],[-71.055759,42.356913],[-71.05771,42.356777],[-71.058737,42.356988],[-71.05829,42.35741],[-71.06151,42.358336],[-71.062642,42.357977],[-71.062875,42.359483],[-71.062911,42.361229]]","529","0 Circuit Drive, Roxbury, Boston","[[-71.106655,42.30088],[-71.104335,42.302763],[-71.102713,42.305269],[-71.102695,42.306036],[-71.100639,42.306191],[-71.097848,42.311067],[-71.096832,42.312246],[-71.096248,42.312492],[-71.095145,42.313282],[-71.093603,42.31215],[-71.093132,42.31072],[-71.092172,42.309859],[-71.089079,42.30753],[-71.085011,42.305169],[-71.084923,42.304428],[-71.085246,42.303446],[-71.085903,42.301381],[-71.086992,42.298142],[-71.089635,42.297498],[-71.09135,42.296922],[-71.093173,42.294613],[-71.094542,42.293021],[-71.095759,42.291973],[-71.096402,42.293235],[-71.103291,42.299806],[-71.104661,42.300271],[-71.106655,42.30088]]","07/31/2016 - 08/28/2016, Every day, Daily Average",1368,977,1914
"1116","Harborwalk, Waterfront, Boston","[[-71.062911,42.361229],[-71.061856,42.36243],[-71.058261,42.363697],[-71.057757,42.363616],[-71.056105,42.362402],[-71.05542,42.361957],[-71.054925,42.362046],[-71.053826,42.363303],[-71.052111,42.363676],[-71.051647,42.36311],[-71.0512,42.363712],[-71.05109,42.364175],[-71.046389,42.363935],[-71.045918,42.361164],[-71.0455,42.359825],[-71.045566,42.359733],[-71.049595,42.354497],[-71.05106,42.355131],[-71.050851,42.356671],[-71.052158,42.358666],[-71.053518,42.358356],[-71.055759,42.356913],[-71.05771,42.356777],[-71.058737,42.356988],[-71.05829,42.35741],[-71.06151,42.358336],[-71.062642,42.357977],[-71.062875,42.359483],[-71.062911,42.361229]]","530","0 Dry Dock Avenue, Seaport District, Boston","[[-71.047072,42.339701],[-71.041406,42.344526],[-71.039493,42.344487],[-71.037451,42.343214],[-71.037265,42.3443],[-71.035134,42.3466],[-71.035778,42.347757],[-71.033404,42.350864],[-71.034791,42.348579],[-71.033473,42.348623],[-71.032223,42.350282],[-71.031369,42.34997],[-71.029795,42.351789],[-71.027367,42.350365],[-71.024285,42.35004],[-71.022043,42.348679],[-71.019041,42.345277],[-71.018921,42.343739],[-71.012428,42.342672],[-71.009977,42.34121],[-71.010718,42.339818],[-71.013366,42.338887],[-71.018005,42.338817],[-71.021947,42.337847],[-71.025133,42.33831],[-71.029317,42.338238],[-71.035486,42.338141],[-71.037522,42.338095],[-71.042475,42.33801],[-71.044383,42.33798],[-71.045559,42.338718],[-71.047072,42.339701]]","07/31/2016 - 08/28/2016, Every day, Daily Average",639,439,930
"1116","Harborwalk, Waterfront, Boston","[[-71.062911,42.361229],[-71.061856,42.36243],[-71.058261,42.363697],[-71.057757,42.363616],[-71.056105,42.362402],[-71.05542,42.361957],[-71.054925,42.362046],[-71.053826,42.363303],[-71.052111,42.363676],[-71.051647,42.36311],[-71.0512,42.363712],[-71.05109,42.364175],[-71.046389,42.363935],[-71.045918,42.361164],[-71.0455,42.359825],[-71.045566,42.359733],[-71.049595,42.354497],[-71.05106,42.355131],[-71.050851,42.356671],[-71.052158,42.358666],[-71.053518,42.358356],[-71.055759,42.356913],[-71.05771,42.356777],[-71.058737,42.356988],[-71.05829,42.35741],[-71.06151,42.358336],[-71.062642,42.357977],[-71.062875,42.359483],[-71.062911,42.361229]]","532","1100 Livingston Street, North Tewksbury, Tewksbury","[[-71.268572,42.603203],[-71.265473,42.603838],[-71.26078,42.605617],[-71.257986,42.608288],[-71.252776,42.611731],[-71.250671,42.612829],[-71.248339,42.617409],[-71.248157,42.618445],[-71.246664,42.622022],[-71.240403,42.638744],[-71.23829,42.642564],[-71.239076,42.649015],[-71.229304,42.644187],[-71.2261,42.642491],[-71.199042,42.62951],[-71.200732,42.627746],[-71.201444,42.625734],[-71.204704,42.623402],[-71.208618,42.622044],[-71.210457,42.62066],[-71.21408,42.620369],[-71.215498,42.618051],[-71.215135,42.616372],[-71.215167,42.612717],[-71.215684,42.612709],[-71.221277,42.611728],[-71.225775,42.607618],[-71.226174,42.606501],[-71.224612,42.604434],[-71.227586,42.604332],[-71.228092,42.603528],[-71.228587,42.601914],[-71.229409,42.600647],[-71.235394,42.597517],[-71.240747,42.592285],[-71.240784,42.590567],[-71.237027,42.585311],[-71.251331,42.591909],[-71.262263,42.596947],[-71.272883,42.601853],[-71.268572,42.603203]]","07/31/2016 - 08/28/2016, Every day, Daily Average",1850,1501,2278
"1116","Harborwalk, Waterfront, Boston","[[-71.062911,42.361229],[-71.061856,42.36243],[-71.058261,42.363697],[-71.057757,42.363616],[-71.056105,42.362402],[-71.05542,42.361957],[-71.054925,42.362046],[-71.053826,42.363303],[-71.052111,42.363676],[-71.051647,42.36311],[-71.0512,42.363712],[-71.05109,42.364175],[-71.046389,42.363935],[-71.045918,42.361164],[-71.0455,42.359825],[-71.045566,42.359733],[-71.049595,42.354497],[-71.05106,42.355131],[-71.050851,42.356671],[-71.052158,42.358666],[-71.053518,42.358356],[-71.055759,42.356913],[-71.05771,42.356777],[-71.058737,42.356988],[-71.05829,42.35741],[-71.06151,42.358336],[-71.062642,42.357977],[-71.062875,42.359483],[-71.062911,42.361229]]","536","0 Marriott Place, Billerica","[[-71.285756,42.551206],[-71.284785,42.551849],[-71.282134,42.554556],[-71.282604,42.557461],[-71.282559,42.557648],[-71.284109,42.560173],[-71.284138,42.56428],[-71.281945,42.567191],[-71.281799,42.56903],[-71.281881,42.572477],[-71.279904,42.573949],[-71.278667,42.573317],[-71.276744,42.570745],[-71.276016,42.571044],[-71.273896,42.571771],[-71.268658,42.572934],[-71.264353,42.574592],[-71.26206,42.574493],[-71.257611,42.574825],[-71.255676,42.572845],[-71.255052,42.575457],[-71.241038,42.574734],[-71.241836,42.573651],[-71.241229,42.574011],[-71.234937,42.567512],[-71.238656,42.567122],[-71.240988,42.569513],[-71.242821,42.566606],[-71.240888,42.564701],[-71.239028,42.565387],[-71.236461,42.560874],[-71.237816,42.560076],[-71.235757,42.55733],[-71.236951,42.555117],[-71.240985,42.554575],[-71.241998,42.554514],[-71.246655,42.553785],[-71.248351,42.551075],[-71.247272,42.546588],[-71.252498,42.544358],[-71.252489,42.542546],[-71.256283,42.547734],[-71.256984,42.54803],[-71.260276,42.548475],[-71.262545,42.549983],[-71.265806,42.55507],[-71.271578,42.553454],[-71.274035,42.549864],[-71.275499,42.548844],[-71.278842,42.549036],[-71.280717,42.548134],[-71.281858,42.547459],[-71.283466,42.543007],[-71.283667,42.543333],[-71.287233,42.547896],[-71.285756,42.551206]]","07/31/2016 - 08/28/2016, Every day, Daily Average",1667,1245,2230
"1116","Harborwalk, Waterfront, Boston","[[-71.062911,42.361229],[-71.061856,42.36243],[-71.058261,42.363697],[-71.057757,42.363616],[-71.056105,42.362402],[-71.05542,42.361957],[-71.054925,42.362046],[-71.053826,42.363303],[-71.052111,42.363676],[-71.051647,42.36311],[-71.0512,42.363712],[-71.05109,42.364175],[-71.046389,42.363935],[-71.045918,42.361164],[-71.0455,42.359825],[-71.045566,42.359733],[-71.049595,42.354497],[-71.05106,42.355131],[-71.050851,42.356671],[-71.052158,42.358666],[-71.053518,42.358356],[-71.055759,42.356913],[-71.05771,42.356777],[-71.058737,42.356988],[-71.05829,42.35741],[-71.06151,42.358336],[-71.062642,42.357977],[-71.062875,42.359483],[-71.062911,42.361229]]","537","0 Talbot Avenue, North Billerica, Billerica","[[-71.310764,42.586258],[-71.298264,42.600884],[-71.294528,42.605129],[-71.295092,42.606344],[-71.297028,42.613011],[-71.296271,42.612675],[-71.272883,42.601853],[-71.262263,42.596947],[-71.251331,42.591909],[-71.253588,42.589094],[-71.25428,42.585745],[-71.255918,42.584303],[-71.257139,42.581298],[-71.262347,42.575786],[-71.26206,42.574493],[-71.264353,42.574592],[-71.268658,42.572934],[-71.273896,42.571771],[-71.276016,42.571044],[-71.276744,42.570745],[-71.278667,42.573317],[-71.279904,42.573949],[-71.280271,42.574076],[-71.281471,42.574661],[-71.282705,42.574109],[-71.294551,42.572153],[-71.296796,42.569331],[-71.297259,42.566538],[-71.297431,42.564627],[-71.297093,42.562995],[-71.296962,42.561679],[-71.297006,42.560265],[-71.300705,42.56532],[-71.301588,42.56693],[-71.308402,42.582357],[-71.310764,42.586258]]","07/31/2016 - 08/28/2016, Every day, Daily Average",1759,1377,2246
"1116","Harborwalk, Waterfront, Boston","[[-71.062911,42.361229],[-71.061856,42.36243],[-71.058261,42.363697],[-71.057757,42.363616],[-71.056105,42.362402],[-71.05542,42.361957],[-71.054925,42.362046],[-71.053826,42.363303],[-71.052111,42.363676],[-71.051647,42.36311],[-71.0512,42.363712],[-71.05109,42.364175],[-71.046389,42.363935],[-71.045918,42.361164],[-71.0455,42.359825],[-71.045566,42.359733],[-71.049595,42.354497],[-71.05106,42.355131],[-71.050851,42.356671],[-71.052158,42.358666],[-71.053518,42.358356],[-71.055759,42.356913],[-71.05771,42.356777],[-71.058737,42.356988],[-71.05829,42.35741],[-71.06151,42.358336],[-71.062642,42.357977],[-71.062875,42.359483],[-71.062911,42.361229]]","538","0 Pinewood Road, Chelmsford","[[-71.397812,42.583063],[-71.39193,42.585167],[-71.388256,42.588311],[-71.38305,42.589947],[-71.37916,42.591933],[-71.378911,42.593052],[-71.373226,42.597521],[-71.371266,42.59953],[-71.368165,42.60076],[-71.367072,42.600882],[-71.36495,42.600875],[-71.363245,42.601099],[-71.36078,42.60086],[-71.355799,42.599941],[-71.355121,42.599083],[-71.353747,42.601803],[-71.353071,42.599467],[-71.347907,42.600672],[-71.341988,42.60484],[-71.3408,42.599483],[-71.338518,42.597717],[-71.331488,42.591759],[-71.340703,42.59126],[-71.342214,42.590829],[-71.35022,42.590183],[-71.349779,42.588903],[-71.346244,42.585756],[-71.344972,42.582652],[-71.346939,42.583281],[-71.35096,42.58266],[-71.355821,42.582557],[-71.358619,42.583587],[-71.363567,42.582176],[-71.366163,42.580178],[-71.370438,42.576886],[-71.376673,42.57194],[-71.379878,42.568189],[-71.383621,42.564281],[-71.387846,42.56173],[-71.38696,42.560552],[-71.385282,42.552112],[-71.388504,42.550401],[-71.390666,42.558046],[-71.397668,42.582668],[-71.397812,42.583063]]","07/31/2016 - 08/28/2016, Every day, Daily Average",2159,1829,2548
"1116","Harborwalk, Waterfront, Boston","[[-71.062911,42.361229],[-71.061856,42.36243],[-71.058261,42.363697],[-71.057757,42.363616],[-71.056105,42.362402],[-71.05542,42.361957],[-71.054925,42.362046],[-71.053826,42.363303],[-71.052111,42.363676],[-71.051647,42.36311],[-71.0512,42.363712],[-71.05109,42.364175],[-71.046389,42.363935],[-71.045918,42.361164],[-71.0455,42.359825],[-71.045566,42.359733],[-71.049595,42.354497],[-71.05106,42.355131],[-71.050851,42.356671],[-71.052158,42.358666],[-71.053518,42.358356],[-71.055759,42.356913],[-71.05771,42.356777],[-71.058737,42.356988],[-71.05829,42.35741],[-71.06151,42.358336],[-71.062642,42.357977],[-71.062875,42.359483],[-71.062911,42.361229]]","540","Charles River Esplanade, Boston","[[-71.167625,42.360073],[-71.163716,42.358249],[-71.161633,42.359233],[-71.159598,42.359996],[-71.155303,42.359898],[-71.148565,42.361174],[-71.147507,42.361788],[-71.145098,42.364492],[-71.143501,42.364969],[-71.139997,42.364496],[-71.131997,42.369696],[-71.133197,42.372596],[-71.130997,42.373796],[-71.128338,42.373424],[-71.123168,42.36898],[-71.118497,42.368397],[-71.117197,42.367197],[-71.117193,42.364229],[-71.116995,42.361173],[-71.116929,42.358716],[-71.117099,42.355594],[-71.111001,42.352597],[-71.110591,42.352585],[-71.110387,42.352564],[-71.108798,42.352397],[-71.103017,42.352638],[-71.099196,42.352797],[-71.094042,42.35371],[-71.091184,42.354233],[-71.077095,42.358697],[-71.075851,42.361472],[-71.075777,42.361621],[-71.071628,42.367158],[-71.070218,42.366148],[-71.068497,42.366506],[-71.072348,42.361372],[-71.07201,42.359939],[-71.072123,42.359465],[-71.073169,42.356456],[-71.075219,42.355507],[-71.077575,42.354876],[-71.079464,42.354275],[-71.081595,42.353704],[-71.085915,42.352526],[-71.08982,42.351493],[-71.091256,42.351238],[-71.093191,42.35098],[-71.094992,42.35057],[-71.09778,42.350596],[-71.100255,42.350785],[-71.103318,42.350985],[-71.108996,42.351394],[-71.110732,42.351819],[-71.111472,42.351878],[-71.114457,42.352551],[-71.117045,42.353976],[-71.118213,42.355266],[-71.118356,42.356926],[-71.117516,42.360034],[-71.11811,42.366466],[-71.118584,42.367159],[-71.123735,42.36832],[-71.126265,42.36938],[-71.12712,42.371818],[-71.128547,42.372734],[-71.129953,42.372684],[-71.130648,42.368535],[-71.1318,42.366915],[-71.134818,42.365089],[-71.139551,42.363698],[-71.144514,42.362933],[-71.146171,42.361657],[-71.147218,42.360891],[-71.153994,42.359316],[-71.160899,42.358625],[-71.161769,42.35818],[-71.162894,42.357953],[-71.169474,42.358047],[-71.167625,42.360073]]","07/31/2016 - 08/28/2016, Every day, Daily Average",493,233,1039
"1116","Harborwalk, Waterfront, Boston","[[-71.062911,42.361229],[-71.061856,42.36243],[-71.058261,42.363697],[-71.057757,42.363616],[-71.056105,42.362402],[-71.05542,42.361957],[-71.054925,42.362046],[-71.053826,42.363303],[-71.052111,42.363676],[-71.051647,42.36311],[-71.0512,42.363712],[-71.05109,42.364175],[-71.046389,42.363935],[-71.045918,42.361164],[-71.0455,42.359825],[-71.045566,42.359733],[-71.049595,42.354497],[-71.05106,42.355131],[-71.050851,42.356671],[-71.052158,42.358666],[-71.053518,42.358356],[-71.055759,42.356913],[-71.05771,42.356777],[-71.058737,42.356988],[-71.05829,42.35741],[-71.06151,42.358336],[-71.062642,42.357977],[-71.062875,42.359483],[-71.062911,42.361229]]","544","0 Fid Kennedy Avenue, Seaport District, Boston","[[-70.934314,42.32537],[-70.933137,42.3254],[-70.932305,42.325691],[-70.931837,42.326437],[-70.932126,42.327109],[-70.933635,42.327622],[-70.933136,42.327932],[-70.9321,42.327444],[-70.930757,42.327422],[-70.928713,42.326321],[-70.927049,42.323968],[-70.924801,42.323386],[-70.923621,42.323676],[-70.92432,42.321993],[-70.925122,42.322695],[-70.927282,42.323428],[-70.929472,42.323536],[-70.931089,42.323389],[-70.931836,42.322759],[-70.932033,42.322371],[-70.935902,42.325011],[-70.934314,42.32537]]","07/31/2016 - 08/28/2016, Every day, Daily Average",323,106,983
"1116","Harborwalk, Waterfront, Boston","[[-71.062911,42.361229],[-71.061856,42.36243],[-71.058261,42.363697],[-71.057757,42.363616],[-71.056105,42.362402],[-71.05542,42.361957],[-71.054925,42.362046],[-71.053826,42.363303],[-71.052111,42.363676],[-71.051647,42.36311],[-71.0512,42.363712],[-71.05109,42.364175],[-71.046389,42.363935],[-71.045918,42.361164],[-71.0455,42.359825],[-71.045566,42.359733],[-71.049595,42.354497],[-71.05106,42.355131],[-71.050851,42.356671],[-71.052158,42.358666],[-71.053518,42.358356],[-71.055759,42.356913],[-71.05771,42.356777],[-71.058737,42.356988],[-71.05829,42.35741],[-71.06151,42.358336],[-71.062642,42.357977],[-71.062875,42.359483],[-71.062911,42.361229]]","545","0 Garland Road, Chelmsford","[[-71.392819,42.605208],[-71.386056,42.60818],[-71.388628,42.609286],[-71.389121,42.613111],[-71.387925,42.613933],[-71.389417,42.615477],[-71.391771,42.614724],[-71.391375,42.615658],[-71.392813,42.61837],[-71.392002,42.620152],[-71.386947,42.620047],[-71.380424,42.620097],[-71.379044,42.619479],[-71.374145,42.618451],[-71.370554,42.61941],[-71.366375,42.621666],[-71.365932,42.621107],[-71.365918,42.619379],[-71.363561,42.616035],[-71.362098,42.614984],[-71.359908,42.612933],[-71.35789,42.610851],[-71.357094,42.607565],[-71.354968,42.605314],[-71.353946,42.603152],[-71.353747,42.601803],[-71.355121,42.599083],[-71.355799,42.599941],[-71.36078,42.60086],[-71.363245,42.601099],[-71.36495,42.600875],[-71.367072,42.600882],[-71.368165,42.60076],[-71.370809,42.601902],[-71.371844,42.60059],[-71.376641,42.598788],[-71.379343,42.599744],[-71.381816,42.598855],[-71.384535,42.600592],[-71.386697,42.598322],[-71.388973,42.597826],[-71.391168,42.603061],[-71.392819,42.605208]]","07/31/2016 - 08/28/2016, Every day, Daily Average",2143,1756,2615
"1116","Harborwalk, Waterfront, Boston","[[-71.062911,42.361229],[-71.061856,42.36243],[-71.058261,42.363697],[-71.057757,42.363616],[-71.056105,42.362402],[-71.05542,42.361957],[-71.054925,42.362046],[-71.053826,42.363303],[-71.052111,42.363676],[-71.051647,42.36311],[-71.0512,42.363712],[-71.05109,42.364175],[-71.046389,42.363935],[-71.045918,42.361164],[-71.0455,42.359825],[-71.045566,42.359733],[-71.049595,42.354497],[-71.05106,42.355131],[-71.050851,42.356671],[-71.052158,42.358666],[-71.053518,42.358356],[-71.055759,42.356913],[-71.05771,42.356777],[-71.058737,42.356988],[-71.05829,42.35741],[-71.06151,42.358336],[-71.062642,42.357977],[-71.062875,42.359483],[-71.062911,42.361229]]","549","0 Boston Street, Prospect Hill, Somerville","[[-71.09965,42.385523],[-71.09763,42.388431],[-71.09542,42.38743],[-71.093528,42.386379],[-71.091252,42.384165],[-71.091801,42.383816],[-71.091469,42.383282],[-71.09014,42.381425],[-71.089741,42.380109],[-71.09143,42.379609],[-71.095919,42.379656],[-71.096186,42.379684],[-71.097172,42.381019],[-71.097507,42.381481],[-71.099312,42.383245],[-71.100403,42.384362],[-71.09965,42.385523]]","07/31/2016 - 08/28/2016, Every day, Daily Average",755,489,1163
"1116","Harborwalk, Waterfront, Boston","[[-71.062911,42.361229],[-71.061856,42.36243],[-71.058261,42.363697],[-71.057757,42.363616],[-71.056105,42.362402],[-71.05542,42.361957],[-71.054925,42.362046],[-71.053826,42.363303],[-71.052111,42.363676],[-71.051647,42.36311],[-71.0512,42.363712],[-71.05109,42.364175],[-71.046389,42.363935],[-71.045918,42.361164],[-71.0455,42.359825],[-71.045566,42.359733],[-71.049595,42.354497],[-71.05106,42.355131],[-71.050851,42.356671],[-71.052158,42.358666],[-71.053518,42.358356],[-71.055759,42.356913],[-71.05771,42.356777],[-71.058737,42.356988],[-71.05829,42.35741],[-71.06151,42.358336],[-71.062642,42.357977],[-71.062875,42.359483],[-71.062911,42.361229]]","553","0 Alcorn Crossing, Westford","[[-71.481911,42.565677],[-71.481109,42.570587],[-71.477891,42.572988],[-71.475976,42.573191],[-71.474217,42.575401],[-71.474975,42.576711],[-71.46839,42.578501],[-71.466104,42.578433],[-71.465579,42.581278],[-71.478698,42.581604],[-71.479059,42.585802],[-71.471308,42.592017],[-71.468784,42.592903],[-71.463856,42.591671],[-71.460588,42.591405],[-71.459392,42.591216],[-71.459828,42.592173],[-71.449284,42.595129],[-71.439172,42.596892],[-71.435126,42.597318],[-71.432615,42.59743],[-71.431731,42.597623],[-71.422631,42.601619],[-71.420108,42.603219],[-71.410992,42.609978],[-71.410242,42.607636],[-71.405401,42.610393],[-71.401978,42.599805],[-71.400228,42.591079],[-71.397812,42.583063],[-71.397668,42.582668],[-71.413754,42.577079],[-71.417484,42.575375],[-71.421088,42.573137],[-71.425922,42.5694],[-71.437516,42.560553],[-71.440506,42.558787],[-71.445525,42.557028],[-71.449905,42.556046],[-71.468842,42.551746],[-71.477341,42.55657],[-71.477379,42.5566],[-71.48002,42.558094],[-71.481233,42.562963],[-71.481911,42.565677]]","07/31/2016 - 08/28/2016, Every day, Daily Average",2329,1981,2736
"1116","Harborwalk, Waterfront, Boston","[[-71.062911,42.361229],[-71.061856,42.36243],[-71.058261,42.363697],[-71.057757,42.363616],[-71.056105,42.362402],[-71.05542,42.361957],[-71.054925,42.362046],[-71.053826,42.363303],[-71.052111,42.363676],[-71.051647,42.36311],[-71.0512,42.363712],[-71.05109,42.364175],[-71.046389,42.363935],[-71.045918,42.361164],[-71.0455,42.359825],[-71.045566,42.359733],[-71.049595,42.354497],[-71.05106,42.355131],[-71.050851,42.356671],[-71.052158,42.358666],[-71.053518,42.358356],[-71.055759,42.356913],[-71.05771,42.356777],[-71.058737,42.356988],[-71.05829,42.35741],[-71.06151,42.358336],[-71.062642,42.357977],[-71.062875,42.359483],[-71.062911,42.361229]]","554","0 Everett Circle, Hopkinton","[[-71.564584,42.266985],[-71.559098,42.267718],[-71.556974,42.26804],[-71.552226,42.267313],[-71.549466,42.266124],[-71.544624,42.264848],[-71.543716,42.263986],[-71.5417,42.263981],[-71.540054,42.262716],[-71.537906,42.264615],[-71.531626,42.26619],[-71.52654,42.266333],[-71.525054,42.265826],[-71.522386,42.26643],[-71.522184,42.266444],[-71.522757,42.255207],[-71.486001,42.24696],[-71.486111,42.241332],[-71.493449,42.237765],[-71.498976,42.236498],[-71.506589,42.236191],[-71.513264,42.233057],[-71.516364,42.231791],[-71.517951,42.230003],[-71.523202,42.228132],[-71.529629,42.225161],[-71.532965,42.225183],[-71.535341,42.225459],[-71.536814,42.225805],[-71.540064,42.227804],[-71.54282,42.228208],[-71.544678,42.228702],[-71.5511,42.230007],[-71.551591,42.23388],[-71.552542,42.236801],[-71.555124,42.242041],[-71.5574,42.249052],[-71.56338,42.262544],[-71.564584,42.266985]]","07/31/2016 - 08/28/2016, Every day, Daily Average",2510,1852,3400
"1116","Harborwalk, Waterfront, Boston","[[-71.062911,42.361229],[-71.061856,42.36243],[-71.058261,42.363697],[-71.057757,42.363616],[-71.056105,42.362402],[-71.05542,42.361957],[-71.054925,42.362046],[-71.053826,42.363303],[-71.052111,42.363676],[-71.051647,42.36311],[-71.0512,42.363712],[-71.05109,42.364175],[-71.046389,42.363935],[-71.045918,42.361164],[-71.0455,42.359825],[-71.045566,42.359733],[-71.049595,42.354497],[-71.05106,42.355131],[-71.050851,42.356671],[-71.052158,42.358666],[-71.053518,42.358356],[-71.055759,42.356913],[-71.05771,42.356777],[-71.058737,42.356988],[-71.05829,42.35741],[-71.06151,42.358336],[-71.062642,42.357977],[-71.062875,42.359483],[-71.062911,42.361229]]","560","0 Hidden Pond Lane, North Reading","[[-71.110997,42.601101],[-71.089371,42.60291],[-71.076133,42.604077],[-71.058772,42.608996],[-71.059377,42.606402],[-71.05742,42.604744],[-71.033787,42.585414],[-71.028312,42.574082],[-71.03098,42.572654],[-71.035245,42.570378],[-71.037351,42.571658],[-71.037717,42.571008],[-71.040227,42.57145],[-71.040827,42.57278],[-71.043814,42.573616],[-71.049747,42.57096],[-71.053807,42.571895],[-71.053111,42.572751],[-71.056019,42.574563],[-71.057164,42.574151],[-71.065156,42.561759],[-71.070978,42.555889],[-71.08989,42.558222],[-71.092818,42.559272],[-71.086976,42.565346],[-71.087626,42.567489],[-71.08953,42.568758],[-71.090155,42.573561],[-71.093097,42.577226],[-71.096835,42.583859],[-71.100519,42.587615],[-71.101954,42.590208],[-71.105098,42.593088],[-71.108259,42.595925],[-71.110997,42.601101]]","07/31/2016 - 08/28/2016, Every day, Daily Average",1687,1288,2208
"1116","Harborwalk, Waterfront, Boston","[[-71.062911,42.361229],[-71.061856,42.36243],[-71.058261,42.363697],[-71.057757,42.363616],[-71.056105,42.362402],[-71.05542,42.361957],[-71.054925,42.362046],[-71.053826,42.363303],[-71.052111,42.363676],[-71.051647,42.36311],[-71.0512,42.363712],[-71.05109,42.364175],[-71.046389,42.363935],[-71.045918,42.361164],[-71.0455,42.359825],[-71.045566,42.359733],[-71.049595,42.354497],[-71.05106,42.355131],[-71.050851,42.356671],[-71.052158,42.358666],[-71.053518,42.358356],[-71.055759,42.356913],[-71.05771,42.356777],[-71.058737,42.356988],[-71.05829,42.35741],[-71.06151,42.358336],[-71.062642,42.357977],[-71.062875,42.359483],[-71.062911,42.361229]]","561","100 Wildwood Street, Wilmington","[[-71.175379,42.549139],[-71.173511,42.549792],[-71.17261,42.551213],[-71.167897,42.555832],[-71.164799,42.557348],[-71.1627,42.559706],[-71.159293,42.562204],[-71.159872,42.567805],[-71.159386,42.56922],[-71.157253,42.570705],[-71.155209,42.574581],[-71.152262,42.577003],[-71.148026,42.57927],[-71.137125,42.580048],[-71.133048,42.581183],[-71.130543,42.583117],[-71.131635,42.577893],[-71.136742,42.553464],[-71.136522,42.552556],[-71.133231,42.539459],[-71.132451,42.53652],[-71.131316,42.531814],[-71.132516,42.531286],[-71.135456,42.530006],[-71.149188,42.524279],[-71.151336,42.527365],[-71.153986,42.529985],[-71.161202,42.53594],[-71.170731,42.543639],[-71.17392,42.546247],[-71.174075,42.546392],[-71.175277,42.54819],[-71.175379,42.549139]]","07/31/2016 - 08/28/2016, Every day, Daily Average",1115,834,1489
"1116","Harborwalk, Waterfront, Boston","[[-71.062911,42.361229],[-71.061856,42.36243],[-71.058261,42.363697],[-71.057757,42.363616],[-71.056105,42.362402],[-71.05542,42.361957],[-71.054925,42.362046],[-71.053826,42.363303],[-71.052111,42.363676],[-71.051647,42.36311],[-71.0512,42.363712],[-71.05109,42.364175],[-71.046389,42.363935],[-71.045918,42.361164],[-71.0455,42.359825],[-71.045566,42.359733],[-71.049595,42.354497],[-71.05106,42.355131],[-71.050851,42.356671],[-71.052158,42.358666],[-71.053518,42.358356],[-71.055759,42.356913],[-71.05771,42.356777],[-71.058737,42.356988],[-71.05829,42.35741],[-71.06151,42.358336],[-71.062642,42.357977],[-71.062875,42.359483],[-71.062911,42.361229]]","581","0 Carter Road, Woburn","[[-71.146622,42.480947],[-71.140266,42.482158],[-71.137257,42.482061],[-71.136121,42.481478],[-71.133078,42.481007],[-71.133149,42.481992],[-71.135734,42.487734],[-71.132466,42.489041],[-71.129301,42.491187],[-71.124448,42.495142],[-71.124051,42.495534],[-71.121496,42.498538],[-71.116775,42.49455],[-71.115715,42.489621],[-71.113168,42.478697],[-71.112156,42.474268],[-71.112116,42.473818],[-71.123772,42.473395],[-71.133926,42.469942],[-71.137902,42.468581],[-71.141456,42.470517],[-71.14338,42.474297],[-71.143796,42.475599],[-71.144325,42.478426],[-71.146622,42.480947]]","07/31/2016 - 08/28/2016, Every day, Daily Average",811,586,1121
"1116","Harborwalk, Waterfront, Boston","[[-71.062911,42.361229],[-71.061856,42.36243],[-71.058261,42.363697],[-71.057757,42.363616],[-71.056105,42.362402],[-71.05542,42.361957],[-71.054925,42.362046],[-71.053826,42.363303],[-71.052111,42.363676],[-71.051647,42.36311],[-71.0512,42.363712],[-71.05109,42.364175],[-71.046389,42.363935],[-71.045918,42.361164],[-71.0455,42.359825],[-71.045566,42.359733],[-71.049595,42.354497],[-71.05106,42.355131],[-71.050851,42.356671],[-71.052158,42.358666],[-71.053518,42.358356],[-71.055759,42.356913],[-71.05771,42.356777],[-71.058737,42.356988],[-71.05829,42.35741],[-71.06151,42.358336],[-71.062642,42.357977],[-71.062875,42.359483],[-71.062911,42.361229]]","583","0 Walnut Court, Woburn","[[-71.156349,42.487045],[-71.152037,42.485691],[-71.153524,42.490551],[-71.150465,42.490753],[-71.144382,42.489247],[-71.141176,42.487358],[-71.136797,42.487431],[-71.135734,42.487734],[-71.133149,42.481992],[-71.133078,42.481007],[-71.136121,42.481478],[-71.137257,42.482061],[-71.140266,42.482158],[-71.146622,42.480947],[-71.150792,42.481503],[-71.151771,42.480119],[-71.152175,42.479937],[-71.154487,42.481736],[-71.155249,42.482368],[-71.156097,42.483076],[-71.159854,42.48483],[-71.156349,42.487045]]","07/31/2016 - 08/28/2016, Every day, Daily Average",1243,883,1748
"1116","Harborwalk, Waterfront, Boston","[[-71.062911,42.361229],[-71.061856,42.36243],[-71.058261,42.363697],[-71.057757,42.363616],[-71.056105,42.362402],[-71.05542,42.361957],[-71.054925,42.362046],[-71.053826,42.363303],[-71.052111,42.363676],[-71.051647,42.36311],[-71.0512,42.363712],[-71.05109,42.364175],[-71.046389,42.363935],[-71.045918,42.361164],[-71.0455,42.359825],[-71.045566,42.359733],[-71.049595,42.354497],[-71.05106,42.355131],[-71.050851,42.356671],[-71.052158,42.358666],[-71.053518,42.358356],[-71.055759,42.356913],[-71.05771,42.356777],[-71.058737,42.356988],[-71.05829,42.35741],[-71.06151,42.358336],[-71.062642,42.357977],[-71.062875,42.359483],[-71.062911,42.361229]]","584","0 Mill Road, Melrose","[[-71.064669,42.456147],[-71.064048,42.456208],[-71.061207,42.456977],[-71.053,42.458304],[-71.047082,42.459214],[-71.042377,42.45995],[-71.040044,42.460706],[-71.027572,42.446678],[-71.025864,42.444743],[-71.03368,42.443904],[-71.036828,42.443581],[-71.044176,42.442827],[-71.050169,42.442162],[-71.051961,42.442915],[-71.054832,42.443383],[-71.056579,42.444796],[-71.058043,42.447762],[-71.059202,42.447492],[-71.05959,42.449231],[-71.059717,42.449785],[-71.06174,42.452033],[-71.063295,42.453306],[-71.066458,42.453135],[-71.064669,42.456147]]","07/31/2016 - 08/28/2016, Every day, Daily Average",1314,981,1758
"1116","Harborwalk, Waterfront, Boston","[[-71.062911,42.361229],[-71.061856,42.36243],[-71.058261,42.363697],[-71.057757,42.363616],[-71.056105,42.362402],[-71.05542,42.361957],[-71.054925,42.362046],[-71.053826,42.363303],[-71.052111,42.363676],[-71.051647,42.36311],[-71.0512,42.363712],[-71.05109,42.364175],[-71.046389,42.363935],[-71.045918,42.361164],[-71.0455,42.359825],[-71.045566,42.359733],[-71.049595,42.354497],[-71.05106,42.355131],[-71.050851,42.356671],[-71.052158,42.358666],[-71.053518,42.358356],[-71.055759,42.356913],[-71.05771,42.356777],[-71.058737,42.356988],[-71.05829,42.35741],[-71.06151,42.358336],[-71.062642,42.357977],[-71.062875,42.359483],[-71.062911,42.361229]]","585","0 High Street, Stoneham","[[-71.102874,42.486744],[-71.100082,42.486865],[-71.100489,42.494193],[-71.100703,42.498074],[-71.101016,42.500759],[-71.101801,42.502161],[-71.100722,42.502258],[-71.090073,42.50118],[-71.086382,42.493976],[-71.085546,42.492343],[-71.087254,42.490771],[-71.088847,42.489759],[-71.096537,42.487272],[-71.09851,42.487012],[-71.099297,42.486314],[-71.100119,42.486166],[-71.101118,42.485823],[-71.102874,42.486744]]","07/31/2016 - 08/28/2016, Every day, Daily Average",1139,845,1533
"1116","Harborwalk, Waterfront, Boston","[[-71.062911,42.361229],[-71.061856,42.36243],[-71.058261,42.363697],[-71.057757,42.363616],[-71.056105,42.362402],[-71.05542,42.361957],[-71.054925,42.362046],[-71.053826,42.363303],[-71.052111,42.363676],[-71.051647,42.36311],[-71.0512,42.363712],[-71.05109,42.364175],[-71.046389,42.363935],[-71.045918,42.361164],[-71.0455,42.359825],[-71.045566,42.359733],[-71.049595,42.354497],[-71.05106,42.355131],[-71.050851,42.356671],[-71.052158,42.358666],[-71.053518,42.358356],[-71.055759,42.356913],[-71.05771,42.356777],[-71.058737,42.356988],[-71.05829,42.35741],[-71.06151,42.358336],[-71.062642,42.357977],[-71.062875,42.359483],[-71.062911,42.361229]]","586","0 Bates Road, Winchester","[[-71.131445,42.467518],[-71.129124,42.466226],[-71.126543,42.465336],[-71.125775,42.466566],[-71.123772,42.473395],[-71.112116,42.473818],[-71.109625,42.473892],[-71.114673,42.463365],[-71.115462,42.464955],[-71.114278,42.468038],[-71.116629,42.468716],[-71.118337,42.467411],[-71.120762,42.467887],[-71.121111,42.466022],[-71.122338,42.46416],[-71.120307,42.463796],[-71.120742,42.461519],[-71.119631,42.459888],[-71.119794,42.458627],[-71.125517,42.459534],[-71.126222,42.458501],[-71.12895,42.45937],[-71.129961,42.457774],[-71.134688,42.459266],[-71.131445,42.467518]]","07/31/2016 - 08/28/2016, Every day, Daily Average",818,556,1202
"1116","Harborwalk, Waterfront, Boston","[[-71.062911,42.361229],[-71.061856,42.36243],[-71.058261,42.363697],[-71.057757,42.363616],[-71.056105,42.362402],[-71.05542,42.361957],[-71.054925,42.362046],[-71.053826,42.363303],[-71.052111,42.363676],[-71.051647,42.36311],[-71.0512,42.363712],[-71.05109,42.364175],[-71.046389,42.363935],[-71.045918,42.361164],[-71.0455,42.359825],[-71.045566,42.359733],[-71.049595,42.354497],[-71.05106,42.355131],[-71.050851,42.356671],[-71.052158,42.358666],[-71.053518,42.358356],[-71.055759,42.356913],[-71.05771,42.356777],[-71.058737,42.356988],[-71.05829,42.35741],[-71.06151,42.358336],[-71.062642,42.357977],[-71.062875,42.359483],[-71.062911,42.361229]]","587","100 Rivers Edge Drive, Medford","[[-71.084834,42.412437],[-71.084371,42.414117],[-71.079288,42.413173],[-71.077503,42.412172],[-71.0769,42.410745],[-71.076798,42.413265],[-71.074526,42.41253],[-71.073196,42.412996],[-71.07199,42.411883],[-71.073552,42.409393],[-71.071297,42.406922],[-71.072807,42.40381],[-71.075988,42.399706],[-71.075996,42.396396],[-71.077152,42.396778],[-71.083423,42.400013],[-71.082084,42.403486],[-71.081886,42.404084],[-71.081649,42.404666],[-71.081473,42.405078],[-71.081625,42.405548],[-71.084799,42.411001],[-71.084834,42.412437]]","07/31/2016 - 08/28/2016, Every day, Daily Average",689,432,1097
"1116","Harborwalk, Waterfront, Boston","[[-71.062911,42.361229],[-71.061856,42.36243],[-71.058261,42.363697],[-71.057757,42.363616],[-71.056105,42.362402],[-71.05542,42.361957],[-71.054925,42.362046],[-71.053826,42.363303],[-71.052111,42.363676],[-71.051647,42.36311],[-71.0512,42.363712],[-71.05109,42.364175],[-71.046389,42.363935],[-71.045918,42.361164],[-71.0455,42.359825],[-71.045566,42.359733],[-71.049595,42.354497],[-71.05106,42.355131],[-71.050851,42.356671],[-71.052158,42.358666],[-71.053518,42.358356],[-71.055759,42.356913],[-71.05771,42.356777],[-71.058737,42.356988],[-71.05829,42.35741],[-71.06151,42.358336],[-71.062642,42.357977],[-71.062875,42.359483],[-71.062911,42.361229]]","588","0 Lewis Street, Medford","[[-71.103712,42.422604],[-71.103377,42.425926],[-71.10271,42.427982],[-71.101927,42.426274],[-71.096035,42.425252],[-71.090533,42.424389],[-71.089705,42.424115],[-71.091666,42.422798],[-71.092568,42.422405],[-71.096011,42.42177],[-71.096702,42.421634],[-71.098579,42.420894],[-71.104199,42.418745],[-71.103712,42.422604]]","07/31/2016 - 08/28/2016, Every day, Daily Average",582,364,929
"1116","Harborwalk, Waterfront, Boston","[[-71.062911,42.361229],[-71.061856,42.36243],[-71.058261,42.363697],[-71.057757,42.363616],[-71.056105,42.362402],[-71.05542,42.361957],[-71.054925,42.362046],[-71.053826,42.363303],[-71.052111,42.363676],[-71.051647,42.36311],[-71.0512,42.363712],[-71.05109,42.364175],[-71.046389,42.363935],[-71.045918,42.361164],[-71.0455,42.359825],[-71.045566,42.359733],[-71.049595,42.354497],[-71.05106,42.355131],[-71.050851,42.356671],[-71.052158,42.358666],[-71.053518,42.358356],[-71.055759,42.356913],[-71.05771,42.356777],[-71.058737,42.356988],[-71.05829,42.35741],[-71.06151,42.358336],[-71.062642,42.357977],[-71.062875,42.359483],[-71.062911,42.361229]]","589","0 Clayton Street, Malden","[[-71.064661,42.424463],[-71.061155,42.426174],[-71.060402,42.426511],[-71.061261,42.426393],[-71.063295,42.42617],[-71.063765,42.426088],[-71.064004,42.428036],[-71.063433,42.428316],[-71.059593,42.430218],[-71.058015,42.430913],[-71.057796,42.430978],[-71.05646,42.428363],[-71.056071,42.42765],[-71.055812,42.427216],[-71.055431,42.426594],[-71.057751,42.425351],[-71.057195,42.424363],[-71.055546,42.423128],[-71.054821,42.422613],[-71.052853,42.421177],[-71.05458,42.420034],[-71.05685,42.418671],[-71.059978,42.420851],[-71.061852,42.422328],[-71.062972,42.423244],[-71.064661,42.424463]]","07/31/2016 - 08/28/2016, Every day, Daily Average",1094,804,1488
"1116","Harborwalk, Waterfront, Boston","[[-71.062911,42.361229],[-71.061856,42.36243],[-71.058261,42.363697],[-71.057757,42.363616],[-71.056105,42.362402],[-71.05542,42.361957],[-71.054925,42.362046],[-71.053826,42.363303],[-71.052111,42.363676],[-71.051647,42.36311],[-71.0512,42.363712],[-71.05109,42.364175],[-71.046389,42.363935],[-71.045918,42.361164],[-71.0455,42.359825],[-71.045566,42.359733],[-71.049595,42.354497],[-71.05106,42.355131],[-71.050851,42.356671],[-71.052158,42.358666],[-71.053518,42.358356],[-71.055759,42.356913],[-71.05771,42.356777],[-71.058737,42.356988],[-71.05829,42.35741],[-71.06151,42.358336],[-71.062642,42.357977],[-71.062875,42.359483],[-71.062911,42.361229]]","590","100 Kennedy Drive, Malden","[[-71.044176,42.442827],[-71.036828,42.443581],[-71.03368,42.443904],[-71.025864,42.444743],[-71.025777,42.444753],[-71.020377,42.43825],[-71.021005,42.437117],[-71.021122,42.436905],[-71.022187,42.434978],[-71.023002,42.433521],[-71.024042,42.433082],[-71.027153,42.432073],[-71.039955,42.430965],[-71.039729,42.431579],[-71.03932,42.432669],[-71.038755,42.434213],[-71.03772,42.436549],[-71.037129,42.436856],[-71.040791,42.438144],[-71.042135,42.438224],[-71.041387,42.440553],[-71.044176,42.442827]]","07/31/2016 - 08/28/2016, Every day, Daily Average",1035,696,1538
"1116","Harborwalk, Waterfront, Boston","[[-71.062911,42.361229],[-71.061856,42.36243],[-71.058261,42.363697],[-71.057757,42.363616],[-71.056105,42.362402],[-71.05542,42.361957],[-71.054925,42.362046],[-71.053826,42.363303],[-71.052111,42.363676],[-71.051647,42.36311],[-71.0512,42.363712],[-71.05109,42.364175],[-71.046389,42.363935],[-71.045918,42.361164],[-71.0455,42.359825],[-71.045566,42.359733],[-71.049595,42.354497],[-71.05106,42.355131],[-71.050851,42.356671],[-71.052158,42.358666],[-71.053518,42.358356],[-71.055759,42.356913],[-71.05771,42.356777],[-71.058737,42.356988],[-71.05829,42.35741],[-71.06151,42.358336],[-71.062642,42.357977],[-71.062875,42.359483],[-71.062911,42.361229]]","605","800 Washington Street, Lynn","[[-70.947352,42.462068],[-70.944937,42.463234],[-70.943772,42.463796],[-70.941729,42.464736],[-70.940802,42.464288],[-70.940159,42.463334],[-70.938707,42.463105],[-70.937279,42.461574],[-70.936536,42.460707],[-70.934549,42.45883],[-70.935121,42.457877],[-70.935003,42.457821],[-70.935166,42.456571],[-70.936611,42.456883],[-70.939649,42.455377],[-70.939371,42.456548],[-70.939379,42.456589],[-70.941593,42.455696],[-70.941972,42.455393],[-70.942221,42.456201],[-70.942294,42.456202],[-70.94427,42.457626],[-70.944707,42.458843],[-70.946131,42.46131],[-70.947352,42.462068]]","07/31/2016 - 08/28/2016, Every day, Daily Average",1446,1119,1868
"1116","Harborwalk, Waterfront, Boston","[[-71.062911,42.361229],[-71.061856,42.36243],[-71.058261,42.363697],[-71.057757,42.363616],[-71.056105,42.362402],[-71.05542,42.361957],[-71.054925,42.362046],[-71.053826,42.363303],[-71.052111,42.363676],[-71.051647,42.36311],[-71.0512,42.363712],[-71.05109,42.364175],[-71.046389,42.363935],[-71.045918,42.361164],[-71.0455,42.359825],[-71.045566,42.359733],[-71.049595,42.354497],[-71.05106,42.355131],[-71.050851,42.356671],[-71.052158,42.358666],[-71.053518,42.358356],[-71.055759,42.356913],[-71.05771,42.356777],[-71.058737,42.356988],[-71.05829,42.35741],[-71.06151,42.358336],[-71.062642,42.357977],[-71.062875,42.359483],[-71.062911,42.361229]]","612","0 Barry Road, Marblehead","[[-70.866757,42.515269],[-70.864024,42.518597],[-70.859751,42.520441],[-70.857125,42.521492],[-70.848707,42.519208],[-70.845623,42.517475],[-70.842091,42.519495],[-70.842198,42.515739],[-70.842395,42.508786],[-70.847079,42.504447],[-70.850039,42.501706],[-70.850065,42.502071],[-70.851579,42.503344],[-70.853928,42.505328],[-70.854835,42.505118],[-70.855008,42.506348],[-70.858893,42.509533],[-70.860128,42.512818],[-70.865148,42.51537],[-70.866757,42.515269]]","07/31/2016 - 08/28/2016, Every day, Daily Average",2408,2010,2883
"1116","Harborwalk, Waterfront, Boston","[[-71.062911,42.361229],[-71.061856,42.36243],[-71.058261,42.363697],[-71.057757,42.363616],[-71.056105,42.362402],[-71.05542,42.361957],[-71.054925,42.362046],[-71.053826,42.363303],[-71.052111,42.363676],[-71.051647,42.36311],[-71.0512,42.363712],[-71.05109,42.364175],[-71.046389,42.363935],[-71.045918,42.361164],[-71.0455,42.359825],[-71.045566,42.359733],[-71.049595,42.354497],[-71.05106,42.355131],[-71.050851,42.356671],[-71.052158,42.358666],[-71.053518,42.358356],[-71.055759,42.356913],[-71.05771,42.356777],[-71.058737,42.356988],[-71.05829,42.35741],[-71.06151,42.358336],[-71.062642,42.357977],[-71.062875,42.359483],[-71.062911,42.361229]]","613","0 Canal Street, Salem","[[-70.905388,42.5174],[-70.905,42.51822],[-70.903889,42.519186],[-70.902066,42.520453],[-70.898637,42.521408],[-70.895679,42.521432],[-70.895592,42.519733],[-70.893856,42.519459],[-70.893198,42.518454],[-70.892834,42.516454],[-70.892663,42.515462],[-70.891063,42.51471],[-70.888053,42.515073],[-70.887683,42.51339],[-70.885993,42.512399],[-70.891855,42.511146],[-70.894468,42.510897],[-70.896587,42.511345],[-70.897182,42.511389],[-70.897315,42.512365],[-70.899651,42.514458],[-70.899097,42.514846],[-70.905833,42.515774],[-70.905388,42.5174]]","07/31/2016 - 08/28/2016, Every day, Daily Average",2301,1794,2951
"1116","Harborwalk, Waterfront, Boston","[[-71.062911,42.361229],[-71.061856,42.36243],[-71.058261,42.363697],[-71.057757,42.363616],[-71.056105,42.362402],[-71.05542,42.361957],[-71.054925,42.362046],[-71.053826,42.363303],[-71.052111,42.363676],[-71.051647,42.36311],[-71.0512,42.363712],[-71.05109,42.364175],[-71.046389,42.363935],[-71.045918,42.361164],[-71.0455,42.359825],[-71.045566,42.359733],[-71.049595,42.354497],[-71.05106,42.355131],[-71.050851,42.356671],[-71.052158,42.358666],[-71.053518,42.358356],[-71.055759,42.356913],[-71.05771,42.356777],[-71.058737,42.356988],[-71.05829,42.35741],[-71.06151,42.358336],[-71.062642,42.357977],[-71.062875,42.359483],[-71.062911,42.361229]]","614","0 Winter Island Road, Salem","[[-70.788783,42.534006],[-70.78866,42.535775],[-70.788239,42.536836],[-70.787031,42.537295],[-70.78559,42.536978],[-70.784528,42.536355],[-70.783006,42.535481],[-70.782649,42.534605],[-70.782252,42.533716],[-70.783036,42.533261],[-70.783537,42.53285],[-70.784275,42.532494],[-70.78491,42.532544],[-70.785309,42.531956],[-70.785617,42.531206],[-70.786491,42.530827],[-70.787223,42.530896],[-70.787707,42.53058],[-70.787708,42.530579],[-70.788669,42.530915],[-70.789403,42.531931],[-70.788783,42.534006]]","07/31/2016 - 08/28/2016, Every day, Daily Average",2456,1932,3121
"1116","Harborwalk, Waterfront, Boston","[[-71.062911,42.361229],[-71.061856,42.36243],[-71.058261,42.363697],[-71.057757,42.363616],[-71.056105,42.362402],[-71.05542,42.361957],[-71.054925,42.362046],[-71.053826,42.363303],[-71.052111,42.363676],[-71.051647,42.36311],[-71.0512,42.363712],[-71.05109,42.364175],[-71.046389,42.363935],[-71.045918,42.361164],[-71.0455,42.359825],[-71.045566,42.359733],[-71.049595,42.354497],[-71.05106,42.355131],[-71.050851,42.356671],[-71.052158,42.358666],[-71.053518,42.358356],[-71.055759,42.356913],[-71.05771,42.356777],[-71.058737,42.356988],[-71.05829,42.35741],[-71.06151,42.358336],[-71.062642,42.357977],[-71.062875,42.359483],[-71.062911,42.361229]]","615","0 Bowler Street, Lynn","[[-70.963685,42.483193],[-70.960273,42.485013],[-70.960421,42.486093],[-70.960073,42.487193],[-70.95547,42.487262],[-70.952248,42.485102],[-70.950767,42.485432],[-70.950977,42.484028],[-70.949694,42.484776],[-70.947163,42.483922],[-70.945781,42.483321],[-70.946216,42.481595],[-70.945197,42.481127],[-70.943478,42.480078],[-70.942364,42.479405],[-70.94422,42.477828],[-70.945841,42.476154],[-70.946371,42.475674],[-70.94748,42.473935],[-70.948031,42.474236],[-70.949346,42.473088],[-70.949762,42.472587],[-70.952178,42.473799],[-70.952319,42.473653],[-70.952219,42.475136],[-70.954394,42.475796],[-70.95501,42.47604],[-70.955844,42.474591],[-70.958365,42.473957],[-70.957835,42.477644],[-70.957101,42.478247],[-70.956157,42.479638],[-70.962185,42.482738],[-70.963394,42.482295],[-70.96403,42.48278],[-70.963685,42.483193]]","07/31/2016 - 08/28/2016, Every day, Daily Average",1617,1224,2135
"1116","Harborwalk, Waterfront, Boston","[[-71.062911,42.361229],[-71.061856,42.36243],[-71.058261,42.363697],[-71.057757,42.363616],[-71.056105,42.362402],[-71.05542,42.361957],[-71.054925,42.362046],[-71.053826,42.363303],[-71.052111,42.363676],[-71.051647,42.36311],[-71.0512,42.363712],[-71.05109,42.364175],[-71.046389,42.363935],[-71.045918,42.361164],[-71.0455,42.359825],[-71.045566,42.359733],[-71.049595,42.354497],[-71.05106,42.355131],[-71.050851,42.356671],[-71.052158,42.358666],[-71.053518,42.358356],[-71.055759,42.356913],[-71.05771,42.356777],[-71.058737,42.356988],[-71.05829,42.35741],[-71.06151,42.358336],[-71.062642,42.357977],[-71.062875,42.359483],[-71.062911,42.361229]]","617","700 Lynnway, Lynn","[[-70.971493,42.457475],[-70.970396,42.45632],[-70.966323,42.45732],[-70.963592,42.457795],[-70.959978,42.459052],[-70.960653,42.460133],[-70.962248,42.462659],[-70.960087,42.462786],[-70.957957,42.459552],[-70.954004,42.460718],[-70.952832,42.459505],[-70.954213,42.458061],[-70.954058,42.45622],[-70.950815,42.457006],[-70.949022,42.454737],[-70.96047,42.446166],[-70.960647,42.443787],[-70.96617,42.443504],[-70.968594,42.444396],[-70.979083,42.450863],[-70.971493,42.457475]]","07/31/2016 - 08/28/2016, Every day, Daily Average",1247,920,1689
"1116","Harborwalk, Waterfront, Boston","[[-71.062911,42.361229],[-71.061856,42.36243],[-71.058261,42.363697],[-71.057757,42.363616],[-71.056105,42.362402],[-71.05542,42.361957],[-71.054925,42.362046],[-71.053826,42.363303],[-71.052111,42.363676],[-71.051647,42.36311],[-71.0512,42.363712],[-71.05109,42.364175],[-71.046389,42.363935],[-71.045918,42.361164],[-71.0455,42.359825],[-71.045566,42.359733],[-71.049595,42.354497],[-71.05106,42.355131],[-71.050851,42.356671],[-71.052158,42.358666],[-71.053518,42.358356],[-71.055759,42.356913],[-71.05771,42.356777],[-71.058737,42.356988],[-71.05829,42.35741],[-71.06151,42.358336],[-71.062642,42.357977],[-71.062875,42.359483],[-71.062911,42.361229]]","626","0 McDewell Avenue, Danvers","[[-70.93649,42.550466],[-70.9361,42.55158],[-70.93522,42.552794],[-70.929026,42.558082],[-70.92649,42.560331],[-70.922994,42.565323],[-70.921493,42.56677],[-70.91969,42.567897],[-70.909318,42.571093],[-70.90845,42.571514],[-70.908556,42.559595],[-70.908591,42.557477],[-70.908889,42.556715],[-70.911669,42.549648],[-70.912394,42.546695],[-70.908399,42.545558],[-70.909929,42.543598],[-70.907922,42.540335],[-70.91349,42.541494],[-70.91941,42.542788],[-70.919413,42.5428],[-70.921433,42.543245],[-70.928219,42.545805],[-70.928734,42.544977],[-70.936649,42.547098],[-70.93649,42.550466]]","07/31/2016 - 08/28/2016, Every day, Daily Average",1802,1392,2331
"1116","Harborwalk, Waterfront, Boston","[[-71.062911,42.361229],[-71.061856,42.36243],[-71.058261,42.363697],[-71.057757,42.363616],[-71.056105,42.362402],[-71.05542,42.361957],[-71.054925,42.362046],[-71.053826,42.363303],[-71.052111,42.363676],[-71.051647,42.36311],[-71.0512,42.363712],[-71.05109,42.364175],[-71.046389,42.363935],[-71.045918,42.361164],[-71.0455,42.359825],[-71.045566,42.359733],[-71.049595,42.354497],[-71.05106,42.355131],[-71.050851,42.356671],[-71.052158,42.358666],[-71.053518,42.358356],[-71.055759,42.356913],[-71.05771,42.356777],[-71.058737,42.356988],[-71.05829,42.35741],[-71.06151,42.358336],[-71.062642,42.357977],[-71.062875,42.359483],[-71.062911,42.361229]]","629","0 Safford Street, Lynn","[[-70.988457,42.460914],[-70.986529,42.461931],[-70.986506,42.463469],[-70.985613,42.463895],[-70.983267,42.465541],[-70.979754,42.467083],[-70.978963,42.467926],[-70.976512,42.46887],[-70.977779,42.470869],[-70.97818,42.471486],[-70.977767,42.47299],[-70.974449,42.474839],[-70.973019,42.477384],[-70.970304,42.478766],[-70.969217,42.476785],[-70.969705,42.475152],[-70.968811,42.473157],[-70.969369,42.471004],[-70.97008,42.470963],[-70.971199,42.469933],[-70.973631,42.46961],[-70.974598,42.469519],[-70.974412,42.465617],[-70.975099,42.465575],[-70.974841,42.463887],[-70.975942,42.463685],[-70.97579,42.459683],[-70.976897,42.458729],[-70.975057,42.457875],[-70.979494,42.456196],[-70.983108,42.45861],[-70.985969,42.457225],[-70.986694,42.454596],[-70.987227,42.457485],[-70.98565,42.460168],[-70.988264,42.458794],[-70.989058,42.459659],[-70.988457,42.460914]]","07/31/2016 - 08/28/2016, Every day, Daily Average",1331,995,1780
"1116","Harborwalk, Waterfront, Boston","[[-71.062911,42.361229],[-71.061856,42.36243],[-71.058261,42.363697],[-71.057757,42.363616],[-71.056105,42.362402],[-71.05542,42.361957],[-71.054925,42.362046],[-71.053826,42.363303],[-71.052111,42.363676],[-71.051647,42.36311],[-71.0512,42.363712],[-71.05109,42.364175],[-71.046389,42.363935],[-71.045918,42.361164],[-71.0455,42.359825],[-71.045566,42.359733],[-71.049595,42.354497],[-71.05106,42.355131],[-71.050851,42.356671],[-71.052158,42.358666],[-71.053518,42.358356],[-71.055759,42.356913],[-71.05771,42.356777],[-71.058737,42.356988],[-71.05829,42.35741],[-71.06151,42.358336],[-71.062642,42.357977],[-71.062875,42.359483],[-71.062911,42.361229]]","630","0 Johnson Street, Lynn","[[-70.958376,42.46855],[-70.956347,42.46689],[-70.955294,42.466933],[-70.95447,42.468316],[-70.949871,42.46579],[-70.948059,42.464827],[-70.948505,42.464411],[-70.949684,42.463357],[-70.951256,42.464176],[-70.951107,42.464315],[-70.95256,42.46428],[-70.955229,42.463812],[-70.955759,42.463779],[-70.958194,42.463629],[-70.96016,42.467089],[-70.958376,42.46855]]","07/31/2016 - 08/28/2016, Every day, Daily Average",1489,1097,2021
"1116","Harborwalk, Waterfront, Boston","[[-71.062911,42.361229],[-71.061856,42.36243],[-71.058261,42.363697],[-71.057757,42.363616],[-71.056105,42.362402],[-71.05542,42.361957],[-71.054925,42.362046],[-71.053826,42.363303],[-71.052111,42.363676],[-71.051647,42.36311],[-71.0512,42.363712],[-71.05109,42.364175],[-71.046389,42.363935],[-71.045918,42.361164],[-71.0455,42.359825],[-71.045566,42.359733],[-71.049595,42.354497],[-71.05106,42.355131],[-71.050851,42.356671],[-71.052158,42.358666],[-71.053518,42.358356],[-71.055759,42.356913],[-71.05771,42.356777],[-71.058737,42.356988],[-71.05829,42.35741],[-71.06151,42.358336],[-71.062642,42.357977],[-71.062875,42.359483],[-71.062911,42.361229]]","631","0 Central Street, Saugus","[[-71.025566,42.46922],[-71.023416,42.476723],[-71.020256,42.482599],[-71.017228,42.48901],[-71.016846,42.490039],[-71.016055,42.496219],[-71.014673,42.502053],[-71.011592,42.501685],[-71.003081,42.496407],[-71.001706,42.49279],[-70.994922,42.474905],[-70.994822,42.474628],[-70.993533,42.47128],[-70.991695,42.466431],[-70.989338,42.460232],[-70.99388,42.460683],[-70.995548,42.461731],[-70.997513,42.461502],[-71.000452,42.462368],[-71.00107,42.464085],[-71.001322,42.463623],[-71.004415,42.465626],[-71.008564,42.465031],[-71.009824,42.464898],[-71.01905,42.4644],[-71.025119,42.464823],[-71.025161,42.465055],[-71.025566,42.46922]]","07/31/2016 - 08/28/2016, Every day, Daily Average",1166,834,1629
"1116","Harborwalk, Waterfront, Boston","[[-71.062911,42.361229],[-71.061856,42.36243],[-71.058261,42.363697],[-71.057757,42.363616],[-71.056105,42.362402],[-71.05542,42.361957],[-71.054925,42.362046],[-71.053826,42.363303],[-71.052111,42.363676],[-71.051647,42.36311],[-71.0512,42.363712],[-71.05109,42.364175],[-71.046389,42.363935],[-71.045918,42.361164],[-71.0455,42.359825],[-71.045566,42.359733],[-71.049595,42.354497],[-71.05106,42.355131],[-71.050851,42.356671],[-71.052158,42.358666],[-71.053518,42.358356],[-71.055759,42.356913],[-71.05771,42.356777],[-71.058737,42.356988],[-71.05829,42.35741],[-71.06151,42.358336],[-71.062642,42.357977],[-71.062875,42.359483],[-71.062911,42.361229]]","632","0 Lindsay Terrace, Saugus","[[-71.054196,42.476995],[-71.052621,42.486059],[-71.050252,42.486533],[-71.046949,42.487964],[-71.045496,42.488595],[-71.041869,42.493298],[-71.040089,42.495603],[-71.042349,42.498344],[-71.043996,42.500695],[-71.041714,42.502557],[-71.037796,42.503295],[-71.036096,42.505195],[-71.014673,42.502053],[-71.016055,42.496219],[-71.016846,42.490039],[-71.017228,42.48901],[-71.020256,42.482599],[-71.023416,42.476723],[-71.025566,42.46922],[-71.025161,42.465055],[-71.025119,42.464823],[-71.024166,42.45927],[-71.023554,42.45387],[-71.025665,42.451033],[-71.027572,42.446678],[-71.040044,42.460706],[-71.041596,42.462395],[-71.044729,42.465724],[-71.046878,42.468674],[-71.047789,42.469589],[-71.053496,42.475895],[-71.054196,42.476995]]","07/31/2016 - 08/28/2016, Every day, Daily Average",1156,796,1677
"1116","Harborwalk, Waterfront, Boston","[[-71.062911,42.361229],[-71.061856,42.36243],[-71.058261,42.363697],[-71.057757,42.363616],[-71.056105,42.362402],[-71.05542,42.361957],[-71.054925,42.362046],[-71.053826,42.363303],[-71.052111,42.363676],[-71.051647,42.36311],[-71.0512,42.363712],[-71.05109,42.364175],[-71.046389,42.363935],[-71.045918,42.361164],[-71.0455,42.359825],[-71.045566,42.359733],[-71.049595,42.354497],[-71.05106,42.355131],[-71.050851,42.356671],[-71.052158,42.358666],[-71.053518,42.358356],[-71.055759,42.356913],[-71.05771,42.356777],[-71.058737,42.356988],[-71.05829,42.35741],[-71.06151,42.358336],[-71.062642,42.357977],[-71.062875,42.359483],[-71.062911,42.361229]]","633","0 Russet Lane, Lynnfield","[[-71.070978,42.555889],[-71.065156,42.561759],[-71.057164,42.574151],[-71.056019,42.574563],[-71.053111,42.572751],[-71.053807,42.571895],[-71.049747,42.57096],[-71.043814,42.573616],[-71.040827,42.57278],[-71.040227,42.57145],[-71.037717,42.571008],[-71.037351,42.571658],[-71.035245,42.570378],[-71.034847,42.5655],[-71.031957,42.552647],[-71.031558,42.551203],[-71.019695,42.538456],[-71.01693,42.535558],[-71.019264,42.535309],[-71.027892,42.535918],[-71.041564,42.537],[-71.044698,42.536523],[-71.04847,42.535212],[-71.050007,42.534232],[-71.051505,42.532935],[-71.057513,42.524173],[-71.058073,42.524008],[-71.065786,42.524395],[-71.066798,42.524595],[-71.070385,42.527107],[-71.075257,42.531122],[-71.070978,42.555889]]","07/31/2016 - 08/28/2016, Every day, Daily Average",1194,881,1617
"1116","Harborwalk, Waterfront, Boston","[[-71.062911,42.361229],[-71.061856,42.36243],[-71.058261,42.363697],[-71.057757,42.363616],[-71.056105,42.362402],[-71.05542,42.361957],[-71.054925,42.362046],[-71.053826,42.363303],[-71.052111,42.363676],[-71.051647,42.36311],[-71.0512,42.363712],[-71.05109,42.364175],[-71.046389,42.363935],[-71.045918,42.361164],[-71.0455,42.359825],[-71.045566,42.359733],[-71.049595,42.354497],[-71.05106,42.355131],[-71.050851,42.356671],[-71.052158,42.358666],[-71.053518,42.358356],[-71.055759,42.356913],[-71.05771,42.356777],[-71.058737,42.356988],[-71.05829,42.35741],[-71.06151,42.358336],[-71.062642,42.357977],[-71.062875,42.359483],[-71.062911,42.361229]]","634","Independence Greenway, Peabody","[[-70.99695,42.522546],[-70.995165,42.526004],[-70.989233,42.536068],[-70.986078,42.542581],[-70.983311,42.548385],[-70.979833,42.555943],[-70.971734,42.554021],[-70.954169,42.54983],[-70.945536,42.547772],[-70.94079,42.545993],[-70.936649,42.547098],[-70.936063,42.542166],[-70.938096,42.540009],[-70.940538,42.538407],[-70.948641,42.535298],[-70.950526,42.533956],[-70.953481,42.52961],[-70.956972,42.526949],[-70.960933,42.525883],[-70.970273,42.525941],[-70.976335,42.525113],[-70.991271,42.520799],[-70.99289,42.52012],[-70.996528,42.517655],[-70.999377,42.519385],[-70.99695,42.522546]]","07/31/2016 - 08/28/2016, Every day, Daily Average",1600,1186,2158
"1116","Harborwalk, Waterfront, Boston","[[-71.062911,42.361229],[-71.061856,42.36243],[-71.058261,42.363697],[-71.057757,42.363616],[-71.056105,42.362402],[-71.05542,42.361957],[-71.054925,42.362046],[-71.053826,42.363303],[-71.052111,42.363676],[-71.051647,42.36311],[-71.0512,42.363712],[-71.05109,42.364175],[-71.046389,42.363935],[-71.045918,42.361164],[-71.0455,42.359825],[-71.045566,42.359733],[-71.049595,42.354497],[-71.05106,42.355131],[-71.050851,42.356671],[-71.052158,42.358666],[-71.053518,42.358356],[-71.055759,42.356913],[-71.05771,42.356777],[-71.058737,42.356988],[-71.05829,42.35741],[-71.06151,42.358336],[-71.062642,42.357977],[-71.062875,42.359483],[-71.062911,42.361229]]","635","0 Gemma Drive, South Peabody, Peabody","[[-70.987145,42.5119],[-70.986172,42.511804],[-70.980651,42.512989],[-70.975424,42.516056],[-70.972277,42.515986],[-70.972355,42.5171],[-70.970214,42.516218],[-70.963986,42.516262],[-70.960068,42.517487],[-70.95167,42.519154],[-70.939551,42.521616],[-70.939205,42.520023],[-70.943177,42.517948],[-70.945975,42.514639],[-70.947502,42.511486],[-70.948783,42.510388],[-70.949568,42.509381],[-70.951842,42.506453],[-70.952002,42.505607],[-70.952173,42.501343],[-70.952335,42.499925],[-70.95714,42.496528],[-70.959531,42.497834],[-70.964584,42.500396],[-70.978321,42.507461],[-70.986911,42.511774],[-70.987145,42.5119]]","07/31/2016 - 08/28/2016, Every day, Daily Average",1629,1336,1985
"1116","Harborwalk, Waterfront, Boston","[[-71.062911,42.361229],[-71.061856,42.36243],[-71.058261,42.363697],[-71.057757,42.363616],[-71.056105,42.362402],[-71.05542,42.361957],[-71.054925,42.362046],[-71.053826,42.363303],[-71.052111,42.363676],[-71.051647,42.36311],[-71.0512,42.363712],[-71.05109,42.364175],[-71.046389,42.363935],[-71.045918,42.361164],[-71.0455,42.359825],[-71.045566,42.359733],[-71.049595,42.354497],[-71.05106,42.355131],[-71.050851,42.356671],[-71.052158,42.358666],[-71.053518,42.358356],[-71.055759,42.356913],[-71.05771,42.356777],[-71.058737,42.356988],[-71.05829,42.35741],[-71.06151,42.358336],[-71.062642,42.357977],[-71.062875,42.359483],[-71.062911,42.361229]]","636","0 Spring Road, Nahant","[[-70.94107,42.452466],[-70.940367,42.452411],[-70.939248,42.453759],[-70.939943,42.454751],[-70.939371,42.456548],[-70.939649,42.455377],[-70.936611,42.456883],[-70.935166,42.456571],[-70.936517,42.446205],[-70.936754,42.440066],[-70.933155,42.437833],[-70.928911,42.438312],[-70.925378,42.430912],[-70.925085,42.430299],[-70.913192,42.427697],[-70.908392,42.425197],[-70.907647,42.421834],[-70.902872,42.420053],[-70.905692,42.416197],[-70.910213,42.416477],[-70.910852,42.416516],[-70.914704,42.418431],[-70.916591,42.418246],[-70.918628,42.419839],[-70.919714,42.420833],[-70.922112,42.421784],[-70.926021,42.420592],[-70.927041,42.419839],[-70.927072,42.417218],[-70.928435,42.417084],[-70.936393,42.418097],[-70.937432,42.4258],[-70.937242,42.427794],[-70.936992,42.430418],[-70.940839,42.437637],[-70.940908,42.442929],[-70.941012,42.450843],[-70.941032,42.452343],[-70.94107,42.452466]]","07/31/2016 - 08/28/2016, Every day, Daily Average",1405,1108,1781
"1116","Harborwalk, Waterfront, Boston","[[-71.062911,42.361229],[-71.061856,42.36243],[-71.058261,42.363697],[-71.057757,42.363616],[-71.056105,42.362402],[-71.05542,42.361957],[-71.054925,42.362046],[-71.053826,42.363303],[-71.052111,42.363676],[-71.051647,42.36311],[-71.0512,42.363712],[-71.05109,42.364175],[-71.046389,42.363935],[-71.045918,42.361164],[-71.0455,42.359825],[-71.045566,42.359733],[-71.049595,42.354497],[-71.05106,42.355131],[-71.050851,42.356671],[-71.052158,42.358666],[-71.053518,42.358356],[-71.055759,42.356913],[-71.05771,42.356777],[-71.058737,42.356988],[-71.05829,42.35741],[-71.06151,42.358336],[-71.062642,42.357977],[-71.062875,42.359483],[-71.062911,42.361229]]","637","100 Shelton Road, Swampscott","[[-70.922284,42.467403],[-70.919014,42.468277],[-70.918227,42.468368],[-70.91702,42.468072],[-70.912484,42.470279],[-70.911783,42.471764],[-70.909883,42.47219],[-70.907979,42.472884],[-70.909182,42.47415],[-70.905566,42.474942],[-70.896856,42.474589],[-70.893394,42.475267],[-70.89246,42.476148],[-70.898032,42.482481],[-70.899372,42.48475],[-70.898994,42.484683],[-70.885564,42.480586],[-70.879699,42.478787],[-70.886273,42.470475],[-70.886493,42.470197],[-70.887992,42.467096],[-70.887292,42.464896],[-70.894292,42.460896],[-70.901453,42.464226],[-70.907275,42.462855],[-70.907393,42.463439],[-70.908092,42.466896],[-70.916979,42.466831],[-70.92192,42.466698],[-70.921993,42.466696],[-70.922284,42.467403]]","07/31/2016 - 08/28/2016, Every day, Daily Average",1733,1396,2150
"1116","Harborwalk, Waterfront, Boston","[[-71.062911,42.361229],[-71.061856,42.36243],[-71.058261,42.363697],[-71.057757,42.363616],[-71.056105,42.362402],[-71.05542,42.361957],[-71.054925,42.362046],[-71.053826,42.363303],[-71.052111,42.363676],[-71.051647,42.36311],[-71.0512,42.363712],[-71.05109,42.364175],[-71.046389,42.363935],[-71.045918,42.361164],[-71.0455,42.359825],[-71.045566,42.359733],[-71.049595,42.354497],[-71.05106,42.355131],[-71.050851,42.356671],[-71.052158,42.358666],[-71.053518,42.358356],[-71.055759,42.356913],[-71.05771,42.356777],[-71.058737,42.356988],[-71.05829,42.35741],[-71.06151,42.358336],[-71.062642,42.357977],[-71.062875,42.359483],[-71.062911,42.361229]]","638","0 Leedsville Street, Dorchester, Boston","[[-71.066494,42.306709],[-71.06503,42.30808],[-71.063907,42.308347],[-71.061387,42.308742],[-71.060596,42.308788],[-71.058419,42.307579],[-71.058397,42.307678],[-71.057388,42.30548],[-71.055973,42.304517],[-71.059429,42.303127],[-71.059796,42.301538],[-71.060576,42.303145],[-71.061157,42.304559],[-71.061504,42.30537],[-71.064554,42.305394],[-71.064578,42.304017],[-71.066079,42.30642],[-71.066494,42.306709]]","07/31/2016 - 08/28/2016, Every day, Daily Average",1044,679,1604
"1116","Harborwalk, Waterfront, Boston","[[-71.062911,42.361229],[-71.061856,42.36243],[-71.058261,42.363697],[-71.057757,42.363616],[-71.056105,42.362402],[-71.05542,42.361957],[-71.054925,42.362046],[-71.053826,42.363303],[-71.052111,42.363676],[-71.051647,42.36311],[-71.0512,42.363712],[-71.05109,42.364175],[-71.046389,42.363935],[-71.045918,42.361164],[-71.0455,42.359825],[-71.045566,42.359733],[-71.049595,42.354497],[-71.05106,42.355131],[-71.050851,42.356671],[-71.052158,42.358666],[-71.053518,42.358356],[-71.055759,42.356913],[-71.05771,42.356777],[-71.058737,42.356988],[-71.05829,42.35741],[-71.06151,42.358336],[-71.062642,42.357977],[-71.062875,42.359483],[-71.062911,42.361229]]","639","0 Sylvan Street, Danvers","[[-70.95133,42.567488],[-70.949656,42.571864],[-70.948981,42.572385],[-70.9466,42.57274],[-70.945777,42.572645],[-70.942241,42.57104],[-70.939595,42.570316],[-70.937216,42.570251],[-70.930243,42.568737],[-70.928058,42.568218],[-70.922994,42.565323],[-70.92649,42.560331],[-70.929026,42.558082],[-70.93522,42.552794],[-70.9361,42.55158],[-70.93649,42.550466],[-70.936649,42.547098],[-70.94079,42.545993],[-70.945536,42.547772],[-70.946802,42.54921],[-70.946866,42.550638],[-70.946337,42.552068],[-70.946651,42.556209],[-70.950712,42.563314],[-70.951208,42.565095],[-70.95133,42.567488]]","07/31/2016 - 08/28/2016, Every day, Daily Average",1721,1409,2100
"1116","Harborwalk, Waterfront, Boston","[[-71.062911,42.361229],[-71.061856,42.36243],[-71.058261,42.363697],[-71.057757,42.363616],[-71.056105,42.362402],[-71.05542,42.361957],[-71.054925,42.362046],[-71.053826,42.363303],[-71.052111,42.363676],[-71.051647,42.36311],[-71.0512,42.363712],[-71.05109,42.364175],[-71.046389,42.363935],[-71.045918,42.361164],[-71.0455,42.359825],[-71.045566,42.359733],[-71.049595,42.354497],[-71.05106,42.355131],[-71.050851,42.356671],[-71.052158,42.358666],[-71.053518,42.358356],[-71.055759,42.356913],[-71.05771,42.356777],[-71.058737,42.356988],[-71.05829,42.35741],[-71.06151,42.358336],[-71.062642,42.357977],[-71.062875,42.359483],[-71.062911,42.361229]]","640","0 Taryn Drive, Danvers","[[-71.001992,42.565386],[-70.997402,42.567477],[-70.996191,42.570062],[-70.996807,42.571174],[-70.994565,42.572318],[-70.994842,42.573628],[-70.993363,42.573873],[-70.992897,42.576881],[-70.993095,42.577883],[-70.990091,42.580496],[-70.991425,42.581588],[-70.991197,42.585279],[-70.991842,42.586556],[-70.989821,42.586985],[-70.985592,42.59005],[-70.986059,42.591832],[-70.974372,42.594539],[-70.965886,42.599005],[-70.963021,42.594564],[-70.961491,42.590999],[-70.961421,42.587423],[-70.962343,42.584613],[-70.962865,42.584558],[-70.96504,42.582731],[-70.966245,42.581881],[-70.967491,42.582396],[-70.973749,42.569342],[-70.979833,42.555943],[-71.002653,42.5633],[-71.001992,42.565386]]","07/31/2016 - 08/28/2016, Every day, Daily Average",1999,1531,2608
"1116","Harborwalk, Waterfront, Boston","[[-71.062911,42.361229],[-71.061856,42.36243],[-71.058261,42.363697],[-71.057757,42.363616],[-71.056105,42.362402],[-71.05542,42.361957],[-71.054925,42.362046],[-71.053826,42.363303],[-71.052111,42.363676],[-71.051647,42.36311],[-71.0512,42.363712],[-71.05109,42.364175],[-71.046389,42.363935],[-71.045918,42.361164],[-71.0455,42.359825],[-71.045566,42.359733],[-71.049595,42.354497],[-71.05106,42.355131],[-71.050851,42.356671],[-71.052158,42.358666],[-71.053518,42.358356],[-71.055759,42.356913],[-71.05771,42.356777],[-71.058737,42.356988],[-71.05829,42.35741],[-71.06151,42.358336],[-71.062642,42.357977],[-71.062875,42.359483],[-71.062911,42.361229]]","641","0 Zaloga Way, Middleton","[[-71.058772,42.608996],[-71.055715,42.622926],[-71.054576,42.627652],[-71.043345,42.632521],[-71.02231,42.641636],[-70.985938,42.622041],[-70.978305,42.621483],[-70.976721,42.62088],[-70.982511,42.616593],[-70.983568,42.613898],[-70.985231,42.61232],[-70.982613,42.609142],[-70.983308,42.60812],[-70.982077,42.60681],[-70.976008,42.604942],[-70.97367,42.603065],[-70.970711,42.602854],[-70.968979,42.601196],[-70.96641,42.601127],[-70.964659,42.599647],[-70.965886,42.599005],[-70.974372,42.594539],[-70.986059,42.591832],[-70.985592,42.59005],[-70.989821,42.586985],[-70.991842,42.586556],[-70.991197,42.585279],[-70.991425,42.581588],[-70.990091,42.580496],[-70.993095,42.577883],[-70.992897,42.576881],[-70.993363,42.573873],[-70.994842,42.573628],[-70.994565,42.572318],[-70.996807,42.571174],[-70.996191,42.570062],[-70.997402,42.567477],[-71.001992,42.565386],[-71.002653,42.5633],[-71.003313,42.56479],[-71.004698,42.565121],[-71.008558,42.56394],[-71.012889,42.566122],[-71.015154,42.567748],[-71.018982,42.56796],[-71.021,42.568631],[-71.021169,42.569592],[-71.023605,42.570089],[-71.024078,42.569261],[-71.029169,42.569805],[-71.029361,42.569423],[-71.02981,42.565157],[-71.034847,42.5655],[-71.035245,42.570378],[-71.03098,42.572654],[-71.028312,42.574082],[-71.033787,42.585414],[-71.05742,42.604744],[-71.059377,42.606402],[-71.058772,42.608996]]","07/31/2016 - 08/28/2016, Every day, Daily Average",1964,1508,2556
"1116","Harborwalk, Waterfront, Boston","[[-71.062911,42.361229],[-71.061856,42.36243],[-71.058261,42.363697],[-71.057757,42.363616],[-71.056105,42.362402],[-71.05542,42.361957],[-71.054925,42.362046],[-71.053826,42.363303],[-71.052111,42.363676],[-71.051647,42.36311],[-71.0512,42.363712],[-71.05109,42.364175],[-71.046389,42.363935],[-71.045918,42.361164],[-71.0455,42.359825],[-71.045566,42.359733],[-71.049595,42.354497],[-71.05106,42.355131],[-71.050851,42.356671],[-71.052158,42.358666],[-71.053518,42.358356],[-71.055759,42.356913],[-71.05771,42.356777],[-71.058737,42.356988],[-71.05829,42.35741],[-71.06151,42.358336],[-71.062642,42.357977],[-71.062875,42.359483],[-71.062911,42.361229]]","644","0 Dunham Road, Beverly","[[-70.922263,42.591512],[-70.904644,42.59106],[-70.881794,42.590918],[-70.860898,42.590808],[-70.857294,42.587585],[-70.852749,42.584211],[-70.850674,42.583529],[-70.850027,42.582443],[-70.845985,42.579584],[-70.847478,42.578844],[-70.849266,42.576638],[-70.850554,42.575791],[-70.854248,42.57455],[-70.855334,42.574688],[-70.858582,42.573626],[-70.859985,42.573613],[-70.857664,42.571058],[-70.861673,42.566409],[-70.865861,42.564512],[-70.868181,42.562485],[-70.874347,42.560521],[-70.874506,42.560473],[-70.878017,42.564239],[-70.879193,42.563403],[-70.878448,42.569682],[-70.880744,42.574784],[-70.881239,42.575147],[-70.885021,42.575272],[-70.885394,42.570904],[-70.891261,42.570025],[-70.893207,42.571959],[-70.895179,42.574293],[-70.905517,42.572688],[-70.907514,42.572013],[-70.90845,42.571514],[-70.908332,42.572972],[-70.922263,42.591512]]","07/31/2016 - 08/28/2016, Every day, Daily Average",1942,1545,2440
"1116","Harborwalk, Waterfront, Boston","[[-71.062911,42.361229],[-71.061856,42.36243],[-71.058261,42.363697],[-71.057757,42.363616],[-71.056105,42.362402],[-71.05542,42.361957],[-71.054925,42.362046],[-71.053826,42.363303],[-71.052111,42.363676],[-71.051647,42.36311],[-71.0512,42.363712],[-71.05109,42.364175],[-71.046389,42.363935],[-71.045918,42.361164],[-71.0455,42.359825],[-71.045566,42.359733],[-71.049595,42.354497],[-71.05106,42.355131],[-71.050851,42.356671],[-71.052158,42.358666],[-71.053518,42.358356],[-71.055759,42.356913],[-71.05771,42.356777],[-71.058737,42.356988],[-71.05829,42.35741],[-71.06151,42.358336],[-71.062642,42.357977],[-71.062875,42.359483],[-71.062911,42.361229]]","645","0 Winthrop Avenue, Beverly","[[-70.911669,42.549648],[-70.908889,42.556715],[-70.908247,42.555829],[-70.902323,42.552138],[-70.900336,42.551657],[-70.895813,42.550565],[-70.897772,42.554149],[-70.896978,42.554885],[-70.891527,42.556265],[-70.892205,42.558304],[-70.889439,42.560099],[-70.888461,42.557873],[-70.88884,42.556676],[-70.888995,42.555198],[-70.88667,42.553005],[-70.886967,42.550612],[-70.888155,42.549696],[-70.889151,42.54625],[-70.890951,42.544284],[-70.894394,42.540696],[-70.898429,42.542907],[-70.902758,42.544828],[-70.909208,42.546248],[-70.908399,42.545558],[-70.912394,42.546695],[-70.911669,42.549648]]","07/31/2016 - 08/28/2016, Every day, Daily Average",1954,1626,2347
"1116","Harborwalk, Waterfront, Boston","[[-71.062911,42.361229],[-71.061856,42.36243],[-71.058261,42.363697],[-71.057757,42.363616],[-71.056105,42.362402],[-71.05542,42.361957],[-71.054925,42.362046],[-71.053826,42.363303],[-71.052111,42.363676],[-71.051647,42.36311],[-71.0512,42.363712],[-71.05109,42.364175],[-71.046389,42.363935],[-71.045918,42.361164],[-71.0455,42.359825],[-71.045566,42.359733],[-71.049595,42.354497],[-71.05106,42.355131],[-71.050851,42.356671],[-71.052158,42.358666],[-71.053518,42.358356],[-71.055759,42.356913],[-71.05771,42.356777],[-71.058737,42.356988],[-71.05829,42.35741],[-71.06151,42.358336],[-71.062642,42.357977],[-71.062875,42.359483],[-71.062911,42.361229]]","646","0 Butman Street, Beverly","[[-70.880313,42.557787],[-70.87797,42.559109],[-70.874506,42.560473],[-70.874347,42.560521],[-70.868181,42.562485],[-70.860225,42.558167],[-70.860371,42.55718],[-70.861229,42.552729],[-70.857644,42.548965],[-70.856554,42.546829],[-70.857576,42.546316],[-70.860893,42.544649],[-70.868065,42.548371],[-70.870342,42.547021],[-70.871382,42.546404],[-70.875195,42.544344],[-70.875863,42.54336],[-70.880176,42.545811],[-70.87849,42.548664],[-70.878234,42.548997],[-70.877865,42.549729],[-70.878741,42.55187],[-70.87876,42.552062],[-70.878209,42.55612],[-70.878622,42.557071],[-70.880313,42.557787]]","07/31/2016 - 08/28/2016, Every day, Daily Average",2390,1930,2959
"1116","Harborwalk, Waterfront, Boston","[[-71.062911,42.361229],[-71.061856,42.36243],[-71.058261,42.363697],[-71.057757,42.363616],[-71.056105,42.362402],[-71.05542,42.361957],[-71.054925,42.362046],[-71.053826,42.363303],[-71.052111,42.363676],[-71.051647,42.36311],[-71.0512,42.363712],[-71.05109,42.364175],[-71.046389,42.363935],[-71.045918,42.361164],[-71.0455,42.359825],[-71.045566,42.359733],[-71.049595,42.354497],[-71.05106,42.355131],[-71.050851,42.356671],[-71.052158,42.358666],[-71.053518,42.358356],[-71.055759,42.356913],[-71.05771,42.356777],[-71.058737,42.356988],[-71.05829,42.35741],[-71.06151,42.358336],[-71.062642,42.357977],[-71.062875,42.359483],[-71.062911,42.361229]]","651","0 Martin Street, Essex, Essex","[[-70.818629,42.624881],[-70.811851,42.625317],[-70.812379,42.635633],[-70.813076,42.640533],[-70.816945,42.641285],[-70.814464,42.64665],[-70.81603,42.647137],[-70.810249,42.649725],[-70.809919,42.650943],[-70.807794,42.652326],[-70.807479,42.654684],[-70.805624,42.654348],[-70.80346,42.655226],[-70.803305,42.656681],[-70.800874,42.657275],[-70.79982,42.656363],[-70.794211,42.655913],[-70.795937,42.657912],[-70.794198,42.658484],[-70.795555,42.659227],[-70.794311,42.659779],[-70.792502,42.658885],[-70.79066,42.659799],[-70.791241,42.660803],[-70.793549,42.660695],[-70.793601,42.663213],[-70.792735,42.661831],[-70.790086,42.661915],[-70.788637,42.663181],[-70.790922,42.663784],[-70.78937,42.665625],[-70.789103,42.667967],[-70.786831,42.667773],[-70.785042,42.668374],[-70.784151,42.670139],[-70.780984,42.671242],[-70.777395,42.67308],[-70.768914,42.673654],[-70.762691,42.675825],[-70.761497,42.675745],[-70.759507,42.674937],[-70.751536,42.670795],[-70.747324,42.667132],[-70.733821,42.651305],[-70.737358,42.646135],[-70.739571,42.642397],[-70.750395,42.628771],[-70.757461,42.620205],[-70.746611,42.60123],[-70.74565,42.599576],[-70.749195,42.599406],[-70.77345,42.598248],[-70.800797,42.595324],[-70.800889,42.602012],[-70.809456,42.607347],[-70.816112,42.618799],[-70.818587,42.621747],[-70.818629,42.624881]]","07/31/2016 - 08/28/2016, Every day, Daily Average",2518,2031,3121
"1116","Harborwalk, Waterfront, Boston","[[-71.062911,42.361229],[-71.061856,42.36243],[-71.058261,42.363697],[-71.057757,42.363616],[-71.056105,42.362402],[-71.05542,42.361957],[-71.054925,42.362046],[-71.053826,42.363303],[-71.052111,42.363676],[-71.051647,42.36311],[-71.0512,42.363712],[-71.05109,42.364175],[-71.046389,42.363935],[-71.045918,42.361164],[-71.0455,42.359825],[-71.045566,42.359733],[-71.049595,42.354497],[-71.05106,42.355131],[-71.050851,42.356671],[-71.052158,42.358666],[-71.053518,42.358356],[-71.055759,42.356913],[-71.05771,42.356777],[-71.058737,42.356988],[-71.05829,42.35741],[-71.06151,42.358336],[-71.062642,42.357977],[-71.062875,42.359483],[-71.062911,42.361229]]","655","0 Eastside Street, Lawrence","[[-71.153206,42.721214],[-71.152195,42.72192],[-71.147646,42.721791],[-71.141918,42.72164],[-71.137316,42.721516],[-71.134134,42.721507],[-71.135107,42.719776],[-71.133932,42.714975],[-71.133436,42.711638],[-71.134925,42.708712],[-71.136039,42.707586],[-71.13728,42.706733],[-71.137253,42.707197],[-71.145902,42.705491],[-71.148306,42.707239],[-71.148352,42.707338],[-71.149033,42.708233],[-71.151474,42.70916],[-71.147905,42.70901],[-71.147611,42.708881],[-71.147588,42.710648],[-71.150285,42.71375],[-71.152682,42.717337],[-71.153348,42.719427],[-71.153206,42.721214]]","07/31/2016 - 08/28/2016, Every day, Daily Average",2029,1535,2681
"1116","Harborwalk, Waterfront, Boston","[[-71.062911,42.361229],[-71.061856,42.36243],[-71.058261,42.363697],[-71.057757,42.363616],[-71.056105,42.362402],[-71.05542,42.361957],[-71.054925,42.362046],[-71.053826,42.363303],[-71.052111,42.363676],[-71.051647,42.36311],[-71.0512,42.363712],[-71.05109,42.364175],[-71.046389,42.363935],[-71.045918,42.361164],[-71.0455,42.359825],[-71.045566,42.359733],[-71.049595,42.354497],[-71.05106,42.355131],[-71.050851,42.356671],[-71.052158,42.358666],[-71.053518,42.358356],[-71.055759,42.356913],[-71.05771,42.356777],[-71.058737,42.356988],[-71.05829,42.35741],[-71.06151,42.358336],[-71.062642,42.357977],[-71.062875,42.359483],[-71.062911,42.361229]]","657","Chickering Road, Lawrence","[[-71.160292,42.694049],[-71.157369,42.694951],[-71.154412,42.695667],[-71.153403,42.695769],[-71.150733,42.696004],[-71.147547,42.696724],[-71.146444,42.699747],[-71.144857,42.698985],[-71.14577,42.698352],[-71.143395,42.697028],[-71.142544,42.694248],[-71.141371,42.694058],[-71.138039,42.692197],[-71.137955,42.689663],[-71.139595,42.690176],[-71.138664,42.687958],[-71.139809,42.687186],[-71.137948,42.68657],[-71.139277,42.684407],[-71.133686,42.679535],[-71.134529,42.676837],[-71.149994,42.681346],[-71.152474,42.684278],[-71.154132,42.686328],[-71.157587,42.690674],[-71.160292,42.694049]]","07/31/2016 - 08/28/2016, Every day, Daily Average",1925,1408,2631
"1116","Harborwalk, Waterfront, Boston","[[-71.062911,42.361229],[-71.061856,42.36243],[-71.058261,42.363697],[-71.057757,42.363616],[-71.056105,42.362402],[-71.05542,42.361957],[-71.054925,42.362046],[-71.053826,42.363303],[-71.052111,42.363676],[-71.051647,42.36311],[-71.0512,42.363712],[-71.05109,42.364175],[-71.046389,42.363935],[-71.045918,42.361164],[-71.0455,42.359825],[-71.045566,42.359733],[-71.049595,42.354497],[-71.05106,42.355131],[-71.050851,42.356671],[-71.052158,42.358666],[-71.053518,42.358356],[-71.055759,42.356913],[-71.05771,42.356777],[-71.058737,42.356988],[-71.05829,42.35741],[-71.06151,42.358336],[-71.062642,42.357977],[-71.062875,42.359483],[-71.062911,42.361229]]","659","Loop Connector, Methuen","[[-71.213639,42.744468],[-71.210133,42.74371],[-71.208302,42.743314],[-71.208227,42.743294],[-71.208137,42.743273],[-71.200405,42.741604],[-71.197751,42.741032],[-71.193802,42.74018],[-71.191649,42.734257],[-71.189949,42.734501],[-71.18738,42.733974],[-71.191361,42.732765],[-71.190821,42.731938],[-71.18605,42.733312],[-71.186307,42.731549],[-71.18396,42.729863],[-71.184265,42.729469],[-71.184312,42.727748],[-71.185145,42.725446],[-71.182896,42.722851],[-71.181782,42.72148],[-71.184469,42.718191],[-71.184351,42.717542],[-71.182505,42.715748],[-71.183199,42.715366],[-71.183676,42.715104],[-71.190924,42.71074],[-71.194205,42.709362],[-71.196885,42.712522],[-71.196711,42.714526],[-71.196861,42.715191],[-71.195778,42.718567],[-71.195747,42.719748],[-71.195776,42.720319],[-71.199155,42.721322],[-71.202642,42.720129],[-71.204685,42.720375],[-71.206521,42.721781],[-71.201282,42.725209],[-71.201794,42.727536],[-71.205407,42.728398],[-71.207717,42.728849],[-71.207976,42.732287],[-71.208601,42.733822],[-71.21101,42.735599],[-71.213753,42.740528],[-71.213639,42.744468]]","07/31/2016 - 08/28/2016, Every day, Daily Average",1863,1499,2315
"1116","Harborwalk, Waterfront, Boston","[[-71.062911,42.361229],[-71.061856,42.36243],[-71.058261,42.363697],[-71.057757,42.363616],[-71.056105,42.362402],[-71.05542,42.361957],[-71.054925,42.362046],[-71.053826,42.363303],[-71.052111,42.363676],[-71.051647,42.36311],[-71.0512,42.363712],[-71.05109,42.364175],[-71.046389,42.363935],[-71.045918,42.361164],[-71.0455,42.359825],[-71.045566,42.359733],[-71.049595,42.354497],[-71.05106,42.355131],[-71.050851,42.356671],[-71.052158,42.358666],[-71.053518,42.358356],[-71.055759,42.356913],[-71.05771,42.356777],[-71.058737,42.356988],[-71.05829,42.35741],[-71.06151,42.358336],[-71.062642,42.357977],[-71.062875,42.359483],[-71.062911,42.361229]]","665","0 Welgate Circle, Quincy","[[-71.032078,42.258349],[-71.031388,42.259212],[-71.034279,42.26124],[-71.033807,42.26107],[-71.03091,42.262],[-71.02785,42.26379],[-71.02726,42.26406],[-71.02621,42.26307],[-71.02405,42.26434],[-71.020319,42.266536],[-71.019402,42.265605],[-71.01753,42.263835],[-71.016342,42.262727],[-71.014845,42.261317],[-71.014227,42.260735],[-71.01801,42.25783],[-71.01768,42.25655],[-71.02063,42.25611],[-71.02534,42.25347],[-71.026075,42.253859],[-71.02876,42.25472],[-71.0312,42.25553],[-71.034969,42.256757],[-71.032078,42.258349]]","07/31/2016 - 08/28/2016, Every day, Daily Average",1275,881,1844
"1116","Harborwalk, Waterfront, Boston","[[-71.062911,42.361229],[-71.061856,42.36243],[-71.058261,42.363697],[-71.057757,42.363616],[-71.056105,42.362402],[-71.05542,42.361957],[-71.054925,42.362046],[-71.053826,42.363303],[-71.052111,42.363676],[-71.051647,42.36311],[-71.0512,42.363712],[-71.05109,42.364175],[-71.046389,42.363935],[-71.045918,42.361164],[-71.0455,42.359825],[-71.045566,42.359733],[-71.049595,42.354497],[-71.05106,42.355131],[-71.050851,42.356671],[-71.052158,42.358666],[-71.053518,42.358356],[-71.055759,42.356913],[-71.05771,42.356777],[-71.058737,42.356988],[-71.05829,42.35741],[-71.06151,42.358336],[-71.062642,42.357977],[-71.062875,42.359483],[-71.062911,42.361229]]","675","0 Dufton Court, North Andover","[[-71.138664,42.687958],[-71.139595,42.690176],[-71.137955,42.689663],[-71.138039,42.692197],[-71.136501,42.69252],[-71.135289,42.69223],[-71.132717,42.692768],[-71.13187,42.692743],[-71.124436,42.688953],[-71.121579,42.687674],[-71.112589,42.683993],[-71.110856,42.684911],[-71.110887,42.682587],[-71.113844,42.679788],[-71.116118,42.679295],[-71.116018,42.678836],[-71.115177,42.677045],[-71.114771,42.675788],[-71.113018,42.671601],[-71.113803,42.670046],[-71.114817,42.665206],[-71.118756,42.661023],[-71.126835,42.671815],[-71.127504,42.672689],[-71.128827,42.67445],[-71.134444,42.676813],[-71.134529,42.676837],[-71.133686,42.679535],[-71.139277,42.684407],[-71.137948,42.68657],[-71.139809,42.687186],[-71.138664,42.687958]]","07/31/2016 - 08/28/2016, Every day, Daily Average",1874,1523,2304
"1116","Harborwalk, Waterfront, Boston","[[-71.062911,42.361229],[-71.061856,42.36243],[-71.058261,42.363697],[-71.057757,42.363616],[-71.056105,42.362402],[-71.05542,42.361957],[-71.054925,42.362046],[-71.053826,42.363303],[-71.052111,42.363676],[-71.051647,42.36311],[-71.0512,42.363712],[-71.05109,42.364175],[-71.046389,42.363935],[-71.045918,42.361164],[-71.0455,42.359825],[-71.045566,42.359733],[-71.049595,42.354497],[-71.05106,42.355131],[-71.050851,42.356671],[-71.052158,42.358666],[-71.053518,42.358356],[-71.055759,42.356913],[-71.05771,42.356777],[-71.058737,42.356988],[-71.05829,42.35741],[-71.06151,42.358336],[-71.062642,42.357977],[-71.062875,42.359483],[-71.062911,42.361229]]","685","200 Landry Avenue, North Attleborough","[[-71.328979,41.994524],[-71.32754,41.998498],[-71.326879,41.999742],[-71.303574,42.008548],[-71.288263,42.014379],[-71.27514,41.996205],[-71.268739,41.9873],[-71.291074,41.971861],[-71.296414,41.968163],[-71.29606,41.969244],[-71.30412,41.96895],[-71.309073,41.969473],[-71.309323,41.96718],[-71.311013,41.967279],[-71.310881,41.969629],[-71.313468,41.969844],[-71.313102,41.970687],[-71.318448,41.971824],[-71.318724,41.974681],[-71.317451,41.976942],[-71.318085,41.978783],[-71.320536,41.979246],[-71.321679,41.98064],[-71.322011,41.981041],[-71.325198,41.986707],[-71.322004,41.987348],[-71.323005,41.990254],[-71.32696,41.994185],[-71.329007,41.993342],[-71.328979,41.994524]]","07/31/2016 - 08/28/2016, Every day, Daily Average",2380,1952,2900
"1116","Harborwalk, Waterfront, Boston","[[-71.062911,42.361229],[-71.061856,42.36243],[-71.058261,42.363697],[-71.057757,42.363616],[-71.056105,42.362402],[-71.05542,42.361957],[-71.054925,42.362046],[-71.053826,42.363303],[-71.052111,42.363676],[-71.051647,42.36311],[-71.0512,42.363712],[-71.05109,42.364175],[-71.046389,42.363935],[-71.045918,42.361164],[-71.0455,42.359825],[-71.045566,42.359733],[-71.049595,42.354497],[-71.05106,42.355131],[-71.050851,42.356671],[-71.052158,42.358666],[-71.053518,42.358356],[-71.055759,42.356913],[-71.05771,42.356777],[-71.058737,42.356988],[-71.05829,42.35741],[-71.06151,42.358336],[-71.062642,42.357977],[-71.062875,42.359483],[-71.062911,42.361229]]","687","0 Fenton Avenue, Attleboro","[[-71.3817,41.897062],[-71.3817,41.903351],[-71.3817,41.91466],[-71.3817,41.9148],[-71.37285,41.919718],[-71.35305,41.931029],[-71.352805,41.931168],[-71.352361,41.931421],[-71.351555,41.925701],[-71.350213,41.924049],[-71.351229,41.92274],[-71.350804,41.91952],[-71.352514,41.918684],[-71.352574,41.914833],[-71.351491,41.913743],[-71.352381,41.913175],[-71.351731,41.910793],[-71.352336,41.909222],[-71.351606,41.907476],[-71.348501,41.906613],[-71.34775,41.905216],[-71.344101,41.904293],[-71.343431,41.901099],[-71.342951,41.900579],[-71.341619,41.901187],[-71.340014,41.899984],[-71.339589,41.899298],[-71.339741,41.898272],[-71.345881,41.897527],[-71.349045,41.897143],[-71.352699,41.896699],[-71.354519,41.896517],[-71.354699,41.896499],[-71.362499,41.895599],[-71.364699,41.895399],[-71.365399,41.895299],[-71.365402,41.895299],[-71.370999,41.894599],[-71.371185,41.894586],[-71.373799,41.894399],[-71.376493,41.894014],[-71.376596,41.894],[-71.3766,41.893999],[-71.3817,41.893199],[-71.3817,41.897062]]","07/31/2016 - 08/28/2016, Every day, Daily Average",2815,2312,3426
"1116","Harborwalk, Waterfront, Boston","[[-71.062911,42.361229],[-71.061856,42.36243],[-71.058261,42.363697],[-71.057757,42.363616],[-71.056105,42.362402],[-71.05542,42.361957],[-71.054925,42.362046],[-71.053826,42.363303],[-71.052111,42.363676],[-71.051647,42.36311],[-71.0512,42.363712],[-71.05109,42.364175],[-71.046389,42.363935],[-71.045918,42.361164],[-71.0455,42.359825],[-71.045566,42.359733],[-71.049595,42.354497],[-71.05106,42.355131],[-71.050851,42.356671],[-71.052158,42.358666],[-71.053518,42.358356],[-71.055759,42.356913],[-71.05771,42.356777],[-71.058737,42.356988],[-71.05829,42.35741],[-71.06151,42.358336],[-71.062642,42.357977],[-71.062875,42.359483],[-71.062911,42.361229]]","692","600 Webster Street, Needham Heights, Needham","[[-71.25075,42.28829],[-71.25029,42.29136],[-71.24998,42.29181],[-71.24733,42.29391],[-71.24702,42.2943],[-71.243438,42.293493],[-71.241254,42.293423],[-71.236066,42.293181],[-71.23191,42.29307],[-71.23031,42.29389],[-71.22831,42.29543],[-71.22495,42.29641],[-71.22119,42.29478],[-71.21986,42.29475],[-71.218439,42.29289],[-71.21777,42.29204],[-71.21668,42.29116],[-71.21478,42.29033],[-71.21935,42.28862],[-71.21956,42.28756],[-71.22205,42.28685],[-71.22214,42.28622],[-71.22279,42.28551],[-71.22282,42.28496],[-71.22424,42.28342],[-71.22391,42.28248],[-71.22374,42.28039],[-71.22988,42.28029],[-71.237811,42.280238],[-71.237206,42.282827],[-71.24169,42.28343],[-71.24504,42.28656],[-71.24703,42.28745],[-71.250479,42.287867],[-71.25075,42.28829]]","07/31/2016 - 08/28/2016, Every day, Daily Average",1797,1398,2309
"1116","Harborwalk, Waterfront, Boston","[[-71.062911,42.361229],[-71.061856,42.36243],[-71.058261,42.363697],[-71.057757,42.363616],[-71.056105,42.362402],[-71.05542,42.361957],[-71.054925,42.362046],[-71.053826,42.363303],[-71.052111,42.363676],[-71.051647,42.36311],[-71.0512,42.363712],[-71.05109,42.364175],[-71.046389,42.363935],[-71.045918,42.361164],[-71.0455,42.359825],[-71.045566,42.359733],[-71.049595,42.354497],[-71.05106,42.355131],[-71.050851,42.356671],[-71.052158,42.358666],[-71.053518,42.358356],[-71.055759,42.356913],[-71.05771,42.356777],[-71.058737,42.356988],[-71.05829,42.35741],[-71.06151,42.358336],[-71.062642,42.357977],[-71.062875,42.359483],[-71.062911,42.361229]]","695","0 West Hollow, Andover","[[-71.181101,42.608682],[-71.177733,42.608988],[-71.176702,42.614253],[-71.172618,42.615203],[-71.171488,42.616384],[-71.167839,42.617091],[-71.166579,42.62035],[-71.164767,42.6207],[-71.162809,42.619134],[-71.160336,42.618365],[-71.159811,42.619377],[-71.157128,42.61961],[-71.159072,42.624071],[-71.158584,42.626547],[-71.157058,42.628665],[-71.158318,42.631554],[-71.156237,42.631708],[-71.158346,42.633193],[-71.156655,42.636641],[-71.156878,42.638069],[-71.152103,42.641062],[-71.153051,42.64181],[-71.150421,42.643722],[-71.151076,42.646168],[-71.150746,42.647526],[-71.146361,42.647699],[-71.144797,42.649476],[-71.144713,42.649003],[-71.143194,42.648245],[-71.139532,42.651694],[-71.137032,42.651329],[-71.135476,42.651909],[-71.129693,42.654214],[-71.129335,42.656648],[-71.12444,42.656742],[-71.120221,42.658402],[-71.121909,42.655226],[-71.128869,42.64933],[-71.12902,42.647874],[-71.131686,42.642948],[-71.131483,42.642367],[-71.127749,42.631562],[-71.126909,42.62776],[-71.12681,42.627284],[-71.125643,42.620645],[-71.124057,42.614777],[-71.12375,42.611288],[-71.124794,42.611499],[-71.125718,42.612327],[-71.1271,42.612601],[-71.128847,42.613243],[-71.129958,42.613827],[-71.131164,42.614149],[-71.13176,42.614706],[-71.131997,42.615908],[-71.131787,42.616279],[-71.134018,42.615841],[-71.136393,42.615776],[-71.137474,42.615303],[-71.139062,42.614965],[-71.144633,42.611491],[-71.145864,42.608522],[-71.148613,42.613249],[-71.154336,42.615277],[-71.155154,42.615232],[-71.156564,42.614977],[-71.158617,42.612948],[-71.159517,42.607659],[-71.160667,42.605318],[-71.163664,42.60213],[-71.165009,42.597955],[-71.180481,42.607709],[-71.181101,42.608682]]","07/31/2016 - 08/28/2016, Every day, Daily Average",1351,1041,1752
"1116","Harborwalk, Waterfront, Boston","[[-71.062911,42.361229],[-71.061856,42.36243],[-71.058261,42.363697],[-71.057757,42.363616],[-71.056105,42.362402],[-71.05542,42.361957],[-71.054925,42.362046],[-71.053826,42.363303],[-71.052111,42.363676],[-71.051647,42.36311],[-71.0512,42.363712],[-71.05109,42.364175],[-71.046389,42.363935],[-71.045918,42.361164],[-71.0455,42.359825],[-71.045566,42.359733],[-71.049595,42.354497],[-71.05106,42.355131],[-71.050851,42.356671],[-71.052158,42.358666],[-71.053518,42.358356],[-71.055759,42.356913],[-71.05771,42.356777],[-71.058737,42.356988],[-71.05829,42.35741],[-71.06151,42.358336],[-71.062642,42.357977],[-71.062875,42.359483],[-71.062911,42.361229]]","696","0 Lansbury Lane, Andover","[[-71.191539,42.666557],[-71.183679,42.671081],[-71.178959,42.673022],[-71.172135,42.675046],[-71.172209,42.674469],[-71.173873,42.671811],[-71.17401,42.671161],[-71.173879,42.668543],[-71.166479,42.660477],[-71.153346,42.659851],[-71.149996,42.65933],[-71.148196,42.6587],[-71.146885,42.657236],[-71.148374,42.655738],[-71.15079,42.652789],[-71.150746,42.647526],[-71.151076,42.646168],[-71.152564,42.646142],[-71.153159,42.6456],[-71.155471,42.646734],[-71.161068,42.644341],[-71.16473,42.646218],[-71.16752,42.649163],[-71.168379,42.650871],[-71.169908,42.650438],[-71.17124,42.651638],[-71.175814,42.650285],[-71.176897,42.651187],[-71.177508,42.650786],[-71.177189,42.650186],[-71.177406,42.648839],[-71.176995,42.648344],[-71.179524,42.6481],[-71.179954,42.65003],[-71.18215,42.649285],[-71.186206,42.646093],[-71.191121,42.656853],[-71.194533,42.664287],[-71.191539,42.666557]]","07/31/2016 - 08/28/2016, Every day, Daily Average",1544,1207,1974
"1116","Harborwalk, Waterfront, Boston","[[-71.062911,42.361229],[-71.061856,42.36243],[-71.058261,42.363697],[-71.057757,42.363616],[-71.056105,42.362402],[-71.05542,42.361957],[-71.054925,42.362046],[-71.053826,42.363303],[-71.052111,42.363676],[-71.051647,42.36311],[-71.0512,42.363712],[-71.05109,42.364175],[-71.046389,42.363935],[-71.045918,42.361164],[-71.0455,42.359825],[-71.045566,42.359733],[-71.049595,42.354497],[-71.05106,42.355131],[-71.050851,42.356671],[-71.052158,42.358666],[-71.053518,42.358356],[-71.055759,42.356913],[-71.05771,42.356777],[-71.058737,42.356988],[-71.05829,42.35741],[-71.06151,42.358336],[-71.062642,42.357977],[-71.062875,42.359483],[-71.062911,42.361229]]","697","0 Crestwood Drive, Andover","[[-71.18215,42.649285],[-71.179954,42.65003],[-71.179524,42.6481],[-71.176995,42.648344],[-71.177406,42.648839],[-71.177189,42.650186],[-71.177508,42.650786],[-71.176897,42.651187],[-71.175814,42.650285],[-71.17124,42.651638],[-71.169908,42.650438],[-71.168379,42.650871],[-71.16752,42.649163],[-71.16473,42.646218],[-71.161068,42.644341],[-71.155471,42.646734],[-71.153159,42.6456],[-71.152564,42.646142],[-71.151076,42.646168],[-71.150421,42.643722],[-71.153051,42.64181],[-71.152103,42.641062],[-71.156878,42.638069],[-71.156655,42.636641],[-71.158346,42.633193],[-71.156237,42.631708],[-71.158318,42.631554],[-71.157058,42.628665],[-71.158584,42.626547],[-71.159072,42.624071],[-71.157128,42.61961],[-71.159811,42.619377],[-71.160336,42.618365],[-71.162809,42.619134],[-71.164767,42.6207],[-71.166579,42.62035],[-71.167839,42.617091],[-71.171488,42.616384],[-71.172108,42.616751],[-71.175996,42.618621],[-71.176213,42.618724],[-71.17962,42.630253],[-71.18198,42.636816],[-71.186206,42.646093],[-71.18215,42.649285]]","07/31/2016 - 08/28/2016, Every day, Daily Average",1420,1103,1827
"1116","Harborwalk, Waterfront, Boston","[[-71.062911,42.361229],[-71.061856,42.36243],[-71.058261,42.363697],[-71.057757,42.363616],[-71.056105,42.362402],[-71.05542,42.361957],[-71.054925,42.362046],[-71.053826,42.363303],[-71.052111,42.363676],[-71.051647,42.36311],[-71.0512,42.363712],[-71.05109,42.364175],[-71.046389,42.363935],[-71.045918,42.361164],[-71.0455,42.359825],[-71.045566,42.359733],[-71.049595,42.354497],[-71.05106,42.355131],[-71.050851,42.356671],[-71.052158,42.358666],[-71.053518,42.358356],[-71.055759,42.356913],[-71.05771,42.356777],[-71.058737,42.356988],[-71.05829,42.35741],[-71.06151,42.358336],[-71.062642,42.357977],[-71.062875,42.359483],[-71.062911,42.361229]]","699","0 Kennedy Drive, Dedham","[[-71.17731,42.23978],[-71.17207,42.24654],[-71.171263,42.247595],[-71.171657,42.252904],[-71.171033,42.254966],[-71.166399,42.256172],[-71.164631,42.255126],[-71.161465,42.252613],[-71.161223,42.25045],[-71.159894,42.24887],[-71.16039,42.24808],[-71.160527,42.246706],[-71.157435,42.245974],[-71.155154,42.244864],[-71.15545,42.24442],[-71.155043,42.240925],[-71.153118,42.241227],[-71.15236,42.24128],[-71.15034,42.23956],[-71.14842,42.235443],[-71.153037,42.234955],[-71.156424,42.234065],[-71.158605,42.233264],[-71.162097,42.231898],[-71.176542,42.226153],[-71.182045,42.227584],[-71.17731,42.23978]]","07/31/2016 - 08/28/2016, Every day, Daily Average",1762,1370,2264
"1116","Harborwalk, Waterfront, Boston","[[-71.062911,42.361229],[-71.061856,42.36243],[-71.058261,42.363697],[-71.057757,42.363616],[-71.056105,42.362402],[-71.05542,42.361957],[-71.054925,42.362046],[-71.053826,42.363303],[-71.052111,42.363676],[-71.051647,42.36311],[-71.0512,42.363712],[-71.05109,42.364175],[-71.046389,42.363935],[-71.045918,42.361164],[-71.0455,42.359825],[-71.045566,42.359733],[-71.049595,42.354497],[-71.05106,42.355131],[-71.050851,42.356671],[-71.052158,42.358666],[-71.053518,42.358356],[-71.055759,42.356913],[-71.05771,42.356777],[-71.058737,42.356988],[-71.05829,42.35741],[-71.06151,42.358336],[-71.062642,42.357977],[-71.062875,42.359483],[-71.062911,42.361229]]","702","100 Stewart Street, West Newbury","[[-71.019595,42.790082],[-71.018708,42.791605],[-71.015575,42.794536],[-71.012312,42.796542],[-71.005525,42.799796],[-71.003435,42.801101],[-70.999834,42.80504],[-70.99875,42.806965],[-70.998771,42.808999],[-70.999714,42.810691],[-71.000844,42.812516],[-71.001349,42.814967],[-71.000741,42.81819],[-70.998188,42.820584],[-70.994868,42.821997],[-70.99101,42.822168],[-70.986608,42.823642],[-70.980704,42.824578],[-70.976483,42.824521],[-70.972471,42.823761],[-70.969191,42.8225],[-70.962415,42.820059],[-70.957867,42.819714],[-70.949954,42.820158],[-70.945041,42.82083],[-70.940294,42.822548],[-70.934492,42.816351],[-70.930663,42.814595],[-70.931236,42.81388],[-70.931246,42.811466],[-70.929869,42.808968],[-70.931603,42.806536],[-70.931692,42.805291],[-70.930809,42.802691],[-70.9205,42.79107],[-70.917423,42.787495],[-70.92625,42.781026],[-70.929259,42.7798],[-70.933611,42.778735],[-70.942417,42.774846],[-70.94655,42.771838],[-70.951699,42.768861],[-70.952696,42.768989],[-70.956828,42.767088],[-70.958291,42.765652],[-70.959624,42.766361],[-70.963363,42.765357],[-70.967169,42.758326],[-70.996485,42.771646],[-71.020402,42.78423],[-71.019595,42.790082]]","07/31/2016 - 08/28/2016, Every day, Daily Average",2611,2105,3238
"1116","Harborwalk, Waterfront, Boston","[[-71.062911,42.361229],[-71.061856,42.36243],[-71.058261,42.363697],[-71.057757,42.363616],[-71.056105,42.362402],[-71.05542,42.361957],[-71.054925,42.362046],[-71.053826,42.363303],[-71.052111,42.363676],[-71.051647,42.36311],[-71.0512,42.363712],[-71.05109,42.364175],[-71.046389,42.363935],[-71.045918,42.361164],[-71.0455,42.359825],[-71.045566,42.359733],[-71.049595,42.354497],[-71.05106,42.355131],[-71.050851,42.356671],[-71.052158,42.358666],[-71.053518,42.358356],[-71.055759,42.356913],[-71.05771,42.356777],[-71.058737,42.356988],[-71.05829,42.35741],[-71.06151,42.358336],[-71.062642,42.357977],[-71.062875,42.359483],[-71.062911,42.361229]]","704","0 Congress Street, Amesbury","[[-70.930568,42.884643],[-70.927629,42.885326],[-70.914899,42.886589],[-70.914886,42.886564],[-70.914521,42.886563],[-70.909376,42.872619],[-70.902629,42.854743],[-70.899832,42.847386],[-70.900041,42.846764],[-70.906821,42.847133],[-70.908421,42.848523],[-70.910224,42.849508],[-70.912112,42.850974],[-70.913222,42.851677],[-70.918081,42.853382],[-70.921477,42.854607],[-70.922102,42.856825],[-70.923626,42.858292],[-70.927419,42.859261],[-70.930085,42.857973],[-70.929497,42.859506],[-70.92942,42.861081],[-70.929328,42.862928],[-70.928738,42.870316],[-70.930568,42.884643]]","07/31/2016 - 08/28/2016, Every day, Daily Average",2751,2287,3307
"1116","Harborwalk, Waterfront, Boston","[[-71.062911,42.361229],[-71.061856,42.36243],[-71.058261,42.363697],[-71.057757,42.363616],[-71.056105,42.362402],[-71.05542,42.361957],[-71.054925,42.362046],[-71.053826,42.363303],[-71.052111,42.363676],[-71.051647,42.36311],[-71.0512,42.363712],[-71.05109,42.364175],[-71.046389,42.363935],[-71.045918,42.361164],[-71.0455,42.359825],[-71.045566,42.359733],[-71.049595,42.354497],[-71.05106,42.355131],[-71.050851,42.356671],[-71.052158,42.358666],[-71.053518,42.358356],[-71.055759,42.356913],[-71.05771,42.356777],[-71.058737,42.356988],[-71.05829,42.35741],[-71.06151,42.358336],[-71.062642,42.357977],[-71.062875,42.359483],[-71.062911,42.361229]]","707","100 Bellevue Road, Quincy","[[-71.021884,42.2913],[-71.02164,42.29252],[-71.02122,42.29432],[-71.02002,42.29572],[-71.01681,42.2973],[-71.01488,42.29991],[-71.01384,42.30092],[-71.010825,42.304064],[-71.010031,42.305262],[-71.008485,42.305793],[-71.007583,42.302926],[-71.000948,42.302483],[-70.99451,42.305035],[-70.99047,42.308023],[-70.986667,42.306265],[-70.987855,42.30398],[-70.995699,42.302222],[-71.004255,42.299234],[-71.003561,42.295276],[-71.008534,42.292026],[-71.011101,42.290731],[-71.013762,42.289389],[-71.020655,42.286575],[-71.020486,42.286369],[-71.02122,42.28628],[-71.023537,42.287406],[-71.021884,42.2913]]","07/31/2016 - 08/28/2016, Every day, Daily Average",1085,731,1609
"1116","Harborwalk, Waterfront, Boston","[[-71.062911,42.361229],[-71.061856,42.36243],[-71.058261,42.363697],[-71.057757,42.363616],[-71.056105,42.362402],[-71.05542,42.361957],[-71.054925,42.362046],[-71.053826,42.363303],[-71.052111,42.363676],[-71.051647,42.36311],[-71.0512,42.363712],[-71.05109,42.364175],[-71.046389,42.363935],[-71.045918,42.361164],[-71.0455,42.359825],[-71.045566,42.359733],[-71.049595,42.354497],[-71.05106,42.355131],[-71.050851,42.356671],[-71.052158,42.358666],[-71.053518,42.358356],[-71.055759,42.356913],[-71.05771,42.356777],[-71.058737,42.356988],[-71.05829,42.35741],[-71.06151,42.358336],[-71.062642,42.357977],[-71.062875,42.359483],[-71.062911,42.361229]]","708","300 Wethersfield Street, Rowley","[[-70.976411,42.694352],[-70.958882,42.70696],[-70.938268,42.726157],[-70.937841,42.726554],[-70.924125,42.735992],[-70.922321,42.735299],[-70.898748,42.742399],[-70.89706,42.743589],[-70.895823,42.747167],[-70.894715,42.747035],[-70.893882,42.745328],[-70.894552,42.744312],[-70.891598,42.74477],[-70.891372,42.745579],[-70.893251,42.747611],[-70.891172,42.748028],[-70.889762,42.747156],[-70.889063,42.747998],[-70.890426,42.74899],[-70.88905,42.749556],[-70.886035,42.748464],[-70.884991,42.74754],[-70.884434,42.748837],[-70.88281,42.749837],[-70.882248,42.751207],[-70.881168,42.751301],[-70.879702,42.747668],[-70.877384,42.748915],[-70.876121,42.74764],[-70.875506,42.748823],[-70.872732,42.75035],[-70.86959,42.748763],[-70.864814,42.748915],[-70.86113,42.749037],[-70.855363,42.750135],[-70.851016,42.753092],[-70.848463,42.752968],[-70.848176,42.751613],[-70.84655,42.749909],[-70.842615,42.750367],[-70.839986,42.75224],[-70.838315,42.750803],[-70.835228,42.752176],[-70.832884,42.75409],[-70.831111,42.753567],[-70.83096,42.75113],[-70.829638,42.750473],[-70.823676,42.751547],[-70.820256,42.750843],[-70.8095,42.750091],[-70.795024,42.753174],[-70.792867,42.747118],[-70.788187,42.738928],[-70.798273,42.733623],[-70.79782,42.731756],[-70.799627,42.729224],[-70.798317,42.728416],[-70.805651,42.727058],[-70.815248,42.722814],[-70.816503,42.7263],[-70.820409,42.730509],[-70.823536,42.73196],[-70.826259,42.732609],[-70.829523,42.732546],[-70.833392,42.731796],[-70.839138,42.731438],[-70.842486,42.729132],[-70.845631,42.728632],[-70.848921,42.725924],[-70.852273,42.726736],[-70.856655,42.724027],[-70.856506,42.722125],[-70.857769,42.722042],[-70.858958,42.721648],[-70.857869,42.719519],[-70.858337,42.71746],[-70.860555,42.715507],[-70.857676,42.713667],[-70.85892,42.712924],[-70.863415,42.712674],[-70.864665,42.710215],[-70.864406,42.709098],[-70.875483,42.712884],[-70.880868,42.706288],[-70.91425,42.693663],[-70.948594,42.680667],[-70.975389,42.693929],[-70.976411,42.694352]]","07/31/2016 - 08/28/2016, Every day, Daily Average",2247,1811,2787
"1116","Harborwalk, Waterfront, Boston","[[-71.062911,42.361229],[-71.061856,42.36243],[-71.058261,42.363697],[-71.057757,42.363616],[-71.056105,42.362402],[-71.05542,42.361957],[-71.054925,42.362046],[-71.053826,42.363303],[-71.052111,42.363676],[-71.051647,42.36311],[-71.0512,42.363712],[-71.05109,42.364175],[-71.046389,42.363935],[-71.045918,42.361164],[-71.0455,42.359825],[-71.045566,42.359733],[-71.049595,42.354497],[-71.05106,42.355131],[-71.050851,42.356671],[-71.052158,42.358666],[-71.053518,42.358356],[-71.055759,42.356913],[-71.05771,42.356777],[-71.058737,42.356988],[-71.05829,42.35741],[-71.06151,42.358336],[-71.062642,42.357977],[-71.062875,42.359483],[-71.062911,42.361229]]","709","0 Newbury Avenue, North Quincy, Quincy","[[-71.034593,42.282068],[-71.031284,42.284013],[-71.029884,42.285086],[-71.029038,42.28561],[-71.028345,42.285996],[-71.02674,42.28432],[-71.0247,42.28454],[-71.02403,42.28103],[-71.02496,42.28011],[-71.02375,42.27932],[-71.02271,42.27805],[-71.02082,42.27615],[-71.02543,42.27342],[-71.02396,42.27244],[-71.025226,42.2711],[-71.029146,42.274819],[-71.031513,42.27716],[-71.032466,42.279092],[-71.033126,42.280589],[-71.034593,42.282068]]","07/31/2016 - 08/28/2016, Every day, Daily Average",1019,688,1508
"1116","Harborwalk, Waterfront, Boston","[[-71.062911,42.361229],[-71.061856,42.36243],[-71.058261,42.363697],[-71.057757,42.363616],[-71.056105,42.362402],[-71.05542,42.361957],[-71.054925,42.362046],[-71.053826,42.363303],[-71.052111,42.363676],[-71.051647,42.36311],[-71.0512,42.363712],[-71.05109,42.364175],[-71.046389,42.363935],[-71.045918,42.361164],[-71.0455,42.359825],[-71.045566,42.359733],[-71.049595,42.354497],[-71.05106,42.355131],[-71.050851,42.356671],[-71.052158,42.358666],[-71.053518,42.358356],[-71.055759,42.356913],[-71.05771,42.356777],[-71.058737,42.356988],[-71.05829,42.35741],[-71.06151,42.358336],[-71.062642,42.357977],[-71.062875,42.359483],[-71.062911,42.361229]]","710","0 Beal Street, Hingham","[[-70.901815,42.282883],[-70.893972,42.281476],[-70.8915,42.280491],[-70.892516,42.27856],[-70.892916,42.277216],[-70.899676,42.279717],[-70.90443,42.280773],[-70.901815,42.282883]]","07/31/2016 - 08/28/2016, Every day, Daily Average",2104,1704,2596
"1116","Harborwalk, Waterfront, Boston","[[-71.062911,42.361229],[-71.061856,42.36243],[-71.058261,42.363697],[-71.057757,42.363616],[-71.056105,42.362402],[-71.05542,42.361957],[-71.054925,42.362046],[-71.053826,42.363303],[-71.052111,42.363676],[-71.051647,42.36311],[-71.0512,42.363712],[-71.05109,42.364175],[-71.046389,42.363935],[-71.045918,42.361164],[-71.0455,42.359825],[-71.045566,42.359733],[-71.049595,42.354497],[-71.05106,42.355131],[-71.050851,42.356671],[-71.052158,42.358666],[-71.053518,42.358356],[-71.055759,42.356913],[-71.05771,42.356777],[-71.058737,42.356988],[-71.05829,42.35741],[-71.06151,42.358336],[-71.062642,42.357977],[-71.062875,42.359483],[-71.062911,42.361229]]","711","0 Rock View Way, Rockland","[[-70.940828,42.151341],[-70.928462,42.156184],[-70.924877,42.15758],[-70.913749,42.16192],[-70.912889,42.162256],[-70.893516,42.169814],[-70.890291,42.171736],[-70.884311,42.153719],[-70.899977,42.151776],[-70.895724,42.137966],[-70.898403,42.137541],[-70.901102,42.136821],[-70.912222,42.132667],[-70.915734,42.131516],[-70.916028,42.131451],[-70.916718,42.133686],[-70.93189,42.129183],[-70.934629,42.128347],[-70.936378,42.134916],[-70.936537,42.135996],[-70.940595,42.151103],[-70.940828,42.151341]]","07/31/2016 - 08/28/2016, Every day, Daily Average",1623,1206,2183
"1116","Harborwalk, Waterfront, Boston","[[-71.062911,42.361229],[-71.061856,42.36243],[-71.058261,42.363697],[-71.057757,42.363616],[-71.056105,42.362402],[-71.05542,42.361957],[-71.054925,42.362046],[-71.053826,42.363303],[-71.052111,42.363676],[-71.051647,42.36311],[-71.0512,42.363712],[-71.05109,42.364175],[-71.046389,42.363935],[-71.045918,42.361164],[-71.0455,42.359825],[-71.045566,42.359733],[-71.049595,42.354497],[-71.05106,42.355131],[-71.050851,42.356671],[-71.052158,42.358666],[-71.053518,42.358356],[-71.055759,42.356913],[-71.05771,42.356777],[-71.058737,42.356988],[-71.05829,42.35741],[-71.06151,42.358336],[-71.062642,42.357977],[-71.062875,42.359483],[-71.062911,42.361229]]","713","0 Foster Street, Coolidge Corner South Side, Brookline","[[-71.123616,42.341364],[-71.123041,42.341498],[-71.12123,42.342],[-71.12106,42.3415],[-71.11753,42.34097],[-71.11298,42.340469],[-71.11255,42.34046],[-71.11116,42.34045],[-71.110637,42.34041],[-71.111456,42.335898],[-71.110894,42.335505],[-71.111488,42.334591],[-71.11169,42.33474],[-71.11372,42.33573],[-71.118251,42.33708],[-71.12052,42.33597],[-71.1212,42.33656],[-71.123427,42.336348],[-71.12508,42.33731],[-71.123616,42.341364]]","07/31/2016 - 08/28/2016, Every day, Daily Average",1111,784,1572
"1116","Harborwalk, Waterfront, Boston","[[-71.062911,42.361229],[-71.061856,42.36243],[-71.058261,42.363697],[-71.057757,42.363616],[-71.056105,42.362402],[-71.05542,42.361957],[-71.054925,42.362046],[-71.053826,42.363303],[-71.052111,42.363676],[-71.051647,42.36311],[-71.0512,42.363712],[-71.05109,42.364175],[-71.046389,42.363935],[-71.045918,42.361164],[-71.0455,42.359825],[-71.045566,42.359733],[-71.049595,42.354497],[-71.05106,42.355131],[-71.050851,42.356671],[-71.052158,42.358666],[-71.053518,42.358356],[-71.055759,42.356913],[-71.05771,42.356777],[-71.058737,42.356988],[-71.05829,42.35741],[-71.06151,42.358336],[-71.062642,42.357977],[-71.062875,42.359483],[-71.062911,42.361229]]","714","0 Bates Way, Hanover","[[-70.899977,42.151776],[-70.884311,42.153719],[-70.872941,42.155127],[-70.851562,42.157776],[-70.847243,42.158214],[-70.846968,42.156879],[-70.844655,42.154336],[-70.844842,42.15323],[-70.842847,42.152335],[-70.840187,42.14836],[-70.837988,42.147072],[-70.838604,42.145893],[-70.837385,42.144098],[-70.836388,42.141147],[-70.834579,42.138872],[-70.834539,42.135394],[-70.832165,42.133177],[-70.826202,42.131869],[-70.821019,42.132956],[-70.818709,42.132685],[-70.819329,42.132044],[-70.816406,42.131247],[-70.816109,42.130382],[-70.817889,42.129933],[-70.821647,42.127641],[-70.824244,42.126726],[-70.828378,42.126323],[-70.832322,42.129016],[-70.838745,42.132431],[-70.84036,42.133656],[-70.840013,42.132376],[-70.848554,42.131324],[-70.851636,42.131271],[-70.855381,42.132291],[-70.859011,42.132032],[-70.857246,42.12641],[-70.852155,42.121549],[-70.853533,42.117597],[-70.853291,42.114352],[-70.855419,42.114043],[-70.868167,42.115372],[-70.876815,42.11744],[-70.876893,42.113188],[-70.879062,42.112264],[-70.880629,42.114057],[-70.883955,42.114124],[-70.889127,42.112728],[-70.889466,42.11803],[-70.890029,42.119817],[-70.895724,42.137966],[-70.899977,42.151776]]","07/31/2016 - 08/28/2016, Every day, Daily Average",1775,1387,2271
"1116","Harborwalk, Waterfront, Boston","[[-71.062911,42.361229],[-71.061856,42.36243],[-71.058261,42.363697],[-71.057757,42.363616],[-71.056105,42.362402],[-71.05542,42.361957],[-71.054925,42.362046],[-71.053826,42.363303],[-71.052111,42.363676],[-71.051647,42.36311],[-71.0512,42.363712],[-71.05109,42.364175],[-71.046389,42.363935],[-71.045918,42.361164],[-71.0455,42.359825],[-71.045566,42.359733],[-71.049595,42.354497],[-71.05106,42.355131],[-71.050851,42.356671],[-71.052158,42.358666],[-71.053518,42.358356],[-71.055759,42.356913],[-71.05771,42.356777],[-71.058737,42.356988],[-71.05829,42.35741],[-71.06151,42.358336],[-71.062642,42.357977],[-71.062875,42.359483],[-71.062911,42.361229]]","715","700 Grove Street, Norwell","[[-70.887603,42.173335],[-70.870248,42.182471],[-70.861437,42.186353],[-70.852165,42.190462],[-70.838791,42.194807],[-70.813416,42.195344],[-70.813023,42.194444],[-70.805388,42.18992],[-70.802817,42.187855],[-70.801933,42.185229],[-70.798847,42.181895],[-70.796908,42.178074],[-70.798577,42.17748],[-70.800222,42.174849],[-70.80248,42.172623],[-70.800006,42.170681],[-70.79884,42.169132],[-70.79574,42.167043],[-70.793725,42.163919],[-70.793749,42.161759],[-70.798039,42.162148],[-70.801015,42.161698],[-70.805683,42.162304],[-70.807177,42.162057],[-70.810025,42.159737],[-70.813434,42.158093],[-70.816305,42.157216],[-70.821106,42.15759],[-70.82431,42.157284],[-70.828332,42.157995],[-70.832718,42.157772],[-70.839202,42.157914],[-70.844686,42.158265],[-70.847243,42.158214],[-70.851562,42.157776],[-70.872941,42.155127],[-70.884311,42.153719],[-70.890291,42.171736],[-70.887603,42.173335]]","07/31/2016 - 08/28/2016, Every day, Daily Average",1852,1364,2513
"1116","Harborwalk, Waterfront, Boston","[[-71.062911,42.361229],[-71.061856,42.36243],[-71.058261,42.363697],[-71.057757,42.363616],[-71.056105,42.362402],[-71.05542,42.361957],[-71.054925,42.362046],[-71.053826,42.363303],[-71.052111,42.363676],[-71.051647,42.36311],[-71.0512,42.363712],[-71.05109,42.364175],[-71.046389,42.363935],[-71.045918,42.361164],[-71.0455,42.359825],[-71.045566,42.359733],[-71.049595,42.354497],[-71.05106,42.355131],[-71.050851,42.356671],[-71.052158,42.358666],[-71.053518,42.358356],[-71.055759,42.356913],[-71.05771,42.356777],[-71.058737,42.356988],[-71.05829,42.35741],[-71.06151,42.358336],[-71.062642,42.357977],[-71.062875,42.359483],[-71.062911,42.361229]]","718","0 Otis Street, East Somerville, Somerville","[[-71.089502,42.388232],[-71.089331,42.38846],[-71.088079,42.389715],[-71.08597,42.388626],[-71.084185,42.387801],[-71.082343,42.387175],[-71.080808,42.386741],[-71.080356,42.3882],[-71.077508,42.385881],[-71.078695,42.384296],[-71.0795,42.383348],[-71.08062,42.38376],[-71.082681,42.384143],[-71.084212,42.384563],[-71.087838,42.385692],[-71.090477,42.38652],[-71.089502,42.388232]]","07/31/2016 - 08/28/2016, Every day, Daily Average",691,423,1126
"1116","Harborwalk, Waterfront, Boston","[[-71.062911,42.361229],[-71.061856,42.36243],[-71.058261,42.363697],[-71.057757,42.363616],[-71.056105,42.362402],[-71.05542,42.361957],[-71.054925,42.362046],[-71.053826,42.363303],[-71.052111,42.363676],[-71.051647,42.36311],[-71.0512,42.363712],[-71.05109,42.364175],[-71.046389,42.363935],[-71.045918,42.361164],[-71.0455,42.359825],[-71.045566,42.359733],[-71.049595,42.354497],[-71.05106,42.355131],[-71.050851,42.356671],[-71.052158,42.358666],[-71.053518,42.358356],[-71.055759,42.356913],[-71.05771,42.356777],[-71.058737,42.356988],[-71.05829,42.35741],[-71.06151,42.358336],[-71.062642,42.357977],[-71.062875,42.359483],[-71.062911,42.361229]]","720","Union Bridge Road, Duxbury","[[-70.771969,42.061764],[-70.756628,42.085968],[-70.750601,42.095578],[-70.730149,42.068157],[-70.728704,42.065746],[-70.726878,42.062213],[-70.725071,42.05551],[-70.723097,42.048009],[-70.722835,42.045703],[-70.72307,42.042134],[-70.725464,42.028473],[-70.72643,42.013957],[-70.726333,42.01187],[-70.727888,42.013588],[-70.728091,42.013828],[-70.73124,42.017707],[-70.749752,42.019818],[-70.769698,42.022098],[-70.768679,42.02567],[-70.766065,42.028499],[-70.765381,42.031315],[-70.76152,42.031428],[-70.759635,42.032988],[-70.759173,42.034237],[-70.760943,42.035525],[-70.761439,42.036964],[-70.764812,42.038009],[-70.764749,42.039658],[-70.768721,42.045132],[-70.781445,42.04678],[-70.771969,42.061764]]","07/31/2016 - 08/28/2016, Every day, Daily Average",2600,1885,3585
"1116","Harborwalk, Waterfront, Boston","[[-71.062911,42.361229],[-71.061856,42.36243],[-71.058261,42.363697],[-71.057757,42.363616],[-71.056105,42.362402],[-71.05542,42.361957],[-71.054925,42.362046],[-71.053826,42.363303],[-71.052111,42.363676],[-71.051647,42.36311],[-71.0512,42.363712],[-71.05109,42.364175],[-71.046389,42.363935],[-71.045918,42.361164],[-71.0455,42.359825],[-71.045566,42.359733],[-71.049595,42.354497],[-71.05106,42.355131],[-71.050851,42.356671],[-71.052158,42.358666],[-71.053518,42.358356],[-71.055759,42.356913],[-71.05771,42.356777],[-71.058737,42.356988],[-71.05829,42.35741],[-71.06151,42.358336],[-71.062642,42.357977],[-71.062875,42.359483],[-71.062911,42.361229]]","721","200 West Street, Duxbury","[[-70.749716,42.096977],[-70.73847,42.09117],[-70.698445,42.070503],[-70.698554,42.06937],[-70.697195,42.067215],[-70.696599,42.066913],[-70.695532,42.066497],[-70.690742,42.063051],[-70.682761,42.057469],[-70.669009,42.063481],[-70.652391,42.070753],[-70.648531,42.07234],[-70.647704,42.073003],[-70.64819,42.068441],[-70.645904,42.060357],[-70.643208,42.050821],[-70.63086,42.036045],[-70.620277,42.027087],[-70.610983,42.015737],[-70.608471,42.013591],[-70.615552,42.01352],[-70.617788,42.017507],[-70.644337,42.045895],[-70.650368,42.04622],[-70.650502,42.047202],[-70.651802,42.046642],[-70.660412,42.047332],[-70.667374,42.048619],[-70.671534,42.048249],[-70.67203,42.044536],[-70.671691,42.039389],[-70.68313,42.040531],[-70.688664,42.039379],[-70.6889,42.038336],[-70.690997,42.035342],[-70.69219,42.033854],[-70.695176,42.028618],[-70.696579,42.029858],[-70.696319,42.031999],[-70.696938,42.033003],[-70.701475,42.03448],[-70.703314,42.034111],[-70.705798,42.032302],[-70.70604,42.030982],[-70.709336,42.029519],[-70.710841,42.029741],[-70.712215,42.025451],[-70.715303,42.022892],[-70.715287,42.019688],[-70.71043,42.016935],[-70.711127,42.011827],[-70.712318,42.009763],[-70.712306,42.009216],[-70.712204,42.007586],[-70.711021,42.003201],[-70.72255,42.002849],[-70.72194,42.00321],[-70.724635,42.007411],[-70.724204,42.009427],[-70.726333,42.01187],[-70.72643,42.013957],[-70.725464,42.028473],[-70.72307,42.042134],[-70.722835,42.045703],[-70.723097,42.048009],[-70.725071,42.05551],[-70.726878,42.062213],[-70.728704,42.065746],[-70.730149,42.068157],[-70.750601,42.095578],[-70.749716,42.096977]]","07/31/2016 - 08/28/2016, Every day, Daily Average",2508,1803,3487
"1116","Harborwalk, Waterfront, Boston","[[-71.062911,42.361229],[-71.061856,42.36243],[-71.058261,42.363697],[-71.057757,42.363616],[-71.056105,42.362402],[-71.05542,42.361957],[-71.054925,42.362046],[-71.053826,42.363303],[-71.052111,42.363676],[-71.051647,42.36311],[-71.0512,42.363712],[-71.05109,42.364175],[-71.046389,42.363935],[-71.045918,42.361164],[-71.0455,42.359825],[-71.045566,42.359733],[-71.049595,42.354497],[-71.05106,42.355131],[-71.050851,42.356671],[-71.052158,42.358666],[-71.053518,42.358356],[-71.055759,42.356913],[-71.05771,42.356777],[-71.058737,42.356988],[-71.05829,42.35741],[-71.06151,42.358336],[-71.062642,42.357977],[-71.062875,42.359483],[-71.062911,42.361229]]","722","0 Pilgrim Road, North Pembroke, Pembroke","[[-70.845483,42.092314],[-70.842486,42.094801],[-70.839416,42.094625],[-70.836061,42.09696],[-70.831214,42.098702],[-70.823085,42.10053],[-70.821322,42.100609],[-70.818849,42.099247],[-70.814785,42.099001],[-70.811185,42.098101],[-70.810285,42.098801],[-70.810803,42.100187],[-70.811863,42.10404],[-70.808318,42.107172],[-70.806793,42.108434],[-70.803502,42.111706],[-70.800685,42.109701],[-70.798885,42.112301],[-70.792185,42.106201],[-70.789481,42.106804],[-70.792074,42.109108],[-70.790071,42.10881],[-70.790167,42.110713],[-70.788164,42.110315],[-70.788361,42.111617],[-70.783253,42.111922],[-70.782047,42.114626],[-70.782543,42.116529],[-70.778384,42.115917],[-70.776853,42.116976],[-70.775089,42.115333],[-70.777281,42.113406],[-70.773037,42.113221],[-70.766549,42.114028],[-70.765795,42.109881],[-70.764478,42.109792],[-70.759468,42.109598],[-70.760519,42.107292],[-70.762296,42.103373],[-70.762328,42.103314],[-70.755244,42.099757],[-70.749716,42.096977],[-70.750601,42.095578],[-70.756628,42.085968],[-70.771969,42.061764],[-70.773599,42.063733],[-70.780277,42.073277],[-70.781676,42.075502],[-70.782992,42.079432],[-70.784499,42.082201],[-70.786866,42.084983],[-70.790027,42.086991],[-70.79126,42.088264],[-70.791263,42.087515],[-70.794639,42.083257],[-70.796859,42.079697],[-70.800794,42.075224],[-70.80554,42.073166],[-70.809192,42.07244],[-70.811211,42.071766],[-70.819732,42.071526],[-70.820422,42.071648],[-70.822904,42.072475],[-70.826335,42.072262],[-70.83038,42.066167],[-70.830579,42.059899],[-70.835333,42.058853],[-70.836822,42.05929],[-70.841008,42.060407],[-70.838219,42.063885],[-70.842764,42.074282],[-70.843897,42.077185],[-70.842687,42.088671],[-70.845483,42.092314]]","07/31/2016 - 08/28/2016, Every day, Daily Average",2396,1702,3371
"1116","Harborwalk, Waterfront, Boston","[[-71.062911,42.361229],[-71.061856,42.36243],[-71.058261,42.363697],[-71.057757,42.363616],[-71.056105,42.362402],[-71.05542,42.361957],[-71.054925,42.362046],[-71.053826,42.363303],[-71.052111,42.363676],[-71.051647,42.36311],[-71.0512,42.363712],[-71.05109,42.364175],[-71.046389,42.363935],[-71.045918,42.361164],[-71.0455,42.359825],[-71.045566,42.359733],[-71.049595,42.354497],[-71.05106,42.355131],[-71.050851,42.356671],[-71.052158,42.358666],[-71.053518,42.358356],[-71.055759,42.356913],[-71.05771,42.356777],[-71.058737,42.356988],[-71.05829,42.35741],[-71.06151,42.358336],[-71.062642,42.357977],[-71.062875,42.359483],[-71.062911,42.361229]]","725","D W Field Parkway, Brockton","[[-71.057695,42.099399],[-71.057483,42.101201],[-71.057562,42.103313],[-71.057766,42.10457],[-71.044305,42.109878],[-71.041119,42.111156],[-71.039012,42.110047],[-71.036987,42.106916],[-71.036269,42.107071],[-71.035046,42.105512],[-71.03727,42.101003],[-71.035473,42.100864],[-71.034618,42.098245],[-71.032842,42.098001],[-71.028146,42.097749],[-71.027513,42.096215],[-71.026078,42.092729],[-71.025574,42.091504],[-71.028919,42.091103],[-71.031694,42.090712],[-71.033509,42.090291],[-71.034161,42.090162],[-71.03733,42.090149],[-71.039463,42.090111],[-71.046044,42.088905],[-71.046781,42.088729],[-71.048576,42.089592],[-71.059154,42.093977],[-71.057695,42.099399]]","07/31/2016 - 08/28/2016, Every day, Daily Average",2296,1582,3331
"1116","Harborwalk, Waterfront, Boston","[[-71.062911,42.361229],[-71.061856,42.36243],[-71.058261,42.363697],[-71.057757,42.363616],[-71.056105,42.362402],[-71.05542,42.361957],[-71.054925,42.362046],[-71.053826,42.363303],[-71.052111,42.363676],[-71.051647,42.36311],[-71.0512,42.363712],[-71.05109,42.364175],[-71.046389,42.363935],[-71.045918,42.361164],[-71.0455,42.359825],[-71.045566,42.359733],[-71.049595,42.354497],[-71.05106,42.355131],[-71.050851,42.356671],[-71.052158,42.358666],[-71.053518,42.358356],[-71.055759,42.356913],[-71.05771,42.356777],[-71.058737,42.356988],[-71.05829,42.35741],[-71.06151,42.358336],[-71.062642,42.357977],[-71.062875,42.359483],[-71.062911,42.361229]]","726","100 Candy Lane, Brockton","[[-71.075535,42.088721],[-71.071763,42.089563],[-71.064203,42.089236],[-71.060693,42.088364],[-71.055701,42.087522],[-71.052384,42.08791],[-71.047908,42.088464],[-71.046781,42.088729],[-71.046044,42.088905],[-71.046095,42.08627],[-71.045924,42.085819],[-71.045197,42.084107],[-71.044212,42.079579],[-71.043251,42.075384],[-71.042736,42.074456],[-71.042591,42.073167],[-71.044057,42.071831],[-71.045395,42.070681],[-71.049798,42.068066],[-71.050346,42.070774],[-71.05384,42.071132],[-71.054039,42.072478],[-71.062306,42.071126],[-71.074206,42.069116],[-71.078758,42.088274],[-71.075535,42.088721]]","07/31/2016 - 08/28/2016, Every day, Daily Average",1875,1438,2443
"1116","Harborwalk, Waterfront, Boston","[[-71.062911,42.361229],[-71.061856,42.36243],[-71.058261,42.363697],[-71.057757,42.363616],[-71.056105,42.362402],[-71.05542,42.361957],[-71.054925,42.362046],[-71.053826,42.363303],[-71.052111,42.363676],[-71.051647,42.36311],[-71.0512,42.363712],[-71.05109,42.364175],[-71.046389,42.363935],[-71.045918,42.361164],[-71.0455,42.359825],[-71.045566,42.359733],[-71.049595,42.354497],[-71.05106,42.355131],[-71.050851,42.356671],[-71.052158,42.358666],[-71.053518,42.358356],[-71.055759,42.356913],[-71.05771,42.356777],[-71.058737,42.356988],[-71.05829,42.35741],[-71.06151,42.358336],[-71.062642,42.357977],[-71.062875,42.359483],[-71.062911,42.361229]]","729","0 Broadmeadow Lane, Abington","[[-71.002354,42.127224],[-70.981293,42.135502],[-70.977437,42.137011],[-70.975509,42.135461],[-70.972459,42.136037],[-70.96822,42.131482],[-70.964878,42.130222],[-70.952305,42.129389],[-70.949991,42.129271],[-70.94935,42.12283],[-70.948758,42.114099],[-70.948753,42.110032],[-70.948749,42.105937],[-70.949809,42.105978],[-70.95054,42.105923],[-70.955058,42.104246],[-70.963038,42.102384],[-70.976741,42.100603],[-70.976312,42.102424],[-70.977766,42.104997],[-70.978536,42.108276],[-70.980194,42.108909],[-70.980603,42.110973],[-70.978531,42.113076],[-70.979117,42.114077],[-70.998594,42.111636],[-70.999741,42.116565],[-71.001162,42.122908],[-71.002029,42.126506],[-71.002354,42.127224]]","07/31/2016 - 08/28/2016, Every day, Daily Average",1855,1537,2238
"1116","Harborwalk, Waterfront, Boston","[[-71.062911,42.361229],[-71.061856,42.36243],[-71.058261,42.363697],[-71.057757,42.363616],[-71.056105,42.362402],[-71.05542,42.361957],[-71.054925,42.362046],[-71.053826,42.363303],[-71.052111,42.363676],[-71.051647,42.36311],[-71.0512,42.363712],[-71.05109,42.364175],[-71.046389,42.363935],[-71.045918,42.361164],[-71.0455,42.359825],[-71.045566,42.359733],[-71.049595,42.354497],[-71.05106,42.355131],[-71.050851,42.356671],[-71.052158,42.358666],[-71.053518,42.358356],[-71.055759,42.356913],[-71.05771,42.356777],[-71.058737,42.356988],[-71.05829,42.35741],[-71.06151,42.358336],[-71.062642,42.357977],[-71.062875,42.359483],[-71.062911,42.361229]]","738","0 Jennifer Circle, Plymouth","[[-70.634541,41.771241],[-70.632968,41.77358],[-70.630162,41.775629],[-70.630256,41.777103],[-70.628963,41.780374],[-70.630941,41.782431],[-70.630686,41.784045],[-70.63058,41.787032],[-70.627395,41.787342],[-70.626406,41.789331],[-70.618169,41.802765],[-70.616478,41.805439],[-70.631656,41.806322],[-70.632841,41.806263],[-70.63151,41.807634],[-70.631234,41.810203],[-70.630655,41.810859],[-70.631623,41.813315],[-70.631381,41.818265],[-70.630344,41.819196],[-70.629958,41.821569],[-70.62794,41.823476],[-70.626104,41.826429],[-70.621643,41.827893],[-70.619077,41.830122],[-70.617229,41.832311],[-70.616741,41.834661],[-70.594472,41.829791],[-70.589774,41.828555],[-70.589361,41.825675],[-70.587372,41.826759],[-70.586635,41.829804],[-70.585743,41.830441],[-70.582446,41.830683],[-70.58172,41.832158],[-70.582624,41.833601],[-70.58153,41.834733],[-70.578827,41.834853],[-70.577977,41.833642],[-70.575622,41.832303],[-70.573394,41.83216],[-70.571943,41.831314],[-70.568568,41.831196],[-70.566675,41.830712],[-70.565266,41.831202],[-70.561978,41.829947],[-70.561324,41.829738],[-70.55631,41.824564],[-70.552662,41.821329],[-70.552112,41.817785],[-70.551032,41.816153],[-70.548902,41.809983],[-70.545863,41.803433],[-70.547505,41.801944],[-70.560875,41.790594],[-70.565281,41.786705],[-70.568949,41.785658],[-70.581213,41.781693],[-70.603932,41.774264],[-70.624049,41.766213],[-70.626196,41.765544],[-70.632578,41.762821],[-70.632576,41.763301],[-70.634346,41.765948],[-70.636129,41.770219],[-70.634541,41.771241]]","07/31/2016 - 08/28/2016, Every day, Daily Average",3795,2959,4865
"1116","Harborwalk, Waterfront, Boston","[[-71.062911,42.361229],[-71.061856,42.36243],[-71.058261,42.363697],[-71.057757,42.363616],[-71.056105,42.362402],[-71.05542,42.361957],[-71.054925,42.362046],[-71.053826,42.363303],[-71.052111,42.363676],[-71.051647,42.36311],[-71.0512,42.363712],[-71.05109,42.364175],[-71.046389,42.363935],[-71.045918,42.361164],[-71.0455,42.359825],[-71.045566,42.359733],[-71.049595,42.354497],[-71.05106,42.355131],[-71.050851,42.356671],[-71.052158,42.358666],[-71.053518,42.358356],[-71.055759,42.356913],[-71.05771,42.356777],[-71.058737,42.356988],[-71.05829,42.35741],[-71.06151,42.358336],[-71.062642,42.357977],[-71.062875,42.359483],[-71.062911,42.361229]]","739","0 Tinson Road, Quincy","[[-71.028092,42.252817],[-71.02534,42.25347],[-71.02482,42.25327],[-71.02535,42.25166],[-71.02551,42.2502],[-71.01823,42.24752],[-71.0154,42.24559],[-71.01081,42.2444],[-71.01102,42.24313],[-71.01525,42.24243],[-71.02177,42.24301],[-71.02486,42.24453],[-71.03002,42.25051],[-71.028092,42.252817]]","07/31/2016 - 08/28/2016, Every day, Daily Average",1162,813,1659
"1116","Harborwalk, Waterfront, Boston","[[-71.062911,42.361229],[-71.061856,42.36243],[-71.058261,42.363697],[-71.057757,42.363616],[-71.056105,42.362402],[-71.05542,42.361957],[-71.054925,42.362046],[-71.053826,42.363303],[-71.052111,42.363676],[-71.051647,42.36311],[-71.0512,42.363712],[-71.05109,42.364175],[-71.046389,42.363935],[-71.045918,42.361164],[-71.0455,42.359825],[-71.045566,42.359733],[-71.049595,42.354497],[-71.05106,42.355131],[-71.050851,42.356671],[-71.052158,42.358666],[-71.053518,42.358356],[-71.055759,42.356913],[-71.05771,42.356777],[-71.058737,42.356988],[-71.05829,42.35741],[-71.06151,42.358336],[-71.062642,42.357977],[-71.062875,42.359483],[-71.062911,42.361229]]","740","0 Brierwood Road, Braintree","[[-71.044938,42.215384],[-71.034168,42.226661],[-71.033068,42.227813],[-71.031468,42.227938],[-71.01079,42.228668],[-71.008337,42.229669],[-71.007212,42.230133],[-71.006446,42.229408],[-71.004513,42.226344],[-71.001785,42.222025],[-71.000406,42.219675],[-71.000285,42.219319],[-71.000112,42.218133],[-71.000387,42.2156],[-71.000766,42.212774],[-71.001259,42.20878],[-71.002906,42.2083],[-71.004036,42.207777],[-71.00369,42.20896],[-71.00513,42.20904],[-71.00862,42.20892],[-71.011202,42.209515],[-71.012038,42.210118],[-71.012851,42.209231],[-71.01408,42.208625],[-71.01625,42.2102],[-71.01976,42.21202],[-71.01975,42.21101],[-71.024362,42.202104],[-71.024387,42.204388],[-71.025842,42.206591],[-71.02817,42.207491],[-71.03199,42.208247],[-71.032803,42.20749],[-71.036248,42.208872],[-71.042299,42.208168],[-71.044883,42.206583],[-71.044938,42.215384]]","07/31/2016 - 08/28/2016, Every day, Daily Average",1121,784,1601
"1116","Harborwalk, Waterfront, Boston","[[-71.062911,42.361229],[-71.061856,42.36243],[-71.058261,42.363697],[-71.057757,42.363616],[-71.056105,42.362402],[-71.05542,42.361957],[-71.054925,42.362046],[-71.053826,42.363303],[-71.052111,42.363676],[-71.051647,42.36311],[-71.0512,42.363712],[-71.05109,42.364175],[-71.046389,42.363935],[-71.045918,42.361164],[-71.0455,42.359825],[-71.045566,42.359733],[-71.049595,42.354497],[-71.05106,42.355131],[-71.050851,42.356671],[-71.052158,42.358666],[-71.053518,42.358356],[-71.055759,42.356913],[-71.05771,42.356777],[-71.058737,42.356988],[-71.05829,42.35741],[-71.06151,42.358336],[-71.062642,42.357977],[-71.062875,42.359483],[-71.062911,42.361229]]","741","300 North Street, North Weymouth, Weymouth","[[-70.968591,42.2404],[-70.967124,42.244256],[-70.965962,42.243991],[-70.96089,42.24267],[-70.95538,42.24269],[-70.94901,42.24317],[-70.94744,42.24351],[-70.94378,42.24388],[-70.94121,42.24412],[-70.94003,42.24443],[-70.933557,42.246457],[-70.931019,42.247041],[-70.93111,42.246393],[-70.933284,42.245899],[-70.933489,42.2394],[-70.93129,42.2387],[-70.930491,42.2361],[-70.936052,42.235852],[-70.93945,42.23396],[-70.94292,42.23112],[-70.94489,42.23173],[-70.9481,42.23396],[-70.949128,42.238443],[-70.94978,42.238238],[-70.950064,42.236324],[-70.95198,42.236174],[-70.953246,42.236807],[-70.956396,42.236351],[-70.958037,42.235927],[-70.960491,42.235099],[-70.967991,42.237999],[-70.968591,42.2404]]","07/31/2016 - 08/28/2016, Every day, Daily Average",1759,1383,2236
"1116","Harborwalk, Waterfront, Boston","[[-71.062911,42.361229],[-71.061856,42.36243],[-71.058261,42.363697],[-71.057757,42.363616],[-71.056105,42.362402],[-71.05542,42.361957],[-71.054925,42.362046],[-71.053826,42.363303],[-71.052111,42.363676],[-71.051647,42.36311],[-71.0512,42.363712],[-71.05109,42.364175],[-71.046389,42.363935],[-71.045918,42.361164],[-71.0455,42.359825],[-71.045566,42.359733],[-71.049595,42.354497],[-71.05106,42.355131],[-71.050851,42.356671],[-71.052158,42.358666],[-71.053518,42.358356],[-71.055759,42.356913],[-71.05771,42.356777],[-71.058737,42.356988],[-71.05829,42.35741],[-71.06151,42.358336],[-71.062642,42.357977],[-71.062875,42.359483],[-71.062911,42.361229]]","742","200 Sohier Street, Cohasset","[[-70.844664,42.242271],[-70.841152,42.243346],[-70.841241,42.244546],[-70.849301,42.247339],[-70.84823,42.248502],[-70.84884,42.252448],[-70.84729,42.254101],[-70.845698,42.258055],[-70.844708,42.259846],[-70.844614,42.260512],[-70.840627,42.260989],[-70.838644,42.263498],[-70.835023,42.264837],[-70.826423,42.264336],[-70.824661,42.265935],[-70.811742,42.262935],[-70.791382,42.254961],[-70.788724,42.25392],[-70.786778,42.250871],[-70.784402,42.248584],[-70.781462,42.248718],[-70.784821,42.246299],[-70.786725,42.24255],[-70.789041,42.24017],[-70.786617,42.239572],[-70.783354,42.240514],[-70.783941,42.237647],[-70.781973,42.236432],[-70.784117,42.234823],[-70.786771,42.234041],[-70.78868,42.232597],[-70.787883,42.2291],[-70.785523,42.229464],[-70.785557,42.226345],[-70.784814,42.225881],[-70.788937,42.225475],[-70.789102,42.222743],[-70.790849,42.221733],[-70.797096,42.218168],[-70.824979,42.201915],[-70.826933,42.200678],[-70.827048,42.200771],[-70.8408,42.213118],[-70.85338,42.239607],[-70.844664,42.242271]]","07/31/2016 - 08/28/2016, Every day, Daily Average",2783,2238,3460
"1116","Harborwalk, Waterfront, Boston","[[-71.062911,42.361229],[-71.061856,42.36243],[-71.058261,42.363697],[-71.057757,42.363616],[-71.056105,42.362402],[-71.05542,42.361957],[-71.054925,42.362046],[-71.053826,42.363303],[-71.052111,42.363676],[-71.051647,42.36311],[-71.0512,42.363712],[-71.05109,42.364175],[-71.046389,42.363935],[-71.045918,42.361164],[-71.0455,42.359825],[-71.045566,42.359733],[-71.049595,42.354497],[-71.05106,42.355131],[-71.050851,42.356671],[-71.052158,42.358666],[-71.053518,42.358356],[-71.055759,42.356913],[-71.05771,42.356777],[-71.058737,42.356988],[-71.05829,42.35741],[-71.06151,42.358336],[-71.062642,42.357977],[-71.062875,42.359483],[-71.062911,42.361229]]","746","100 Arthur Street, Framingham","[[-71.424032,42.289535],[-71.418845,42.290672],[-71.415558,42.289648],[-71.414749,42.288118],[-71.410154,42.287481],[-71.40939,42.288727],[-71.403585,42.291067],[-71.402125,42.291656],[-71.401712,42.289933],[-71.399631,42.281143],[-71.399714,42.281118],[-71.406225,42.279236],[-71.414969,42.277353],[-71.416799,42.276966],[-71.416744,42.279064],[-71.419466,42.282385],[-71.42437,42.288716],[-71.424032,42.289535]]","07/31/2016 - 08/28/2016, Every day, Daily Average",1982,1554,2526
"1116","Harborwalk, Waterfront, Boston","[[-71.062911,42.361229],[-71.061856,42.36243],[-71.058261,42.363697],[-71.057757,42.363616],[-71.056105,42.362402],[-71.05542,42.361957],[-71.054925,42.362046],[-71.053826,42.363303],[-71.052111,42.363676],[-71.051647,42.36311],[-71.0512,42.363712],[-71.05109,42.364175],[-71.046389,42.363935],[-71.045918,42.361164],[-71.0455,42.359825],[-71.045566,42.359733],[-71.049595,42.354497],[-71.05106,42.355131],[-71.050851,42.356671],[-71.052158,42.358666],[-71.053518,42.358356],[-71.055759,42.356913],[-71.05771,42.356777],[-71.058737,42.356988],[-71.05829,42.35741],[-71.06151,42.358336],[-71.062642,42.357977],[-71.062875,42.359483],[-71.062911,42.361229]]","747","0 Crestwood Drive, Framingham","[[-71.44666,42.308285],[-71.445383,42.310568],[-71.444675,42.311414],[-71.443579,42.311115],[-71.438817,42.311774],[-71.432774,42.306129],[-71.432947,42.304922],[-71.431262,42.305981],[-71.431711,42.308501],[-71.430489,42.310347],[-71.424004,42.311863],[-71.416875,42.312641],[-71.41666,42.312345],[-71.417017,42.311236],[-71.413437,42.309703],[-71.411811,42.309152],[-71.411244,42.309107],[-71.407485,42.309684],[-71.406304,42.309792],[-71.402023,42.311938],[-71.401804,42.309709],[-71.401007,42.307822],[-71.392114,42.312452],[-71.389988,42.311536],[-71.384986,42.310526],[-71.38352,42.308545],[-71.383191,42.307777],[-71.387817,42.301798],[-71.393325,42.298769],[-71.403615,42.29848],[-71.407992,42.298218],[-71.4089,42.29817],[-71.419375,42.297729],[-71.420542,42.297854],[-71.422351,42.298192],[-71.422508,42.298091],[-71.426841,42.298775],[-71.434352,42.300103],[-71.437158,42.300286],[-71.44322,42.301971],[-71.446086,42.303903],[-71.44666,42.308285]]","07/31/2016 - 08/28/2016, Every day, Daily Average",1790,1364,2348
"1116","Harborwalk, Waterfront, Boston","[[-71.062911,42.361229],[-71.061856,42.36243],[-71.058261,42.363697],[-71.057757,42.363616],[-71.056105,42.362402],[-71.05542,42.361957],[-71.054925,42.362046],[-71.053826,42.363303],[-71.052111,42.363676],[-71.051647,42.36311],[-71.0512,42.363712],[-71.05109,42.364175],[-71.046389,42.363935],[-71.045918,42.361164],[-71.0455,42.359825],[-71.045566,42.359733],[-71.049595,42.354497],[-71.05106,42.355131],[-71.050851,42.356671],[-71.052158,42.358666],[-71.053518,42.358356],[-71.055759,42.356913],[-71.05771,42.356777],[-71.058737,42.356988],[-71.05829,42.35741],[-71.06151,42.358336],[-71.062642,42.357977],[-71.062875,42.359483],[-71.062911,42.361229]]","748","0 Michael Road, Framingham","[[-71.426406,42.330659],[-71.422858,42.331318],[-71.41913,42.332733],[-71.418312,42.333701],[-71.417825,42.334688],[-71.417943,42.336164],[-71.415704,42.338146],[-71.410313,42.340097],[-71.415172,42.341414],[-71.416111,42.343055],[-71.415469,42.343684],[-71.402524,42.34177],[-71.396704,42.340883],[-71.394874,42.338654],[-71.394392,42.335663],[-71.389024,42.337569],[-71.388639,42.336419],[-71.381804,42.32852],[-71.384896,42.326978],[-71.386109,42.325961],[-71.387135,42.326055],[-71.390164,42.326219],[-71.390808,42.326237],[-71.392916,42.32578],[-71.395344,42.325166],[-71.395995,42.325043],[-71.396412,42.32508],[-71.397048,42.325373],[-71.397291,42.325412],[-71.398071,42.325526],[-71.399918,42.325209],[-71.400849,42.324965],[-71.405215,42.322996],[-71.407643,42.322455],[-71.411504,42.320139],[-71.41504,42.316207],[-71.415439,42.314538],[-71.415953,42.313044],[-71.41666,42.312345],[-71.416875,42.312641],[-71.418313,42.31285],[-71.420006,42.314325],[-71.420378,42.317225],[-71.422805,42.320654],[-71.416864,42.323673],[-71.414701,42.325821],[-71.417861,42.326713],[-71.423468,42.328755],[-71.426406,42.330659]]","07/31/2016 - 08/28/2016, Every day, Daily Average",1715,1301,2259
"1116","Harborwalk, Waterfront, Boston","[[-71.062911,42.361229],[-71.061856,42.36243],[-71.058261,42.363697],[-71.057757,42.363616],[-71.056105,42.362402],[-71.05542,42.361957],[-71.054925,42.362046],[-71.053826,42.363303],[-71.052111,42.363676],[-71.051647,42.36311],[-71.0512,42.363712],[-71.05109,42.364175],[-71.046389,42.363935],[-71.045918,42.361164],[-71.0455,42.359825],[-71.045566,42.359733],[-71.049595,42.354497],[-71.05106,42.355131],[-71.050851,42.356671],[-71.052158,42.358666],[-71.053518,42.358356],[-71.055759,42.356913],[-71.05771,42.356777],[-71.058737,42.356988],[-71.05829,42.35741],[-71.06151,42.358336],[-71.062642,42.357977],[-71.062875,42.359483],[-71.062911,42.361229]]","749","0 Fox Hill Road, Ashland","[[-71.522184,42.266444],[-71.519205,42.267544],[-71.515002,42.267704],[-71.513048,42.267148],[-71.510226,42.265234],[-71.50761,42.264026],[-71.506088,42.264423],[-71.505882,42.272938],[-71.499575,42.284992],[-71.499015,42.286062],[-71.497046,42.289829],[-71.491426,42.288162],[-71.460859,42.279096],[-71.445606,42.271095],[-71.444652,42.270551],[-71.448592,42.264458],[-71.450865,42.26206],[-71.452509,42.261128],[-71.45579,42.259956],[-71.460032,42.259652],[-71.464503,42.260011],[-71.464056,42.259539],[-71.467119,42.255688],[-71.467387,42.255253],[-71.471953,42.251243],[-71.476407,42.24575],[-71.486111,42.241332],[-71.486001,42.24696],[-71.522757,42.255207],[-71.522184,42.266444]]","07/31/2016 - 08/28/2016, Every day, Daily Average",2138,1566,2917
"1116","Harborwalk, Waterfront, Boston","[[-71.062911,42.361229],[-71.061856,42.36243],[-71.058261,42.363697],[-71.057757,42.363616],[-71.056105,42.362402],[-71.05542,42.361957],[-71.054925,42.362046],[-71.053826,42.363303],[-71.052111,42.363676],[-71.051647,42.36311],[-71.0512,42.363712],[-71.05109,42.364175],[-71.046389,42.363935],[-71.045918,42.361164],[-71.0455,42.359825],[-71.045566,42.359733],[-71.049595,42.354497],[-71.05106,42.355131],[-71.050851,42.356671],[-71.052158,42.358666],[-71.053518,42.358356],[-71.055759,42.356913],[-71.05771,42.356777],[-71.058737,42.356988],[-71.05829,42.35741],[-71.06151,42.358336],[-71.062642,42.357977],[-71.062875,42.359483],[-71.062911,42.361229]]","756","0 Taunton Street, Ward Two, Somerville","[[-71.107272,42.378087],[-71.102797,42.379153],[-71.101428,42.379403],[-71.101078,42.37944],[-71.098763,42.379382],[-71.096387,42.379635],[-71.095868,42.377872],[-71.095589,42.376972],[-71.097416,42.374428],[-71.099477,42.374386],[-71.10157,42.374334],[-71.103172,42.374297],[-71.105427,42.376332],[-71.105943,42.376819],[-71.107272,42.378087]]","07/31/2016 - 08/28/2016, Every day, Daily Average",926,647,1325
"1116","Harborwalk, Waterfront, Boston","[[-71.062911,42.361229],[-71.061856,42.36243],[-71.058261,42.363697],[-71.057757,42.363616],[-71.056105,42.362402],[-71.05542,42.361957],[-71.054925,42.362046],[-71.053826,42.363303],[-71.052111,42.363676],[-71.051647,42.36311],[-71.0512,42.363712],[-71.05109,42.364175],[-71.046389,42.363935],[-71.045918,42.361164],[-71.0455,42.359825],[-71.045566,42.359733],[-71.049595,42.354497],[-71.05106,42.355131],[-71.050851,42.356671],[-71.052158,42.358666],[-71.053518,42.358356],[-71.055759,42.356913],[-71.05771,42.356777],[-71.058737,42.356988],[-71.05829,42.35741],[-71.06151,42.358336],[-71.062642,42.357977],[-71.062875,42.359483],[-71.062911,42.361229]]","757","100 Portland Street, The Port, Cambridge","[[-71.096275,42.364881],[-71.095419,42.367111],[-71.094785,42.368766],[-71.0938,42.367955],[-71.092134,42.368116],[-71.089181,42.367065],[-71.089532,42.36565],[-71.086769,42.364591],[-71.083775,42.363461],[-71.081159,42.362825],[-71.078822,42.362627],[-71.078265,42.361672],[-71.082484,42.361972],[-71.083393,42.362049],[-71.084969,42.362354],[-71.090021,42.362691],[-71.090785,42.362746],[-71.09674,42.363204],[-71.096275,42.364881]]","07/31/2016 - 08/28/2016, Every day, Daily Average",807,523,1244
"1116","Harborwalk, Waterfront, Boston","[[-71.062911,42.361229],[-71.061856,42.36243],[-71.058261,42.363697],[-71.057757,42.363616],[-71.056105,42.362402],[-71.05542,42.361957],[-71.054925,42.362046],[-71.053826,42.363303],[-71.052111,42.363676],[-71.051647,42.36311],[-71.0512,42.363712],[-71.05109,42.364175],[-71.046389,42.363935],[-71.045918,42.361164],[-71.0455,42.359825],[-71.045566,42.359733],[-71.049595,42.354497],[-71.05106,42.355131],[-71.050851,42.356671],[-71.052158,42.358666],[-71.053518,42.358356],[-71.055759,42.356913],[-71.05771,42.356777],[-71.058737,42.356988],[-71.05829,42.35741],[-71.06151,42.358336],[-71.062642,42.357977],[-71.062875,42.359483],[-71.062911,42.361229]]","758","0 Antrim Street, Mid-Cambridge, Cambridge","[[-71.107947,42.372056],[-71.106121,42.37441],[-71.105427,42.376332],[-71.103172,42.374297],[-71.10157,42.374334],[-71.100834,42.373748],[-71.098106,42.373385],[-71.098979,42.37219],[-71.099925,42.370873],[-71.10101,42.369317],[-71.103717,42.370389],[-71.104793,42.370817],[-71.105738,42.37119],[-71.106831,42.371614],[-71.107947,42.372056]]","07/31/2016 - 08/28/2016, Every day, Daily Average",1016,720,1432
"1116","Harborwalk, Waterfront, Boston","[[-71.062911,42.361229],[-71.061856,42.36243],[-71.058261,42.363697],[-71.057757,42.363616],[-71.056105,42.362402],[-71.05542,42.361957],[-71.054925,42.362046],[-71.053826,42.363303],[-71.052111,42.363676],[-71.051647,42.36311],[-71.0512,42.363712],[-71.05109,42.364175],[-71.046389,42.363935],[-71.045918,42.361164],[-71.0455,42.359825],[-71.045566,42.359733],[-71.049595,42.354497],[-71.05106,42.355131],[-71.050851,42.356671],[-71.052158,42.358666],[-71.053518,42.358356],[-71.055759,42.356913],[-71.05771,42.356777],[-71.058737,42.356988],[-71.05829,42.35741],[-71.06151,42.358336],[-71.062642,42.357977],[-71.062875,42.359483],[-71.062911,42.361229]]","759","0 Vail Court, Mid-Cambridge, Cambridge","[[-71.107714,42.367853],[-71.105859,42.36975],[-71.104793,42.370817],[-71.103717,42.370389],[-71.10101,42.369317],[-71.100538,42.36913],[-71.099962,42.368903],[-71.099001,42.36852],[-71.100719,42.366029],[-71.101438,42.36503],[-71.102033,42.364432],[-71.102583,42.364734],[-71.103733,42.36364],[-71.104306,42.363136],[-71.105702,42.363979],[-71.106679,42.364557],[-71.104994,42.365253],[-71.107281,42.366627],[-71.106632,42.367182],[-71.107714,42.367853]]","07/31/2016 - 08/28/2016, Every day, Daily Average",1028,729,1447
"1116","Harborwalk, Waterfront, Boston","[[-71.062911,42.361229],[-71.061856,42.36243],[-71.058261,42.363697],[-71.057757,42.363616],[-71.056105,42.362402],[-71.05542,42.361957],[-71.054925,42.362046],[-71.053826,42.363303],[-71.052111,42.363676],[-71.051647,42.36311],[-71.0512,42.363712],[-71.05109,42.364175],[-71.046389,42.363935],[-71.045918,42.361164],[-71.0455,42.359825],[-71.045566,42.359733],[-71.049595,42.354497],[-71.05106,42.355131],[-71.050851,42.356671],[-71.052158,42.358666],[-71.053518,42.358356],[-71.055759,42.356913],[-71.05771,42.356777],[-71.058737,42.356988],[-71.05829,42.35741],[-71.06151,42.358336],[-71.062642,42.357977],[-71.062875,42.359483],[-71.062911,42.361229]]","760","Fairchild Building, MIT, Cambridge","[[-71.110387,42.352564],[-71.108437,42.353964],[-71.105203,42.355611],[-71.09934,42.35856],[-71.095412,42.360501],[-71.090785,42.362746],[-71.090021,42.362691],[-71.084969,42.362354],[-71.083393,42.362049],[-71.082484,42.361972],[-71.078265,42.361672],[-71.075851,42.361472],[-71.077095,42.358697],[-71.091184,42.354233],[-71.094042,42.35371],[-71.099196,42.352797],[-71.103017,42.352638],[-71.108798,42.352397],[-71.110387,42.352564]]","07/31/2016 - 08/28/2016, Every day, Daily Average",723,453,1153
"1116","Harborwalk, Waterfront, Boston","[[-71.062911,42.361229],[-71.061856,42.36243],[-71.058261,42.363697],[-71.057757,42.363616],[-71.056105,42.362402],[-71.05542,42.361957],[-71.054925,42.362046],[-71.053826,42.363303],[-71.052111,42.363676],[-71.051647,42.36311],[-71.0512,42.363712],[-71.05109,42.364175],[-71.046389,42.363935],[-71.045918,42.361164],[-71.0455,42.359825],[-71.045566,42.359733],[-71.049595,42.354497],[-71.05106,42.355131],[-71.050851,42.356671],[-71.052158,42.358666],[-71.053518,42.358356],[-71.055759,42.356913],[-71.05771,42.356777],[-71.058737,42.356988],[-71.05829,42.35741],[-71.06151,42.358336],[-71.062642,42.357977],[-71.062875,42.359483],[-71.062911,42.361229]]","761","0 Oxford Street, Agassiz, Cambridge","[[-71.119983,42.379983],[-71.119798,42.381746],[-71.119739,42.382222],[-71.119569,42.383786],[-71.119464,42.38483],[-71.119405,42.385377],[-71.115584,42.385158],[-71.114714,42.384385],[-71.112939,42.38285],[-71.111656,42.381749],[-71.110643,42.38164],[-71.109649,42.380833],[-71.107855,42.379374],[-71.107272,42.378087],[-71.10813,42.377898],[-71.112358,42.377006],[-71.113293,42.376801],[-71.114293,42.375471],[-71.119617,42.376249],[-71.12019,42.377701],[-71.119983,42.379983]]","07/31/2016 - 08/28/2016, Every day, Daily Average",1171,845,1622
"1116","Harborwalk, Waterfront, Boston","[[-71.062911,42.361229],[-71.061856,42.36243],[-71.058261,42.363697],[-71.057757,42.363616],[-71.056105,42.362402],[-71.05542,42.361957],[-71.054925,42.362046],[-71.053826,42.363303],[-71.052111,42.363676],[-71.051647,42.36311],[-71.0512,42.363712],[-71.05109,42.364175],[-71.046389,42.363935],[-71.045918,42.361164],[-71.0455,42.359825],[-71.045566,42.359733],[-71.049595,42.354497],[-71.05106,42.355131],[-71.050851,42.356671],[-71.052158,42.358666],[-71.053518,42.358356],[-71.055759,42.356913],[-71.05771,42.356777],[-71.058737,42.356988],[-71.05829,42.35741],[-71.06151,42.358336],[-71.062642,42.357977],[-71.062875,42.359483],[-71.062911,42.361229]]","762","0 Dana Place, Mid-Cambridge, Cambridge","[[-71.113353,42.371245],[-71.112446,42.373839],[-71.109725,42.372772],[-71.108615,42.372318],[-71.107947,42.372056],[-71.106831,42.371614],[-71.105738,42.37119],[-71.104793,42.370817],[-71.105859,42.36975],[-71.107714,42.367853],[-71.106632,42.367182],[-71.107281,42.366627],[-71.109438,42.367779],[-71.110746,42.368306],[-71.113448,42.369285],[-71.113348,42.370098],[-71.112607,42.369837],[-71.113905,42.370836],[-71.113353,42.371245]]","07/31/2016 - 08/28/2016, Every day, Daily Average",1137,829,1558
"1116","Harborwalk, Waterfront, Boston","[[-71.062911,42.361229],[-71.061856,42.36243],[-71.058261,42.363697],[-71.057757,42.363616],[-71.056105,42.362402],[-71.05542,42.361957],[-71.054925,42.362046],[-71.053826,42.363303],[-71.052111,42.363676],[-71.051647,42.36311],[-71.0512,42.363712],[-71.05109,42.364175],[-71.046389,42.363935],[-71.045918,42.361164],[-71.0455,42.359825],[-71.045566,42.359733],[-71.049595,42.354497],[-71.05106,42.355131],[-71.050851,42.356671],[-71.052158,42.358666],[-71.053518,42.358356],[-71.055759,42.356913],[-71.05771,42.356777],[-71.058737,42.356988],[-71.05829,42.35741],[-71.06151,42.358336],[-71.062642,42.357977],[-71.062875,42.359483],[-71.062911,42.361229]]","763","100 Brattle Street, West Cambridge, Cambridge","[[-71.130579,42.374705],[-71.130145,42.377841],[-71.129855,42.377805],[-71.129639,42.380842],[-71.128855,42.381133],[-71.127503,42.380407],[-71.126117,42.38138],[-71.124186,42.378966],[-71.123718,42.378337],[-71.122151,42.376534],[-71.123323,42.37554],[-71.120387,42.373291],[-71.119483,42.373458],[-71.120151,42.372577],[-71.122454,42.369816],[-71.123168,42.36898],[-71.128338,42.373424],[-71.130997,42.373796],[-71.130579,42.374705]]","07/31/2016 - 08/28/2016, Every day, Daily Average",1048,720,1524
"1116","Harborwalk, Waterfront, Boston","[[-71.062911,42.361229],[-71.061856,42.36243],[-71.058261,42.363697],[-71.057757,42.363616],[-71.056105,42.362402],[-71.05542,42.361957],[-71.054925,42.362046],[-71.053826,42.363303],[-71.052111,42.363676],[-71.051647,42.36311],[-71.0512,42.363712],[-71.05109,42.364175],[-71.046389,42.363935],[-71.045918,42.361164],[-71.0455,42.359825],[-71.045566,42.359733],[-71.049595,42.354497],[-71.05106,42.355131],[-71.050851,42.356671],[-71.052158,42.358666],[-71.053518,42.358356],[-71.055759,42.356913],[-71.05771,42.356777],[-71.058737,42.356988],[-71.05829,42.35741],[-71.06151,42.358336],[-71.062642,42.357977],[-71.062875,42.359483],[-71.062911,42.361229]]","764","600 Huron Avenue, Strawberry Hill, Cambridge","[[-71.157984,42.387043],[-71.157255,42.390948],[-71.148087,42.389628],[-71.144134,42.38868],[-71.143683,42.38825],[-71.14164,42.387051],[-71.141637,42.38719],[-71.141095,42.386266],[-71.141274,42.384526],[-71.140007,42.380935],[-71.144042,42.380141],[-71.146371,42.37892],[-71.146945,42.37877],[-71.145695,42.375217],[-71.145937,42.375195],[-71.149864,42.374451],[-71.150378,42.374613],[-71.15382,42.375028],[-71.154468,42.375068],[-71.15625,42.380646],[-71.15542,42.38151],[-71.156566,42.381776],[-71.157792,42.382211],[-71.157971,42.382805],[-71.160332,42.386444],[-71.157984,42.387043]]","07/31/2016 - 08/28/2016, Every day, Daily Average",1116,812,1533
"1116","Harborwalk, Waterfront, Boston","[[-71.062911,42.361229],[-71.061856,42.36243],[-71.058261,42.363697],[-71.057757,42.363616],[-71.056105,42.362402],[-71.05542,42.361957],[-71.054925,42.362046],[-71.053826,42.363303],[-71.052111,42.363676],[-71.051647,42.36311],[-71.0512,42.363712],[-71.05109,42.364175],[-71.046389,42.363935],[-71.045918,42.361164],[-71.0455,42.359825],[-71.045566,42.359733],[-71.049595,42.354497],[-71.05106,42.355131],[-71.050851,42.356671],[-71.052158,42.358666],[-71.053518,42.358356],[-71.055759,42.356913],[-71.05771,42.356777],[-71.058737,42.356988],[-71.05829,42.35741],[-71.06151,42.358336],[-71.062642,42.357977],[-71.062875,42.359483],[-71.062911,42.361229]]","765","400 Westfield Street, Dedham","[[-71.229173,42.264148],[-71.225656,42.264133],[-71.223758,42.2629],[-71.219739,42.263622],[-71.218125,42.267703],[-71.218025,42.268694],[-71.211174,42.267298],[-71.208394,42.267844],[-71.20317,42.267332],[-71.200007,42.267726],[-71.197011,42.268965],[-71.195555,42.269765],[-71.190831,42.270802],[-71.189683,42.270714],[-71.189851,42.268339],[-71.19128,42.268176],[-71.189381,42.266784],[-71.189555,42.265129],[-71.190859,42.266318],[-71.191356,42.26564],[-71.189822,42.26281],[-71.191452,42.263001],[-71.192981,42.261448],[-71.191776,42.260344],[-71.191934,42.259095],[-71.190765,42.259429],[-71.190429,42.2608],[-71.189007,42.260853],[-71.188149,42.259903],[-71.190057,42.257724],[-71.188095,42.256776],[-71.18561,42.257577],[-71.18409,42.257109],[-71.183263,42.25458],[-71.181272,42.254489],[-71.179822,42.252576],[-71.178185,42.251486],[-71.176277,42.25259],[-71.172665,42.25291],[-71.171657,42.252904],[-71.171263,42.247595],[-71.17207,42.24654],[-71.17731,42.23978],[-71.182045,42.227584],[-71.186071,42.22863],[-71.205571,42.242961],[-71.207798,42.244398],[-71.231739,42.259283],[-71.229173,42.264148]]","07/31/2016 - 08/28/2016, Every day, Daily Average",1958,1455,2634
"1116","Harborwalk, Waterfront, Boston","[[-71.062911,42.361229],[-71.061856,42.36243],[-71.058261,42.363697],[-71.057757,42.363616],[-71.056105,42.362402],[-71.05542,42.361957],[-71.054925,42.362046],[-71.053826,42.363303],[-71.052111,42.363676],[-71.051647,42.36311],[-71.0512,42.363712],[-71.05109,42.364175],[-71.046389,42.363935],[-71.045918,42.361164],[-71.0455,42.359825],[-71.045566,42.359733],[-71.049595,42.354497],[-71.05106,42.355131],[-71.050851,42.356671],[-71.052158,42.358666],[-71.053518,42.358356],[-71.055759,42.356913],[-71.05771,42.356777],[-71.058737,42.356988],[-71.05829,42.35741],[-71.06151,42.358336],[-71.062642,42.357977],[-71.062875,42.359483],[-71.062911,42.361229]]","766","0 Gatewood Drive, Needham","[[-71.271471,42.259016],[-71.27018,42.26107],[-71.27032,42.26289],[-71.26862,42.26525],[-71.265723,42.272175],[-71.261213,42.275003],[-71.25558,42.27621],[-71.2532,42.27584],[-71.24965,42.27569],[-71.24876,42.27379],[-71.24644,42.27175],[-71.242819,42.269581],[-71.241437,42.270942],[-71.23963,42.273277],[-71.237811,42.280238],[-71.22988,42.28029],[-71.23032,42.27777],[-71.22846,42.27759],[-71.22974,42.27574],[-71.22582,42.27292],[-71.22015,42.26888],[-71.218125,42.267703],[-71.219739,42.263622],[-71.223758,42.2629],[-71.225656,42.264133],[-71.229173,42.264148],[-71.231739,42.259283],[-71.232404,42.258477],[-71.236298,42.259877],[-71.240539,42.259364],[-71.245672,42.259247],[-71.248503,42.255968],[-71.25656,42.255014],[-71.262216,42.257704],[-71.263105,42.259107],[-71.265439,42.259942],[-71.264789,42.255287],[-71.266689,42.255151],[-71.270731,42.257641],[-71.271471,42.259016]]","07/31/2016 - 08/28/2016, Every day, Daily Average",2045,1577,2651
"1116","Harborwalk, Waterfront, Boston","[[-71.062911,42.361229],[-71.061856,42.36243],[-71.058261,42.363697],[-71.057757,42.363616],[-71.056105,42.362402],[-71.05542,42.361957],[-71.054925,42.362046],[-71.053826,42.363303],[-71.052111,42.363676],[-71.051647,42.36311],[-71.0512,42.363712],[-71.05109,42.364175],[-71.046389,42.363935],[-71.045918,42.361164],[-71.0455,42.359825],[-71.045566,42.359733],[-71.049595,42.354497],[-71.05106,42.355131],[-71.050851,42.356671],[-71.052158,42.358666],[-71.053518,42.358356],[-71.055759,42.356913],[-71.05771,42.356777],[-71.058737,42.356988],[-71.05829,42.35741],[-71.06151,42.358336],[-71.062642,42.357977],[-71.062875,42.359483],[-71.062911,42.361229]]","767","100 Webster Street, Needham Heights, Needham","[[-71.25541,42.300632],[-71.245653,42.307445],[-71.233243,42.316107],[-71.228887,42.316344],[-71.227689,42.315473],[-71.22632,42.31412],[-71.227118,42.312399],[-71.226894,42.308452],[-71.224018,42.307346],[-71.220832,42.306457],[-71.218426,42.306853],[-71.213183,42.306224],[-71.211262,42.303115],[-71.211082,42.302721],[-71.211466,42.299713],[-71.207763,42.297181],[-71.216398,42.295309],[-71.217807,42.295103],[-71.21986,42.29475],[-71.22119,42.29478],[-71.22495,42.29641],[-71.22831,42.29543],[-71.23031,42.29389],[-71.23191,42.29307],[-71.236066,42.293181],[-71.241254,42.293423],[-71.243438,42.293493],[-71.24702,42.2943],[-71.24733,42.29391],[-71.24998,42.29181],[-71.25119,42.29295],[-71.253428,42.298232],[-71.25537,42.29969],[-71.25541,42.300632]]","07/31/2016 - 08/28/2016, Every day, Daily Average",1622,1249,2106
"1116","Harborwalk, Waterfront, Boston","[[-71.062911,42.361229],[-71.061856,42.36243],[-71.058261,42.363697],[-71.057757,42.363616],[-71.056105,42.362402],[-71.05542,42.361957],[-71.054925,42.362046],[-71.053826,42.363303],[-71.052111,42.363676],[-71.051647,42.36311],[-71.0512,42.363712],[-71.05109,42.364175],[-71.046389,42.363935],[-71.045918,42.361164],[-71.0455,42.359825],[-71.045566,42.359733],[-71.049595,42.354497],[-71.05106,42.355131],[-71.050851,42.356671],[-71.052158,42.358666],[-71.053518,42.358356],[-71.055759,42.356913],[-71.05771,42.356777],[-71.058737,42.356988],[-71.05829,42.35741],[-71.06151,42.358336],[-71.062642,42.357977],[-71.062875,42.359483],[-71.062911,42.361229]]","768","0 Pickerel Terrace, Wellesley","[[-71.326396,42.304402],[-71.32534,42.30448],[-71.312761,42.305411],[-71.301006,42.305953],[-71.300575,42.305967],[-71.29755,42.30598],[-71.296489,42.306142],[-71.291957,42.307135],[-71.28767,42.3032],[-71.287043,42.302431],[-71.293395,42.297891],[-71.295066,42.297106],[-71.297295,42.296518],[-71.299395,42.296331],[-71.310101,42.296463],[-71.314402,42.295956],[-71.321658,42.293894],[-71.323662,42.297415],[-71.326351,42.304289],[-71.326396,42.304402]]","07/31/2016 - 08/28/2016, Every day, Daily Average",2050,1612,2606
"1116","Harborwalk, Waterfront, Boston","[[-71.062911,42.361229],[-71.061856,42.36243],[-71.058261,42.363697],[-71.057757,42.363616],[-71.056105,42.362402],[-71.05542,42.361957],[-71.054925,42.362046],[-71.053826,42.363303],[-71.052111,42.363676],[-71.051647,42.36311],[-71.0512,42.363712],[-71.05109,42.364175],[-71.046389,42.363935],[-71.045918,42.361164],[-71.0455,42.359825],[-71.045566,42.359733],[-71.049595,42.354497],[-71.05106,42.355131],[-71.050851,42.356671],[-71.052158,42.358666],[-71.053518,42.358356],[-71.055759,42.356913],[-71.05771,42.356777],[-71.058737,42.356988],[-71.05829,42.35741],[-71.06151,42.358336],[-71.062642,42.357977],[-71.062875,42.359483],[-71.062911,42.361229]]","769","0 Tappan Road, Wellesley","[[-71.321658,42.293894],[-71.314402,42.295956],[-71.310101,42.296463],[-71.299395,42.296331],[-71.297295,42.296518],[-71.295066,42.297106],[-71.293395,42.297891],[-71.287043,42.302431],[-71.285057,42.300994],[-71.285538,42.298246],[-71.286067,42.297754],[-71.27985,42.298752],[-71.275786,42.295126],[-71.27558,42.294507],[-71.27526,42.29473],[-71.27116,42.29229],[-71.269408,42.290837],[-71.279685,42.28365],[-71.287811,42.277966],[-71.294843,42.273052],[-71.295887,42.274209],[-71.299464,42.274831],[-71.299684,42.276342],[-71.29788,42.279058],[-71.297575,42.281191],[-71.298824,42.282314],[-71.300737,42.282715],[-71.302477,42.28016],[-71.305125,42.278076],[-71.308875,42.276674],[-71.309496,42.275704],[-71.309072,42.273582],[-71.308001,42.271518],[-71.30846,42.270709],[-71.321541,42.293686],[-71.321658,42.293894]]","07/31/2016 - 08/28/2016, Every day, Daily Average",1910,1541,2366
"1116","Harborwalk, Waterfront, Boston","[[-71.062911,42.361229],[-71.061856,42.36243],[-71.058261,42.363697],[-71.057757,42.363616],[-71.056105,42.362402],[-71.05542,42.361957],[-71.054925,42.362046],[-71.053826,42.363303],[-71.052111,42.363676],[-71.051647,42.36311],[-71.0512,42.363712],[-71.05109,42.364175],[-71.046389,42.363935],[-71.045918,42.361164],[-71.0455,42.359825],[-71.045566,42.359733],[-71.049595,42.354497],[-71.05106,42.355131],[-71.050851,42.356671],[-71.052158,42.358666],[-71.053518,42.358356],[-71.055759,42.356913],[-71.05771,42.356777],[-71.058737,42.356988],[-71.05829,42.35741],[-71.06151,42.358336],[-71.062642,42.357977],[-71.062875,42.359483],[-71.062911,42.361229]]","772","0 Wagon Trail Road, Westford","[[-71.449905,42.556046],[-71.445525,42.557028],[-71.440506,42.558787],[-71.437516,42.560553],[-71.425922,42.5694],[-71.421088,42.573137],[-71.417484,42.575375],[-71.413754,42.577079],[-71.397668,42.582668],[-71.390666,42.558046],[-71.388504,42.550401],[-71.388359,42.549949],[-71.38474,42.538699],[-71.395172,42.535418],[-71.399396,42.534068],[-71.399586,42.533992],[-71.423794,42.526189],[-71.428536,42.528804],[-71.439054,42.534695],[-71.444713,42.538111],[-71.468842,42.551746],[-71.449905,42.556046]]","07/31/2016 - 08/28/2016, Every day, Daily Average",2386,2048,2779
"1116","Harborwalk, Waterfront, Boston","[[-71.062911,42.361229],[-71.061856,42.36243],[-71.058261,42.363697],[-71.057757,42.363616],[-71.056105,42.362402],[-71.05542,42.361957],[-71.054925,42.362046],[-71.053826,42.363303],[-71.052111,42.363676],[-71.051647,42.36311],[-71.0512,42.363712],[-71.05109,42.364175],[-71.046389,42.363935],[-71.045918,42.361164],[-71.0455,42.359825],[-71.045566,42.359733],[-71.049595,42.354497],[-71.05106,42.355131],[-71.050851,42.356671],[-71.052158,42.358666],[-71.053518,42.358356],[-71.055759,42.356913],[-71.05771,42.356777],[-71.058737,42.356988],[-71.05829,42.35741],[-71.06151,42.358336],[-71.062642,42.357977],[-71.062875,42.359483],[-71.062911,42.361229]]","773","0 Sherman Street, Neighborhood Nine, Cambridge","[[-71.158387,42.394593],[-71.156302,42.395852],[-71.153169,42.395643],[-71.150115,42.394933],[-71.145248,42.392878],[-71.141121,42.392092],[-71.135437,42.391123],[-71.132728,42.390686],[-71.130342,42.390303],[-71.129006,42.390072],[-71.128701,42.389374],[-71.127558,42.387402],[-71.126943,42.386351],[-71.128513,42.385691],[-71.129316,42.383864],[-71.129777,42.383461],[-71.130224,42.383065],[-71.131023,42.38241],[-71.134087,42.38384],[-71.135794,42.3846],[-71.141637,42.38719],[-71.14164,42.387051],[-71.143683,42.38825],[-71.144134,42.38868],[-71.148087,42.389628],[-71.157255,42.390948],[-71.158387,42.394593]]","07/31/2016 - 08/28/2016, Every day, Daily Average",1299,959,1758
"1116","Harborwalk, Waterfront, Boston","[[-71.062911,42.361229],[-71.061856,42.36243],[-71.058261,42.363697],[-71.057757,42.363616],[-71.056105,42.362402],[-71.05542,42.361957],[-71.054925,42.362046],[-71.053826,42.363303],[-71.052111,42.363676],[-71.051647,42.36311],[-71.0512,42.363712],[-71.05109,42.364175],[-71.046389,42.363935],[-71.045918,42.361164],[-71.0455,42.359825],[-71.045566,42.359733],[-71.049595,42.354497],[-71.05106,42.355131],[-71.050851,42.356671],[-71.052158,42.358666],[-71.053518,42.358356],[-71.055759,42.356913],[-71.05771,42.356777],[-71.058737,42.356988],[-71.05829,42.35741],[-71.06151,42.358336],[-71.062642,42.357977],[-71.062875,42.359483],[-71.062911,42.361229]]","774","0 Jackson Street, North Cambridge, Cambridge","[[-71.156302,42.395852],[-71.152356,42.400791],[-71.143659,42.397447],[-71.142737,42.397855],[-71.141344,42.398945],[-71.140444,42.398264],[-71.132454,42.39812],[-71.132136,42.397733],[-71.130905,42.397743],[-71.130854,42.395785],[-71.13081,42.393601],[-71.131037,42.393383],[-71.130342,42.390303],[-71.132728,42.390686],[-71.135437,42.391123],[-71.141121,42.392092],[-71.145248,42.392878],[-71.150115,42.394933],[-71.153169,42.395643],[-71.156302,42.395852]]","07/31/2016 - 08/28/2016, Every day, Daily Average",1237,898,1702
"1116","Harborwalk, Waterfront, Boston","[[-71.062911,42.361229],[-71.061856,42.36243],[-71.058261,42.363697],[-71.057757,42.363616],[-71.056105,42.362402],[-71.05542,42.361957],[-71.054925,42.362046],[-71.053826,42.363303],[-71.052111,42.363676],[-71.051647,42.36311],[-71.0512,42.363712],[-71.05109,42.364175],[-71.046389,42.363935],[-71.045918,42.361164],[-71.0455,42.359825],[-71.045566,42.359733],[-71.049595,42.354497],[-71.05106,42.355131],[-71.050851,42.356671],[-71.052158,42.358666],[-71.053518,42.358356],[-71.055759,42.356913],[-71.05771,42.356777],[-71.058737,42.356988],[-71.05829,42.35741],[-71.06151,42.358336],[-71.062642,42.357977],[-71.062875,42.359483],[-71.062911,42.361229]]","775","0 Milton Street, Arlington","[[-71.156468,42.402568],[-71.150044,42.403772],[-71.148585,42.404064],[-71.146843,42.404331],[-71.146119,42.404533],[-71.142264,42.405763],[-71.141734,42.405351],[-71.140239,42.404169],[-71.136969,42.401488],[-71.136277,42.401083],[-71.140793,42.399476],[-71.141344,42.398945],[-71.142737,42.397855],[-71.143659,42.397447],[-71.152356,42.400791],[-71.154105,42.401442],[-71.156384,42.402524],[-71.156468,42.402568]]","07/31/2016 - 08/28/2016, Every day, Daily Average",1148,852,1546
"1116","Harborwalk, Waterfront, Boston","[[-71.062911,42.361229],[-71.061856,42.36243],[-71.058261,42.363697],[-71.057757,42.363616],[-71.056105,42.362402],[-71.05542,42.361957],[-71.054925,42.362046],[-71.053826,42.363303],[-71.052111,42.363676],[-71.051647,42.36311],[-71.0512,42.363712],[-71.05109,42.364175],[-71.046389,42.363935],[-71.045918,42.361164],[-71.0455,42.359825],[-71.045566,42.359733],[-71.049595,42.354497],[-71.05106,42.355131],[-71.050851,42.356671],[-71.052158,42.358666],[-71.053518,42.358356],[-71.055759,42.356913],[-71.05771,42.356777],[-71.058737,42.356988],[-71.05829,42.35741],[-71.06151,42.358336],[-71.062642,42.357977],[-71.062875,42.359483],[-71.062911,42.361229]]","776","0 Gray Street, Arlington","[[-71.173097,42.411337],[-71.171999,42.412267],[-71.173287,42.412992],[-71.170031,42.415827],[-71.172164,42.416898],[-71.16849,42.419662],[-71.166289,42.418529],[-71.165842,42.41832],[-71.162764,42.421777],[-71.162156,42.421448],[-71.16043,42.419903],[-71.157204,42.419023],[-71.153065,42.419295],[-71.151986,42.419467],[-71.150867,42.4176],[-71.151407,42.416647],[-71.153287,42.415441],[-71.155702,42.41349],[-71.153205,42.411282],[-71.151797,42.411536],[-71.149831,42.410402],[-71.149886,42.408843],[-71.149045,42.407522],[-71.148522,42.406104],[-71.149879,42.406119],[-71.150534,42.407075],[-71.151339,42.407349],[-71.150927,42.406712],[-71.150586,42.405406],[-71.150044,42.403772],[-71.156468,42.402568],[-71.156384,42.402524],[-71.157473,42.402434],[-71.164054,42.405463],[-71.1639,42.405707],[-71.174424,42.40937],[-71.173097,42.411337]]","07/31/2016 - 08/28/2016, Every day, Daily Average",1188,890,1585
"1116","Harborwalk, Waterfront, Boston","[[-71.062911,42.361229],[-71.061856,42.36243],[-71.058261,42.363697],[-71.057757,42.363616],[-71.056105,42.362402],[-71.05542,42.361957],[-71.054925,42.362046],[-71.053826,42.363303],[-71.052111,42.363676],[-71.051647,42.36311],[-71.0512,42.363712],[-71.05109,42.364175],[-71.046389,42.363935],[-71.045918,42.361164],[-71.0455,42.359825],[-71.045566,42.359733],[-71.049595,42.354497],[-71.05106,42.355131],[-71.050851,42.356671],[-71.052158,42.358666],[-71.053518,42.358356],[-71.055759,42.356913],[-71.05771,42.356777],[-71.058737,42.356988],[-71.05829,42.35741],[-71.06151,42.358336],[-71.062642,42.357977],[-71.062875,42.359483],[-71.062911,42.361229]]","777","100 Claflin Street, Belmont","[[-71.177705,42.410212],[-71.174424,42.40937],[-71.1639,42.405707],[-71.164054,42.405463],[-71.157473,42.402434],[-71.156384,42.402524],[-71.154105,42.401442],[-71.152356,42.400791],[-71.156302,42.395852],[-71.158785,42.395871],[-71.168423,42.395965],[-71.17549,42.396038],[-71.174168,42.398858],[-71.174498,42.399847],[-71.176336,42.403664],[-71.175977,42.404094],[-71.175307,42.408091],[-71.174737,42.409141],[-71.177705,42.410212]]","07/31/2016 - 08/28/2016, Every day, Daily Average",1398,1027,1901
"1116","Harborwalk, Waterfront, Boston","[[-71.062911,42.361229],[-71.061856,42.36243],[-71.058261,42.363697],[-71.057757,42.363616],[-71.056105,42.362402],[-71.05542,42.361957],[-71.054925,42.362046],[-71.053826,42.363303],[-71.052111,42.363676],[-71.051647,42.36311],[-71.0512,42.363712],[-71.05109,42.364175],[-71.046389,42.363935],[-71.045918,42.361164],[-71.0455,42.359825],[-71.045566,42.359733],[-71.049595,42.354497],[-71.05106,42.355131],[-71.050851,42.356671],[-71.052158,42.358666],[-71.053518,42.358356],[-71.055759,42.356913],[-71.05771,42.356777],[-71.058737,42.356988],[-71.05829,42.35741],[-71.06151,42.358336],[-71.062642,42.357977],[-71.062875,42.359483],[-71.062911,42.361229]]","778","0 Foster Road, Belmont","[[-71.165593,42.386041],[-71.165259,42.385999],[-71.163247,42.386361],[-71.161895,42.386473],[-71.160332,42.386444],[-71.157971,42.382805],[-71.157792,42.382211],[-71.156566,42.381776],[-71.15542,42.38151],[-71.15625,42.380646],[-71.154468,42.375068],[-71.155466,42.375169],[-71.160189,42.376501],[-71.160942,42.37665],[-71.163363,42.376802],[-71.163496,42.377024],[-71.163338,42.381771],[-71.163536,42.382479],[-71.165446,42.385828],[-71.165593,42.386041]]","07/31/2016 - 08/28/2016, Every day, Daily Average",1241,920,1672
"1116","Harborwalk, Waterfront, Boston","[[-71.062911,42.361229],[-71.061856,42.36243],[-71.058261,42.363697],[-71.057757,42.363616],[-71.056105,42.362402],[-71.05542,42.361957],[-71.054925,42.362046],[-71.053826,42.363303],[-71.052111,42.363676],[-71.051647,42.36311],[-71.0512,42.363712],[-71.05109,42.364175],[-71.046389,42.363935],[-71.045918,42.361164],[-71.0455,42.359825],[-71.045566,42.359733],[-71.049595,42.354497],[-71.05106,42.355131],[-71.050851,42.356671],[-71.052158,42.358666],[-71.053518,42.358356],[-71.055759,42.356913],[-71.05771,42.356777],[-71.058737,42.356988],[-71.05829,42.35741],[-71.06151,42.358336],[-71.062642,42.357977],[-71.062875,42.359483],[-71.062911,42.361229]]","779","0 Woodfall Road, Belmont","[[-71.202612,42.414826],[-71.194257,42.41339],[-71.195194,42.415141],[-71.194521,42.414937],[-71.194291,42.415321],[-71.184547,42.411646],[-71.183712,42.411374],[-71.181634,42.410882],[-71.177705,42.410212],[-71.174737,42.409141],[-71.175307,42.408091],[-71.175977,42.404094],[-71.176336,42.403664],[-71.174498,42.399847],[-71.174168,42.398858],[-71.17549,42.396038],[-71.175491,42.39577],[-71.176556,42.395137],[-71.174557,42.392787],[-71.174135,42.392393],[-71.173838,42.38945],[-71.174818,42.386822],[-71.174932,42.386245],[-71.175248,42.385062],[-71.178269,42.387149],[-71.178776,42.387694],[-71.180669,42.388925],[-71.182174,42.388328],[-71.182386,42.38941],[-71.183664,42.39077],[-71.179808,42.394313],[-71.180203,42.39449],[-71.177944,42.396446],[-71.181423,42.396499],[-71.182514,42.398268],[-71.184062,42.398375],[-71.193153,42.401237],[-71.196482,42.403425],[-71.198052,42.406131],[-71.201336,42.410224],[-71.203178,42.414279],[-71.202612,42.414826]]","07/31/2016 - 08/28/2016, Every day, Daily Average",1420,1066,1891
"1116","Harborwalk, Waterfront, Boston","[[-71.062911,42.361229],[-71.061856,42.36243],[-71.058261,42.363697],[-71.057757,42.363616],[-71.056105,42.362402],[-71.05542,42.361957],[-71.054925,42.362046],[-71.053826,42.363303],[-71.052111,42.363676],[-71.051647,42.36311],[-71.0512,42.363712],[-71.05109,42.364175],[-71.046389,42.363935],[-71.045918,42.361164],[-71.0455,42.359825],[-71.045566,42.359733],[-71.049595,42.354497],[-71.05106,42.355131],[-71.050851,42.356671],[-71.052158,42.358666],[-71.053518,42.358356],[-71.055759,42.356913],[-71.05771,42.356777],[-71.058737,42.356988],[-71.05829,42.35741],[-71.06151,42.358336],[-71.062642,42.357977],[-71.062875,42.359483],[-71.062911,42.361229]]","782","0 Mill Street, Foxborough","[[-71.289424,42.059136],[-71.287099,42.063707],[-71.28756,42.073894],[-71.287707,42.076933],[-71.285131,42.08241],[-71.284648,42.083269],[-71.280268,42.088492],[-71.271736,42.098445],[-71.264268,42.101038],[-71.263417,42.101333],[-71.263417,42.099845],[-71.262805,42.097908],[-71.258425,42.08819],[-71.256833,42.085492],[-71.252401,42.075231],[-71.248826,42.067148],[-71.248072,42.066126],[-71.24677,42.06435],[-71.237129,42.053209],[-71.237653,42.052364],[-71.247926,42.035512],[-71.25029,42.03254],[-71.25262,42.03036],[-71.258734,42.025999],[-71.27016,42.021535],[-71.288265,42.014462],[-71.288692,42.030085],[-71.289083,42.045041],[-71.289424,42.059136]]","07/31/2016 - 08/28/2016, Every day, Daily Average",2624,1840,3741
"1116","Harborwalk, Waterfront, Boston","[[-71.062911,42.361229],[-71.061856,42.36243],[-71.058261,42.363697],[-71.057757,42.363616],[-71.056105,42.362402],[-71.05542,42.361957],[-71.054925,42.362046],[-71.053826,42.363303],[-71.052111,42.363676],[-71.051647,42.36311],[-71.0512,42.363712],[-71.05109,42.364175],[-71.046389,42.363935],[-71.045918,42.361164],[-71.0455,42.359825],[-71.045566,42.359733],[-71.049595,42.354497],[-71.05106,42.355131],[-71.050851,42.356671],[-71.052158,42.358666],[-71.053518,42.358356],[-71.055759,42.356913],[-71.05771,42.356777],[-71.058737,42.356988],[-71.05829,42.35741],[-71.06151,42.358336],[-71.062642,42.357977],[-71.062875,42.359483],[-71.062911,42.361229]]","783","200 Cocasset Street, Foxborough","[[-71.258734,42.025999],[-71.25262,42.03036],[-71.25029,42.03254],[-71.247926,42.035512],[-71.237653,42.052364],[-71.237129,42.053209],[-71.230398,42.064252],[-71.229587,42.065581],[-71.2233,42.07816],[-71.22224,42.08171],[-71.22223,42.08624],[-71.223446,42.090116],[-71.205934,42.074127],[-71.196374,42.082468],[-71.195859,42.081818],[-71.178457,42.057362],[-71.192629,42.051825],[-71.208503,42.045627],[-71.21158,42.044428],[-71.235435,42.035105],[-71.242364,42.032395],[-71.254781,42.027544],[-71.258734,42.025999]]","07/31/2016 - 08/28/2016, Every day, Daily Average",2221,1689,2919
"1116","Harborwalk, Waterfront, Boston","[[-71.062911,42.361229],[-71.061856,42.36243],[-71.058261,42.363697],[-71.057757,42.363616],[-71.056105,42.362402],[-71.05542,42.361957],[-71.054925,42.362046],[-71.053826,42.363303],[-71.052111,42.363676],[-71.051647,42.36311],[-71.0512,42.363712],[-71.05109,42.364175],[-71.046389,42.363935],[-71.045918,42.361164],[-71.0455,42.359825],[-71.045566,42.359733],[-71.049595,42.354497],[-71.05106,42.355131],[-71.050851,42.356671],[-71.052158,42.358666],[-71.053518,42.358356],[-71.055759,42.356913],[-71.05771,42.356777],[-71.058737,42.356988],[-71.05829,42.35741],[-71.06151,42.358336],[-71.062642,42.357977],[-71.062875,42.359483],[-71.062911,42.361229]]","784","0 Sandy Valley Drive, Walpole","[[-71.282901,42.114272],[-71.276419,42.119266],[-71.27328,42.122059],[-71.26512,42.1291],[-71.264657,42.129526],[-71.260736,42.134926],[-71.258937,42.137262],[-71.25864,42.13773],[-71.2538,42.14476],[-71.253227,42.145658],[-71.252111,42.14703],[-71.24654,42.14716],[-71.23987,42.14734],[-71.236803,42.147849],[-71.23013,42.14572],[-71.226038,42.144458],[-71.22227,42.14226],[-71.218864,42.140363],[-71.215306,42.140326],[-71.225989,42.135405],[-71.228068,42.1333],[-71.230247,42.132721],[-71.231803,42.131634],[-71.23342,42.128706],[-71.233278,42.125895],[-71.23119,42.123391],[-71.237817,42.122354],[-71.240093,42.120781],[-71.238958,42.117256],[-71.238917,42.11222],[-71.238829,42.106408],[-71.245633,42.105926],[-71.253302,42.105344],[-71.255501,42.104078],[-71.259444,42.102695],[-71.263417,42.101333],[-71.264268,42.101038],[-71.271736,42.098445],[-71.280268,42.088492],[-71.288291,42.10289],[-71.282901,42.114272]]","07/31/2016 - 08/28/2016, Every day, Daily Average",2772,1968,3902
"1116","Harborwalk, Waterfront, Boston","[[-71.062911,42.361229],[-71.061856,42.36243],[-71.058261,42.363697],[-71.057757,42.363616],[-71.056105,42.362402],[-71.05542,42.361957],[-71.054925,42.362046],[-71.053826,42.363303],[-71.052111,42.363676],[-71.051647,42.36311],[-71.0512,42.363712],[-71.05109,42.364175],[-71.046389,42.363935],[-71.045918,42.361164],[-71.0455,42.359825],[-71.045566,42.359733],[-71.049595,42.354497],[-71.05106,42.355131],[-71.050851,42.356671],[-71.052158,42.358666],[-71.053518,42.358356],[-71.055759,42.356913],[-71.05771,42.356777],[-71.058737,42.356988],[-71.05829,42.35741],[-71.06151,42.358336],[-71.062642,42.357977],[-71.062875,42.359483],[-71.062911,42.361229]]","786","0 Richdale Avenue, Everett","[[-71.045685,42.409924],[-71.045673,42.412424],[-71.043156,42.413461],[-71.04217,42.413302],[-71.03867,42.413661],[-71.037115,42.41393],[-71.03582,42.414664],[-71.033401,42.415626],[-71.032493,42.415506],[-71.033203,42.414226],[-71.033442,42.41338],[-71.03491,42.410876],[-71.036594,42.407896],[-71.037023,42.407296],[-71.0376,42.406288],[-71.04003,42.407189],[-71.041674,42.407792],[-71.043795,42.408279],[-71.046189,42.408406],[-71.045685,42.409924]]","07/31/2016 - 08/28/2016, Every day, Daily Average",1030,731,1450
"1116","Harborwalk, Waterfront, Boston","[[-71.062911,42.361229],[-71.061856,42.36243],[-71.058261,42.363697],[-71.057757,42.363616],[-71.056105,42.362402],[-71.05542,42.361957],[-71.054925,42.362046],[-71.053826,42.363303],[-71.052111,42.363676],[-71.051647,42.36311],[-71.0512,42.363712],[-71.05109,42.364175],[-71.046389,42.363935],[-71.045918,42.361164],[-71.0455,42.359825],[-71.045566,42.359733],[-71.049595,42.354497],[-71.05106,42.355131],[-71.050851,42.356671],[-71.052158,42.358666],[-71.053518,42.358356],[-71.055759,42.356913],[-71.05771,42.356777],[-71.058737,42.356988],[-71.05829,42.35741],[-71.06151,42.358336],[-71.062642,42.357977],[-71.062875,42.359483],[-71.062911,42.361229]]","787","700 University Avenue, Norwood","[[-71.204236,42.181659],[-71.201786,42.183504],[-71.199114,42.190114],[-71.197903,42.193416],[-71.19457,42.19188],[-71.1938,42.1917],[-71.19202,42.19125],[-71.18535,42.18791],[-71.184511,42.188917],[-71.183604,42.193627],[-71.18412,42.19516],[-71.186763,42.198859],[-71.187144,42.200125],[-71.186311,42.20465],[-71.182802,42.212624],[-71.178675,42.212301],[-71.178094,42.211919],[-71.16277,42.20177],[-71.16216,42.20124],[-71.154967,42.197044],[-71.157626,42.195292],[-71.160227,42.189953],[-71.160701,42.18818],[-71.164131,42.186992],[-71.163514,42.184749],[-71.165428,42.182228],[-71.164177,42.181628],[-71.165548,42.180013],[-71.167688,42.179671],[-71.167045,42.177501],[-71.163757,42.17617],[-71.166441,42.175261],[-71.163615,42.174003],[-71.164028,42.172853],[-71.16864,42.173069],[-71.169262,42.172353],[-71.16717,42.169208],[-71.168508,42.169307],[-71.169885,42.169669],[-71.171727,42.167572],[-71.173928,42.167384],[-71.173532,42.166124],[-71.17629,42.166005],[-71.178013,42.163961],[-71.178494,42.165809],[-71.180853,42.16557],[-71.183507,42.16632],[-71.181954,42.169163],[-71.185415,42.171332],[-71.187817,42.17363],[-71.188886,42.177624],[-71.191851,42.177017],[-71.19052,42.178856],[-71.19432,42.1787],[-71.19845,42.17907],[-71.204661,42.18057],[-71.204236,42.181659]]","07/31/2016 - 08/28/2016, Every day, Daily Average",1879,1346,2622
"1116","Harborwalk, Waterfront, Boston","[[-71.062911,42.361229],[-71.061856,42.36243],[-71.058261,42.363697],[-71.057757,42.363616],[-71.056105,42.362402],[-71.05542,42.361957],[-71.054925,42.362046],[-71.053826,42.363303],[-71.052111,42.363676],[-71.051647,42.36311],[-71.0512,42.363712],[-71.05109,42.364175],[-71.046389,42.363935],[-71.045918,42.361164],[-71.0455,42.359825],[-71.045566,42.359733],[-71.049595,42.354497],[-71.05106,42.355131],[-71.050851,42.356671],[-71.052158,42.358666],[-71.053518,42.358356],[-71.055759,42.356913],[-71.05771,42.356777],[-71.058737,42.356988],[-71.05829,42.35741],[-71.06151,42.358336],[-71.062642,42.357977],[-71.062875,42.359483],[-71.062911,42.361229]]","788","300 Washington Street, Norwood","[[-71.210702,42.208836],[-71.19816,42.21348],[-71.19645,42.213891],[-71.1906,42.21365],[-71.190045,42.213608],[-71.186527,42.212974],[-71.182802,42.212624],[-71.186311,42.20465],[-71.187144,42.200125],[-71.186763,42.198859],[-71.18412,42.19516],[-71.183604,42.193627],[-71.184511,42.188917],[-71.18535,42.18791],[-71.19202,42.19125],[-71.1938,42.1917],[-71.19457,42.19188],[-71.197903,42.193416],[-71.19904,42.19398],[-71.2004,42.19486],[-71.20107,42.19527],[-71.20259,42.19659],[-71.20618,42.20059],[-71.2094,42.20736],[-71.210702,42.208836]]","07/31/2016 - 08/28/2016, Every day, Daily Average",2089,1589,2745
"1116","Harborwalk, Waterfront, Boston","[[-71.062911,42.361229],[-71.061856,42.36243],[-71.058261,42.363697],[-71.057757,42.363616],[-71.056105,42.362402],[-71.05542,42.361957],[-71.054925,42.362046],[-71.053826,42.363303],[-71.052111,42.363676],[-71.051647,42.36311],[-71.0512,42.363712],[-71.05109,42.364175],[-71.046389,42.363935],[-71.045918,42.361164],[-71.0455,42.359825],[-71.045566,42.359733],[-71.049595,42.354497],[-71.05106,42.355131],[-71.050851,42.356671],[-71.052158,42.358666],[-71.053518,42.358356],[-71.055759,42.356913],[-71.05771,42.356777],[-71.058737,42.356988],[-71.05829,42.35741],[-71.06151,42.358336],[-71.062642,42.357977],[-71.062875,42.359483],[-71.062911,42.361229]]","789","200 Carnegie Row, Norwood","[[-71.22146,42.170448],[-71.214932,42.175627],[-71.210049,42.178849],[-71.204236,42.181659],[-71.204661,42.18057],[-71.19845,42.17907],[-71.19432,42.1787],[-71.19052,42.178856],[-71.191851,42.177017],[-71.188886,42.177624],[-71.187817,42.17363],[-71.185415,42.171332],[-71.181954,42.169163],[-71.183507,42.16632],[-71.180853,42.16557],[-71.181877,42.163455],[-71.188627,42.160816],[-71.186885,42.153264],[-71.194455,42.149916],[-71.201147,42.158378],[-71.20246,42.160087],[-71.204065,42.16023],[-71.208387,42.164132],[-71.209157,42.164875],[-71.210919,42.166706],[-71.212092,42.16722],[-71.213434,42.168702],[-71.220037,42.168405],[-71.22146,42.170448]]","07/31/2016 - 08/28/2016, Every day, Daily Average",1978,1404,2784
"1116","Harborwalk, Waterfront, Boston","[[-71.062911,42.361229],[-71.061856,42.36243],[-71.058261,42.363697],[-71.057757,42.363616],[-71.056105,42.362402],[-71.05542,42.361957],[-71.054925,42.362046],[-71.053826,42.363303],[-71.052111,42.363676],[-71.051647,42.36311],[-71.0512,42.363712],[-71.05109,42.364175],[-71.046389,42.363935],[-71.045918,42.361164],[-71.0455,42.359825],[-71.045566,42.359733],[-71.049595,42.354497],[-71.05106,42.355131],[-71.050851,42.356671],[-71.052158,42.358666],[-71.053518,42.358356],[-71.055759,42.356913],[-71.05771,42.356777],[-71.058737,42.356988],[-71.05829,42.35741],[-71.06151,42.358336],[-71.062642,42.357977],[-71.062875,42.359483],[-71.062911,42.361229]]","790","100 Walnut Street, Canton","[[-71.164762,42.146867],[-71.16094,42.14793],[-71.15544,42.154609],[-71.154102,42.15791],[-71.15709,42.16115],[-71.15739,42.16133],[-71.15389,42.16689],[-71.15369,42.16411],[-71.14697,42.1596],[-71.14496,42.15892],[-71.14105,42.15881],[-71.133509,42.15764],[-71.1311,42.15788],[-71.12919,42.15503],[-71.12823,42.15112],[-71.12708,42.15036],[-71.12049,42.14799],[-71.11863,42.14662],[-71.11806,42.14593],[-71.117442,42.142682],[-71.124421,42.14103],[-71.131843,42.139309],[-71.1311,42.1428],[-71.1315,42.14307],[-71.134639,42.143735],[-71.135339,42.141918],[-71.137771,42.142489],[-71.138685,42.139957],[-71.140847,42.138106],[-71.144104,42.137734],[-71.149154,42.138641],[-71.149229,42.138657],[-71.163542,42.141457],[-71.162198,42.145279],[-71.162841,42.145701],[-71.164762,42.146867]]","07/31/2016 - 08/28/2016, Every day, Daily Average",2062,1521,2793
"1116","Harborwalk, Waterfront, Boston","[[-71.062911,42.361229],[-71.061856,42.36243],[-71.058261,42.363697],[-71.057757,42.363616],[-71.056105,42.362402],[-71.05542,42.361957],[-71.054925,42.362046],[-71.053826,42.363303],[-71.052111,42.363676],[-71.051647,42.36311],[-71.0512,42.363712],[-71.05109,42.364175],[-71.046389,42.363935],[-71.045918,42.361164],[-71.0455,42.359825],[-71.045566,42.359733],[-71.049595,42.354497],[-71.05106,42.355131],[-71.050851,42.356671],[-71.052158,42.358666],[-71.053518,42.358356],[-71.055759,42.356913],[-71.05771,42.356777],[-71.058737,42.356988],[-71.05829,42.35741],[-71.06151,42.358336],[-71.062642,42.357977],[-71.062875,42.359483],[-71.062911,42.361229]]","791","500 Turnpike Street, Canton","[[-71.13612,42.17381],[-71.13187,42.17615],[-71.131412,42.176495],[-71.12919,42.17637],[-71.121431,42.17922],[-71.11401,42.18153],[-71.11176,42.182],[-71.10529,42.1814],[-71.10053,42.18235],[-71.09502,42.18583],[-71.088928,42.186552],[-71.072597,42.170109],[-71.066609,42.164042],[-71.088305,42.151981],[-71.095485,42.148005],[-71.104069,42.145924],[-71.117442,42.142682],[-71.11806,42.14593],[-71.11863,42.14662],[-71.12049,42.14799],[-71.12708,42.15036],[-71.12823,42.15112],[-71.12919,42.15503],[-71.1311,42.15788],[-71.13175,42.16262],[-71.13412,42.168838],[-71.134451,42.170951],[-71.13612,42.17381]]","07/31/2016 - 08/28/2016, Every day, Daily Average",1715,1137,2585
"1116","Harborwalk, Waterfront, Boston","[[-71.062911,42.361229],[-71.061856,42.36243],[-71.058261,42.363697],[-71.057757,42.363616],[-71.056105,42.362402],[-71.05542,42.361957],[-71.054925,42.362046],[-71.053826,42.363303],[-71.052111,42.363676],[-71.051647,42.36311],[-71.0512,42.363712],[-71.05109,42.364175],[-71.046389,42.363935],[-71.045918,42.361164],[-71.0455,42.359825],[-71.045566,42.359733],[-71.049595,42.354497],[-71.05106,42.355131],[-71.050851,42.356671],[-71.052158,42.358666],[-71.053518,42.358356],[-71.055759,42.356913],[-71.05771,42.356777],[-71.058737,42.356988],[-71.05829,42.35741],[-71.06151,42.358336],[-71.062642,42.357977],[-71.062875,42.359483],[-71.062911,42.361229]]","792","0 Woodside Drive, Milton","[[-71.09577,42.24405],[-71.09349,42.24537],[-71.08424,42.25074],[-71.08073,42.25264],[-71.07747,42.25455],[-71.08121,42.25827],[-71.078,42.2587],[-71.07459,42.25982],[-71.06319,42.26014],[-71.061158,42.259207],[-71.05988,42.25837],[-71.06187,42.25807],[-71.060407,42.254711],[-71.058363,42.254652],[-71.059194,42.252999],[-71.05813,42.250893],[-71.05672,42.25103],[-71.05403,42.25196],[-71.05134,42.25056],[-71.051271,42.24778],[-71.06109,42.242384],[-71.053246,42.229528],[-71.073388,42.221465],[-71.073934,42.221751],[-71.07664,42.22112],[-71.08024,42.22403],[-71.07906,42.2249],[-71.08442,42.22924],[-71.08996,42.23646],[-71.0918,42.23697],[-71.093423,42.239123],[-71.094226,42.240471],[-71.095013,42.242343],[-71.09577,42.24405]]","07/31/2016 - 08/28/2016, Every day, Daily Average",1266,863,1855
"1116","Harborwalk, Waterfront, Boston","[[-71.062911,42.361229],[-71.061856,42.36243],[-71.058261,42.363697],[-71.057757,42.363616],[-71.056105,42.362402],[-71.05542,42.361957],[-71.054925,42.362046],[-71.053826,42.363303],[-71.052111,42.363676],[-71.051647,42.36311],[-71.0512,42.363712],[-71.05109,42.364175],[-71.046389,42.363935],[-71.045918,42.361164],[-71.0455,42.359825],[-71.045566,42.359733],[-71.049595,42.354497],[-71.05106,42.355131],[-71.050851,42.356671],[-71.052158,42.358666],[-71.053518,42.358356],[-71.055759,42.356913],[-71.05771,42.356777],[-71.058737,42.356988],[-71.05829,42.35741],[-71.06151,42.358336],[-71.062642,42.357977],[-71.062875,42.359483],[-71.062911,42.361229]]","794","0 Upland Road, Burlington","[[-71.221976,42.52516],[-71.220017,42.524666],[-71.217956,42.524047],[-71.215829,42.527439],[-71.212286,42.533007],[-71.211634,42.534036],[-71.205032,42.544473],[-71.199802,42.539546],[-71.197738,42.538414],[-71.195119,42.535664],[-71.192915,42.53449],[-71.177693,42.521884],[-71.179824,42.5216],[-71.184142,42.522547],[-71.189236,42.521285],[-71.191864,42.516896],[-71.188861,42.513251],[-71.190276,42.512122],[-71.191887,42.512237],[-71.194748,42.510308],[-71.199411,42.510105],[-71.201301,42.511234],[-71.203673,42.514204],[-71.205174,42.515026],[-71.205982,42.515365],[-71.210089,42.518445],[-71.211796,42.519676],[-71.221116,42.52489],[-71.221976,42.52516]]","07/31/2016 - 08/28/2016, Every day, Daily Average",1480,1145,1911
"1116","Harborwalk, Waterfront, Boston","[[-71.062911,42.361229],[-71.061856,42.36243],[-71.058261,42.363697],[-71.057757,42.363616],[-71.056105,42.362402],[-71.05542,42.361957],[-71.054925,42.362046],[-71.053826,42.363303],[-71.052111,42.363676],[-71.051647,42.36311],[-71.0512,42.363712],[-71.05109,42.364175],[-71.046389,42.363935],[-71.045918,42.361164],[-71.0455,42.359825],[-71.045566,42.359733],[-71.049595,42.354497],[-71.05106,42.355131],[-71.050851,42.356671],[-71.052158,42.358666],[-71.053518,42.358356],[-71.055759,42.356913],[-71.05771,42.356777],[-71.058737,42.356988],[-71.05829,42.35741],[-71.06151,42.358336],[-71.062642,42.357977],[-71.062875,42.359483],[-71.062911,42.361229]]","800","0 Harvard Road, Littleton","[[-71.542323,42.550334],[-71.533031,42.55273],[-71.527321,42.556906],[-71.523485,42.559832],[-71.520892,42.564311],[-71.511459,42.569386],[-71.511412,42.569416],[-71.506411,42.572172],[-71.502937,42.575522],[-71.498006,42.576862],[-71.484481,42.573942],[-71.483965,42.573908],[-71.481911,42.565677],[-71.481233,42.562963],[-71.48002,42.558094],[-71.477379,42.5566],[-71.477341,42.55657],[-71.468842,42.551746],[-71.478084,42.549579],[-71.483977,42.547272],[-71.489955,42.543294],[-71.493214,42.539823],[-71.499318,42.531425],[-71.507979,42.520743],[-71.516221,42.513444],[-71.516558,42.513906],[-71.517681,42.515578],[-71.52991,42.519716],[-71.531387,42.520285],[-71.533836,42.52764],[-71.538949,42.543069],[-71.542323,42.550334]]","07/31/2016 - 08/28/2016, Every day, Daily Average",2650,2206,3183
"1116","Harborwalk, Waterfront, Boston","[[-71.062911,42.361229],[-71.061856,42.36243],[-71.058261,42.363697],[-71.057757,42.363616],[-71.056105,42.362402],[-71.05542,42.361957],[-71.054925,42.362046],[-71.053826,42.363303],[-71.052111,42.363676],[-71.051647,42.36311],[-71.0512,42.363712],[-71.05109,42.364175],[-71.046389,42.363935],[-71.045918,42.361164],[-71.0455,42.359825],[-71.045566,42.359733],[-71.049595,42.354497],[-71.05106,42.355131],[-71.050851,42.356671],[-71.052158,42.358666],[-71.053518,42.358356],[-71.055759,42.356913],[-71.05771,42.356777],[-71.058737,42.356988],[-71.05829,42.35741],[-71.06151,42.358336],[-71.062642,42.357977],[-71.062875,42.359483],[-71.062911,42.361229]]","803","0 Deer Run, Wayland","[[-71.398085,42.343098],[-71.39348,42.344094],[-71.391369,42.345209],[-71.387718,42.344829],[-71.387939,42.348636],[-71.388961,42.350022],[-71.389891,42.353892],[-71.390809,42.355237],[-71.391214,42.357952],[-71.391724,42.360977],[-71.391798,42.361837],[-71.390031,42.365231],[-71.390116,42.367859],[-71.387474,42.369924],[-71.388781,42.371481],[-71.386603,42.37307],[-71.387814,42.375278],[-71.387474,42.375406],[-71.381608,42.374162],[-71.374164,42.374123],[-71.371129,42.372482],[-71.367812,42.368961],[-71.361473,42.364429],[-71.332931,42.367813],[-71.332273,42.361731],[-71.328779,42.331683],[-71.330795,42.331884],[-71.333739,42.332422],[-71.337524,42.325134],[-71.338764,42.324896],[-71.344561,42.324546],[-71.344575,42.325719],[-71.348079,42.327129],[-71.348956,42.329135],[-71.355195,42.328672],[-71.358015,42.329286],[-71.361494,42.331837],[-71.361358,42.332678],[-71.364042,42.333762],[-71.364493,42.335591],[-71.366954,42.337506],[-71.370521,42.336907],[-71.372774,42.33784],[-71.374472,42.336706],[-71.38162,42.339173],[-71.385443,42.338117],[-71.390476,42.338178],[-71.391955,42.339303],[-71.394761,42.339569],[-71.394874,42.338654],[-71.396704,42.340883],[-71.398085,42.343098]]","07/31/2016 - 08/28/2016, Every day, Daily Average",1943,1503,2510
"1116","Harborwalk, Waterfront, Boston","[[-71.062911,42.361229],[-71.061856,42.36243],[-71.058261,42.363697],[-71.057757,42.363616],[-71.056105,42.362402],[-71.05542,42.361957],[-71.054925,42.362046],[-71.053826,42.363303],[-71.052111,42.363676],[-71.051647,42.36311],[-71.0512,42.363712],[-71.05109,42.364175],[-71.046389,42.363935],[-71.045918,42.361164],[-71.0455,42.359825],[-71.045566,42.359733],[-71.049595,42.354497],[-71.05106,42.355131],[-71.050851,42.356671],[-71.052158,42.358666],[-71.053518,42.358356],[-71.055759,42.356913],[-71.05771,42.356777],[-71.058737,42.356988],[-71.05829,42.35741],[-71.06151,42.358336],[-71.062642,42.357977],[-71.062875,42.359483],[-71.062911,42.361229]]","804","Glen Road, Waltham","[[-71.281416,42.41218],[-71.274421,42.409877],[-71.273865,42.410901],[-71.271882,42.407498],[-71.272112,42.405023],[-71.274387,42.401986],[-71.275195,42.399335],[-71.271841,42.398174],[-71.268854,42.39798],[-71.266443,42.396976],[-71.263136,42.39735],[-71.259487,42.396985],[-71.257799,42.398324],[-71.253616,42.39886],[-71.250991,42.397556],[-71.245528,42.395168],[-71.243564,42.393667],[-71.241064,42.393344],[-71.238817,42.391062],[-71.239248,42.389782],[-71.240018,42.388326],[-71.241411,42.384036],[-71.242073,42.381998],[-71.242139,42.381494],[-71.242214,42.380563],[-71.245573,42.38023],[-71.246649,42.379922],[-71.250223,42.37808],[-71.251458,42.377614],[-71.254063,42.377279],[-71.262458,42.377475],[-71.268424,42.374864],[-71.270125,42.374632],[-71.276009,42.375886],[-71.267733,42.390133],[-71.276172,42.392916],[-71.279583,42.398752],[-71.282825,42.399728],[-71.281205,42.402691],[-71.286031,42.404097],[-71.281416,42.41218]]","07/31/2016 - 08/28/2016, Every day, Daily Average",1670,1321,2109
"1116","Harborwalk, Waterfront, Boston","[[-71.062911,42.361229],[-71.061856,42.36243],[-71.058261,42.363697],[-71.057757,42.363616],[-71.056105,42.362402],[-71.05542,42.361957],[-71.054925,42.362046],[-71.053826,42.363303],[-71.052111,42.363676],[-71.051647,42.36311],[-71.0512,42.363712],[-71.05109,42.364175],[-71.046389,42.363935],[-71.045918,42.361164],[-71.0455,42.359825],[-71.045566,42.359733],[-71.049595,42.354497],[-71.05106,42.355131],[-71.050851,42.356671],[-71.052158,42.358666],[-71.053518,42.358356],[-71.055759,42.356913],[-71.05771,42.356777],[-71.058737,42.356988],[-71.05829,42.35741],[-71.06151,42.358336],[-71.062642,42.357977],[-71.062875,42.359483],[-71.062911,42.361229]]","805","0 Howard Street, Banks Square, Waltham","[[-71.276009,42.375886],[-71.270125,42.374632],[-71.268424,42.374864],[-71.262458,42.377475],[-71.254063,42.377279],[-71.251458,42.377614],[-71.250223,42.37808],[-71.246649,42.379922],[-71.245573,42.38023],[-71.242214,42.380563],[-71.242139,42.381494],[-71.242073,42.381998],[-71.241411,42.384036],[-71.240018,42.388326],[-71.239248,42.389782],[-71.239035,42.388898],[-71.238101,42.386761],[-71.237029,42.383478],[-71.236064,42.380054],[-71.236012,42.379788],[-71.239473,42.379407],[-71.238987,42.376179],[-71.241772,42.376252],[-71.241722,42.374749],[-71.243685,42.374007],[-71.246517,42.373103],[-71.249798,42.37278],[-71.250041,42.374377],[-71.250995,42.374367],[-71.252957,42.374365],[-71.254013,42.374228],[-71.255123,42.374131],[-71.261483,42.373769],[-71.266995,42.371775],[-71.268078,42.370679],[-71.269175,42.370052],[-71.270644,42.369571],[-71.273713,42.373834],[-71.276009,42.375886]]","07/31/2016 - 08/28/2016, Every day, Daily Average",1596,1222,2083
"1116","Harborwalk, Waterfront, Boston","[[-71.062911,42.361229],[-71.061856,42.36243],[-71.058261,42.363697],[-71.057757,42.363616],[-71.056105,42.362402],[-71.05542,42.361957],[-71.054925,42.362046],[-71.053826,42.363303],[-71.052111,42.363676],[-71.051647,42.36311],[-71.0512,42.363712],[-71.05109,42.364175],[-71.046389,42.363935],[-71.045918,42.361164],[-71.0455,42.359825],[-71.045566,42.359733],[-71.049595,42.354497],[-71.05106,42.355131],[-71.050851,42.356671],[-71.052158,42.358666],[-71.053518,42.358356],[-71.055759,42.356913],[-71.05771,42.356777],[-71.058737,42.356988],[-71.05829,42.35741],[-71.06151,42.358336],[-71.062642,42.357977],[-71.062875,42.359483],[-71.062911,42.361229]]","806","0 Boland Street, South Side, Waltham","[[-71.234277,42.368309],[-71.233716,42.371018],[-71.231322,42.370472],[-71.233116,42.37284],[-71.230461,42.373371],[-71.228795,42.372466],[-71.225532,42.371105],[-71.223781,42.369309],[-71.220333,42.368456],[-71.21719,42.366534],[-71.226245,42.363887],[-71.228581,42.365662],[-71.231469,42.366834],[-71.232708,42.367144],[-71.234486,42.367395],[-71.234277,42.368309]]","07/31/2016 - 08/28/2016, Every day, Daily Average",1394,1099,1767
"1116","Harborwalk, Waterfront, Boston","[[-71.062911,42.361229],[-71.061856,42.36243],[-71.058261,42.363697],[-71.057757,42.363616],[-71.056105,42.362402],[-71.05542,42.361957],[-71.054925,42.362046],[-71.053826,42.363303],[-71.052111,42.363676],[-71.051647,42.36311],[-71.0512,42.363712],[-71.05109,42.364175],[-71.046389,42.363935],[-71.045918,42.361164],[-71.0455,42.359825],[-71.045566,42.359733],[-71.049595,42.354497],[-71.05106,42.355131],[-71.050851,42.356671],[-71.052158,42.358666],[-71.053518,42.358356],[-71.055759,42.356913],[-71.05771,42.356777],[-71.058737,42.356988],[-71.05829,42.35741],[-71.06151,42.358336],[-71.062642,42.357977],[-71.062875,42.359483],[-71.062911,42.361229]]","807","100 Grove Street, Bleachery, Waltham","[[-71.243685,42.374007],[-71.241722,42.374749],[-71.241772,42.376252],[-71.238987,42.376179],[-71.236801,42.376207],[-71.23494,42.376489],[-71.233011,42.37683],[-71.231894,42.376946],[-71.230406,42.377118],[-71.229167,42.377286],[-71.225562,42.377711],[-71.221894,42.377858],[-71.220789,42.377726],[-71.21293,42.37572],[-71.208515,42.37385],[-71.21152,42.371319],[-71.217093,42.366614],[-71.21719,42.366534],[-71.220333,42.368456],[-71.223781,42.369309],[-71.225532,42.371105],[-71.228795,42.372466],[-71.230461,42.373371],[-71.233116,42.37284],[-71.23484,42.37248],[-71.236609,42.373008],[-71.236581,42.373153],[-71.236521,42.374087],[-71.238001,42.373799],[-71.239751,42.373223],[-71.242589,42.371863],[-71.243215,42.372862],[-71.243685,42.374007]]","07/31/2016 - 08/28/2016, Every day, Daily Average",1443,1143,1820
"1116","Harborwalk, Waterfront, Boston","[[-71.062911,42.361229],[-71.061856,42.36243],[-71.058261,42.363697],[-71.057757,42.363616],[-71.056105,42.362402],[-71.05542,42.361957],[-71.054925,42.362046],[-71.053826,42.363303],[-71.052111,42.363676],[-71.051647,42.36311],[-71.0512,42.363712],[-71.05109,42.364175],[-71.046389,42.363935],[-71.045918,42.361164],[-71.0455,42.359825],[-71.045566,42.359733],[-71.049595,42.354497],[-71.05106,42.355131],[-71.050851,42.356671],[-71.052158,42.358666],[-71.053518,42.358356],[-71.055759,42.356913],[-71.05771,42.356777],[-71.058737,42.356988],[-71.05829,42.35741],[-71.06151,42.358336],[-71.062642,42.357977],[-71.062875,42.359483],[-71.062911,42.361229]]","808","0 Candace Avenue, Warrendale, Waltham","[[-71.225562,42.377711],[-71.21917,42.380922],[-71.218651,42.381297],[-71.218238,42.381791],[-71.216495,42.384982],[-71.213328,42.384902],[-71.211397,42.384462],[-71.209785,42.383765],[-71.205172,42.386494],[-71.2025,42.391797],[-71.202173,42.392061],[-71.203376,42.392999],[-71.203145,42.393231],[-71.207238,42.395564],[-71.206237,42.397002],[-71.204535,42.396248],[-71.203432,42.398457],[-71.200619,42.399574],[-71.199422,42.397249],[-71.196406,42.394331],[-71.197879,42.392497],[-71.196616,42.390482],[-71.196706,42.389886],[-71.19446,42.386317],[-71.194177,42.386031],[-71.198462,42.382465],[-71.202853,42.378595],[-71.205332,42.376519],[-71.208515,42.37385],[-71.21293,42.37572],[-71.220789,42.377726],[-71.221894,42.377858],[-71.225562,42.377711]]","07/31/2016 - 08/28/2016, Every day, Daily Average",1498,1180,1900
"1116","Harborwalk, Waterfront, Boston","[[-71.062911,42.361229],[-71.061856,42.36243],[-71.058261,42.363697],[-71.057757,42.363616],[-71.056105,42.362402],[-71.05542,42.361957],[-71.054925,42.362046],[-71.053826,42.363303],[-71.052111,42.363676],[-71.051647,42.36311],[-71.0512,42.363712],[-71.05109,42.364175],[-71.046389,42.363935],[-71.045918,42.361164],[-71.0455,42.359825],[-71.045566,42.359733],[-71.049595,42.354497],[-71.05106,42.355131],[-71.050851,42.356671],[-71.052158,42.358666],[-71.053518,42.358356],[-71.055759,42.356913],[-71.05771,42.356777],[-71.058737,42.356988],[-71.05829,42.35741],[-71.06151,42.358336],[-71.062642,42.357977],[-71.062875,42.359483],[-71.062911,42.361229]]","809","200 Bellevue Road, Watertown","[[-71.179284,42.369741],[-71.17764,42.374748],[-71.175688,42.379138],[-71.175461,42.379413],[-71.170803,42.378319],[-71.170232,42.377961],[-71.169082,42.377592],[-71.166466,42.377177],[-71.164483,42.376886],[-71.163363,42.376802],[-71.160942,42.37665],[-71.159661,42.374203],[-71.161025,42.373369],[-71.159978,42.372724],[-71.160027,42.371556],[-71.158926,42.370611],[-71.160266,42.37033],[-71.165025,42.370613],[-71.166575,42.370038],[-71.171651,42.369949],[-71.174912,42.368697],[-71.17829,42.368174],[-71.179284,42.369741]]","07/31/2016 - 08/28/2016, Every day, Daily Average",1314,1000,1725
"1116","Harborwalk, Waterfront, Boston","[[-71.062911,42.361229],[-71.061856,42.36243],[-71.058261,42.363697],[-71.057757,42.363616],[-71.056105,42.362402],[-71.05542,42.361957],[-71.054925,42.362046],[-71.053826,42.363303],[-71.052111,42.363676],[-71.051647,42.36311],[-71.0512,42.363712],[-71.05109,42.364175],[-71.046389,42.363935],[-71.045918,42.361164],[-71.0455,42.359825],[-71.045566,42.359733],[-71.049595,42.354497],[-71.05106,42.355131],[-71.050851,42.356671],[-71.052158,42.358666],[-71.053518,42.358356],[-71.055759,42.356913],[-71.05771,42.356777],[-71.058737,42.356988],[-71.05829,42.35741],[-71.06151,42.358336],[-71.062642,42.357977],[-71.062875,42.359483],[-71.062911,42.361229]]","810","100 North Beacon Street, Watertown","[[-71.190205,42.361284],[-71.188832,42.362676],[-71.185977,42.362699],[-71.185551,42.364839],[-71.184338,42.365225],[-71.181116,42.366672],[-71.180054,42.36734],[-71.179831,42.367467],[-71.17829,42.368174],[-71.174912,42.368697],[-71.171651,42.369949],[-71.166575,42.370038],[-71.165025,42.370613],[-71.165829,42.367673],[-71.165849,42.366126],[-71.166857,42.364113],[-71.171374,42.36424],[-71.171445,42.362953],[-71.1672,42.362219],[-71.165066,42.36061],[-71.161633,42.359233],[-71.163716,42.358249],[-71.167625,42.360073],[-71.168401,42.360194],[-71.17276,42.359351],[-71.174856,42.359268],[-71.178845,42.35978],[-71.182042,42.360806],[-71.182362,42.360402],[-71.18368,42.358829],[-71.190231,42.360384],[-71.190205,42.361284]]","07/31/2016 - 08/28/2016, Every day, Daily Average",1162,836,1613
"1116","Harborwalk, Waterfront, Boston","[[-71.062911,42.361229],[-71.061856,42.36243],[-71.058261,42.363697],[-71.057757,42.363616],[-71.056105,42.362402],[-71.05542,42.361957],[-71.054925,42.362046],[-71.053826,42.363303],[-71.052111,42.363676],[-71.051647,42.36311],[-71.0512,42.363712],[-71.05109,42.364175],[-71.046389,42.363935],[-71.045918,42.361164],[-71.0455,42.359825],[-71.045566,42.359733],[-71.049595,42.354497],[-71.05106,42.355131],[-71.050851,42.356671],[-71.052158,42.358666],[-71.053518,42.358356],[-71.055759,42.356913],[-71.05771,42.356777],[-71.058737,42.356988],[-71.05829,42.35741],[-71.06151,42.358336],[-71.062642,42.357977],[-71.062875,42.359483],[-71.062911,42.361229]]","811","300 Watertown Street, Nonantum, Newton","[[-71.209537,42.361503],[-71.206005,42.363696],[-71.204381,42.365122],[-71.204491,42.365808],[-71.200478,42.366345],[-71.198328,42.367477],[-71.196805,42.36711],[-71.195204,42.367825],[-71.192101,42.365506],[-71.195899,42.361996],[-71.193092,42.361052],[-71.195217,42.358823],[-71.195345,42.357262],[-71.195111,42.355904],[-71.195265,42.354948],[-71.195678,42.354861],[-71.198834,42.354009],[-71.203188,42.355882],[-71.206937,42.356706],[-71.206071,42.357347],[-71.208808,42.359281],[-71.207728,42.36024],[-71.209537,42.361503]]","07/31/2016 - 08/28/2016, Every day, Daily Average",1162,864,1561
"1116","Harborwalk, Waterfront, Boston","[[-71.062911,42.361229],[-71.061856,42.36243],[-71.058261,42.363697],[-71.057757,42.363616],[-71.056105,42.362402],[-71.05542,42.361957],[-71.054925,42.362046],[-71.053826,42.363303],[-71.052111,42.363676],[-71.051647,42.36311],[-71.0512,42.363712],[-71.05109,42.364175],[-71.046389,42.363935],[-71.045918,42.361164],[-71.0455,42.359825],[-71.045566,42.359733],[-71.049595,42.354497],[-71.05106,42.355131],[-71.050851,42.356671],[-71.052158,42.358666],[-71.053518,42.358356],[-71.055759,42.356913],[-71.05771,42.356777],[-71.058737,42.356988],[-71.05829,42.35741],[-71.06151,42.358336],[-71.062642,42.357977],[-71.062875,42.359483],[-71.062911,42.361229]]","812","0 Burr Road, Newton Centre, Newton","[[-71.218332,42.333202],[-71.21708,42.337037],[-71.21547,42.336925],[-71.211573,42.33802],[-71.211546,42.342407],[-71.211239,42.344185],[-71.205922,42.343759],[-71.205756,42.344207],[-71.199547,42.345009],[-71.198697,42.343198],[-71.199451,42.342442],[-71.198875,42.340855],[-71.197484,42.340377],[-71.192584,42.340789],[-71.193326,42.336007],[-71.193416,42.334483],[-71.193467,42.333439],[-71.194842,42.330063],[-71.207015,42.330824],[-71.213233,42.33117],[-71.21408,42.331064],[-71.214698,42.332059],[-71.21711,42.331993],[-71.217554,42.333109],[-71.218332,42.333202]]","07/31/2016 - 08/28/2016, Every day, Daily Average",1350,1025,1776
"1116","Harborwalk, Waterfront, Boston","[[-71.062911,42.361229],[-71.061856,42.36243],[-71.058261,42.363697],[-71.057757,42.363616],[-71.056105,42.362402],[-71.05542,42.361957],[-71.054925,42.362046],[-71.053826,42.363303],[-71.052111,42.363676],[-71.051647,42.36311],[-71.0512,42.363712],[-71.05109,42.364175],[-71.046389,42.363935],[-71.045918,42.361164],[-71.0455,42.359825],[-71.045566,42.359733],[-71.049595,42.354497],[-71.05106,42.355131],[-71.050851,42.356671],[-71.052158,42.358666],[-71.053518,42.358356],[-71.055759,42.356913],[-71.05771,42.356777],[-71.058737,42.356988],[-71.05829,42.35741],[-71.06151,42.358336],[-71.062642,42.357977],[-71.062875,42.359483],[-71.062911,42.361229]]","813","0 Spear Street, Quincy","[[-71.010858,42.257482],[-71.00877,42.25836],[-71.00729,42.26083],[-71.00345,42.2605],[-71.00262,42.25912],[-71.00172,42.25815],[-71.00067,42.25727],[-70.996873,42.255446],[-70.995363,42.254114],[-70.99514,42.25397],[-70.989545,42.252435],[-70.988763,42.252302],[-70.9922,42.24965],[-70.99314,42.24978],[-70.993795,42.248737],[-70.996,42.24738],[-70.99743,42.24711],[-70.999274,42.245841],[-71.00019,42.24541],[-71.00266,42.24429],[-71.00305,42.24412],[-71.00336,42.24395],[-71.00533,42.24372],[-71.007,42.24409],[-71.00709,42.24466],[-71.005139,42.247829],[-71.003784,42.248696],[-71.006745,42.253109],[-71.009444,42.255727],[-71.010858,42.257482]]","07/31/2016 - 08/28/2016, Every day, Daily Average",1415,1041,1921
"1116","Harborwalk, Waterfront, Boston","[[-71.062911,42.361229],[-71.061856,42.36243],[-71.058261,42.363697],[-71.057757,42.363616],[-71.056105,42.362402],[-71.05542,42.361957],[-71.054925,42.362046],[-71.053826,42.363303],[-71.052111,42.363676],[-71.051647,42.36311],[-71.0512,42.363712],[-71.05109,42.364175],[-71.046389,42.363935],[-71.045918,42.361164],[-71.0455,42.359825],[-71.045566,42.359733],[-71.049595,42.354497],[-71.05106,42.355131],[-71.050851,42.356671],[-71.052158,42.358666],[-71.053518,42.358356],[-71.055759,42.356913],[-71.05771,42.356777],[-71.058737,42.356988],[-71.05829,42.35741],[-71.06151,42.358336],[-71.062642,42.357977],[-71.062875,42.359483],[-71.062911,42.361229]]","814","0 Hawthorne Street, Quincy","[[-70.98758,42.26376],[-70.986387,42.265723],[-70.982626,42.265648],[-70.973357,42.263009],[-70.97212,42.264071],[-70.969178,42.266599],[-70.967351,42.268168],[-70.964335,42.268879],[-70.957252,42.27055],[-70.956219,42.270794],[-70.954105,42.274793],[-70.957432,42.280069],[-70.953833,42.280791],[-70.948971,42.272505],[-70.949836,42.269219],[-70.950777,42.265648],[-70.951253,42.261074],[-70.953016,42.257533],[-70.953805,42.255947],[-70.965127,42.260055],[-70.964258,42.260569],[-70.96324,42.26187],[-70.96606,42.26297],[-70.97067,42.26312],[-70.975456,42.260562],[-70.97836,42.2603],[-70.97601,42.25876],[-70.976744,42.257852],[-70.978764,42.253984],[-70.982492,42.254299],[-70.981242,42.259028],[-70.981999,42.25993],[-70.98011,42.26135],[-70.9864,42.26215],[-70.98758,42.26376]]","07/31/2016 - 08/28/2016, Every day, Daily Average",1608,1193,2166
"1116","Harborwalk, Waterfront, Boston","[[-71.062911,42.361229],[-71.061856,42.36243],[-71.058261,42.363697],[-71.057757,42.363616],[-71.056105,42.362402],[-71.05542,42.361957],[-71.054925,42.362046],[-71.053826,42.363303],[-71.052111,42.363676],[-71.051647,42.36311],[-71.0512,42.363712],[-71.05109,42.364175],[-71.046389,42.363935],[-71.045918,42.361164],[-71.0455,42.359825],[-71.045566,42.359733],[-71.049595,42.354497],[-71.05106,42.355131],[-71.050851,42.356671],[-71.052158,42.358666],[-71.053518,42.358356],[-71.055759,42.356913],[-71.05771,42.356777],[-71.058737,42.356988],[-71.05829,42.35741],[-71.06151,42.358336],[-71.062642,42.357977],[-71.062875,42.359483],[-71.062911,42.361229]]","815","0 Upton Drive, Wilmington","[[-71.175379,42.549139],[-71.171941,42.56013],[-71.171618,42.561636],[-71.167937,42.583757],[-71.165557,42.597622],[-71.165009,42.597955],[-71.163664,42.60213],[-71.160667,42.605318],[-71.159517,42.607659],[-71.158617,42.612948],[-71.156564,42.614977],[-71.155154,42.615232],[-71.154336,42.615277],[-71.148613,42.613249],[-71.145864,42.608522],[-71.143074,42.604081],[-71.141528,42.603386],[-71.135441,42.599166],[-71.130543,42.583117],[-71.133048,42.581183],[-71.137125,42.580048],[-71.148026,42.57927],[-71.152262,42.577003],[-71.155209,42.574581],[-71.157253,42.570705],[-71.159386,42.56922],[-71.159872,42.567805],[-71.159293,42.562204],[-71.1627,42.559706],[-71.164799,42.557348],[-71.167897,42.555832],[-71.17261,42.551213],[-71.173511,42.549792],[-71.175379,42.549139]]","07/31/2016 - 08/28/2016, Every day, Daily Average",1224,946,1583
"1116","Harborwalk, Waterfront, Boston","[[-71.062911,42.361229],[-71.061856,42.36243],[-71.058261,42.363697],[-71.057757,42.363616],[-71.056105,42.362402],[-71.05542,42.361957],[-71.054925,42.362046],[-71.053826,42.363303],[-71.052111,42.363676],[-71.051647,42.36311],[-71.0512,42.363712],[-71.05109,42.364175],[-71.046389,42.363935],[-71.045918,42.361164],[-71.0455,42.359825],[-71.045566,42.359733],[-71.049595,42.354497],[-71.05106,42.355131],[-71.050851,42.356671],[-71.052158,42.358666],[-71.053518,42.358356],[-71.055759,42.356913],[-71.05771,42.356777],[-71.058737,42.356988],[-71.05829,42.35741],[-71.06151,42.358336],[-71.062642,42.357977],[-71.062875,42.359483],[-71.062911,42.361229]]","816","0 Keans Road, Burlington","[[-71.199411,42.510105],[-71.194748,42.510308],[-71.191887,42.512237],[-71.190276,42.512122],[-71.188861,42.513251],[-71.191864,42.516896],[-71.189236,42.521285],[-71.184142,42.522547],[-71.179824,42.5216],[-71.177693,42.521884],[-71.170063,42.515597],[-71.170055,42.515485],[-71.169932,42.513889],[-71.169324,42.507872],[-71.169923,42.506731],[-71.16888,42.50305],[-71.168444,42.498299],[-71.16849,42.497475],[-71.168914,42.490547],[-71.170186,42.488979],[-71.168924,42.487087],[-71.174838,42.485455],[-71.181501,42.483622],[-71.184189,42.481836],[-71.186452,42.481023],[-71.188652,42.483102],[-71.191584,42.488478],[-71.193807,42.492326],[-71.194636,42.49487],[-71.194055,42.499076],[-71.194726,42.500871],[-71.195489,42.502854],[-71.195862,42.504992],[-71.195779,42.506449],[-71.199411,42.510105]]","07/31/2016 - 08/28/2016, Every day, Daily Average",1195,905,1576
"1116","Harborwalk, Waterfront, Boston","[[-71.062911,42.361229],[-71.061856,42.36243],[-71.058261,42.363697],[-71.057757,42.363616],[-71.056105,42.362402],[-71.05542,42.361957],[-71.054925,42.362046],[-71.053826,42.363303],[-71.052111,42.363676],[-71.051647,42.36311],[-71.0512,42.363712],[-71.05109,42.364175],[-71.046389,42.363935],[-71.045918,42.361164],[-71.0455,42.359825],[-71.045566,42.359733],[-71.049595,42.354497],[-71.05106,42.355131],[-71.050851,42.356671],[-71.052158,42.358666],[-71.053518,42.358356],[-71.055759,42.356913],[-71.05771,42.356777],[-71.058737,42.356988],[-71.05829,42.35741],[-71.06151,42.358336],[-71.062642,42.357977],[-71.062875,42.359483],[-71.062911,42.361229]]","817","0 Burlington Mall Road, Burlington","[[-71.237348,42.496457],[-71.232673,42.492362],[-71.231068,42.493196],[-71.225046,42.493455],[-71.225345,42.494006],[-71.223865,42.496746],[-71.216507,42.499015],[-71.212303,42.499993],[-71.208724,42.501972],[-71.20794,42.503466],[-71.206909,42.504051],[-71.202326,42.50428],[-71.200364,42.504898],[-71.195862,42.504992],[-71.195489,42.502854],[-71.194726,42.500871],[-71.194055,42.499076],[-71.194636,42.49487],[-71.193807,42.492326],[-71.191584,42.488478],[-71.188652,42.483102],[-71.186452,42.481023],[-71.18548,42.479967],[-71.187396,42.479364],[-71.188279,42.479696],[-71.204289,42.465871],[-71.210289,42.470915],[-71.21091,42.467415],[-71.212245,42.466349],[-71.213376,42.467286],[-71.223204,42.475395],[-71.24089,42.490033],[-71.237348,42.496457]]","07/31/2016 - 08/28/2016, Every day, Daily Average",1349,1012,1797
"1116","Harborwalk, Waterfront, Boston","[[-71.062911,42.361229],[-71.061856,42.36243],[-71.058261,42.363697],[-71.057757,42.363616],[-71.056105,42.362402],[-71.05542,42.361957],[-71.054925,42.362046],[-71.053826,42.363303],[-71.052111,42.363676],[-71.051647,42.36311],[-71.0512,42.363712],[-71.05109,42.364175],[-71.046389,42.363935],[-71.045918,42.361164],[-71.0455,42.359825],[-71.045566,42.359733],[-71.049595,42.354497],[-71.05106,42.355131],[-71.050851,42.356671],[-71.052158,42.358666],[-71.053518,42.358356],[-71.055759,42.356913],[-71.05771,42.356777],[-71.058737,42.356988],[-71.05829,42.35741],[-71.06151,42.358336],[-71.062642,42.357977],[-71.062875,42.359483],[-71.062911,42.361229]]","818","100 New Boston Street, Woburn","[[-71.170063,42.515597],[-71.15808,42.520547],[-71.153052,42.522512],[-71.149188,42.524279],[-71.135456,42.530006],[-71.128892,42.517375],[-71.124198,42.508309],[-71.124107,42.508403],[-71.123865,42.507617],[-71.120999,42.502524],[-71.125436,42.502844],[-71.136463,42.502029],[-71.134927,42.498742],[-71.136602,42.498759],[-71.138964,42.499969],[-71.14271,42.50031],[-71.144762,42.500944],[-71.148539,42.500471],[-71.158103,42.499219],[-71.158786,42.499133],[-71.16849,42.497475],[-71.168444,42.498299],[-71.16888,42.50305],[-71.169923,42.506731],[-71.169324,42.507872],[-71.169932,42.513889],[-71.170055,42.515485],[-71.170063,42.515597]]","07/31/2016 - 08/28/2016, Every day, Daily Average",1025,757,1387
"1116","Harborwalk, Waterfront, Boston","[[-71.062911,42.361229],[-71.061856,42.36243],[-71.058261,42.363697],[-71.057757,42.363616],[-71.056105,42.362402],[-71.05542,42.361957],[-71.054925,42.362046],[-71.053826,42.363303],[-71.052111,42.363676],[-71.051647,42.36311],[-71.0512,42.363712],[-71.05109,42.364175],[-71.046389,42.363935],[-71.045918,42.361164],[-71.0455,42.359825],[-71.045566,42.359733],[-71.049595,42.354497],[-71.05106,42.355131],[-71.050851,42.356671],[-71.052158,42.358666],[-71.053518,42.358356],[-71.055759,42.356913],[-71.05771,42.356777],[-71.058737,42.356988],[-71.05829,42.35741],[-71.06151,42.358336],[-71.062642,42.357977],[-71.062875,42.359483],[-71.062911,42.361229]]","819","0 Maple Ridge Road, Reading","[[-71.132516,42.531286],[-71.13062,42.529148],[-71.128871,42.528025],[-71.126206,42.527467],[-71.124549,42.524395],[-71.121105,42.520394],[-71.120728,42.519957],[-71.119931,42.518132],[-71.119801,42.517945],[-71.119635,42.51744],[-71.114776,42.518449],[-71.107585,42.521573],[-71.105803,42.520871],[-71.103212,42.521113],[-71.103305,42.520019],[-71.104195,42.507983],[-71.103362,42.505597],[-71.101801,42.502161],[-71.11976,42.500292],[-71.120999,42.502524],[-71.123865,42.507617],[-71.124107,42.508403],[-71.124198,42.508309],[-71.128892,42.517375],[-71.135456,42.530006],[-71.132516,42.531286]]","07/31/2016 - 08/28/2016, Every day, Daily Average",917,661,1271
"1116","Harborwalk, Waterfront, Boston","[[-71.062911,42.361229],[-71.061856,42.36243],[-71.058261,42.363697],[-71.057757,42.363616],[-71.056105,42.362402],[-71.05542,42.361957],[-71.054925,42.362046],[-71.053826,42.363303],[-71.052111,42.363676],[-71.051647,42.36311],[-71.0512,42.363712],[-71.05109,42.364175],[-71.046389,42.363935],[-71.045918,42.361164],[-71.0455,42.359825],[-71.045566,42.359733],[-71.049595,42.354497],[-71.05106,42.355131],[-71.050851,42.356671],[-71.052158,42.358666],[-71.053518,42.358356],[-71.055759,42.356913],[-71.05771,42.356777],[-71.058737,42.356988],[-71.05829,42.35741],[-71.06151,42.358336],[-71.062642,42.357977],[-71.062875,42.359483],[-71.062911,42.361229]]","820","0 Pasture Road, Reading","[[-71.136522,42.552556],[-71.132687,42.552894],[-71.129142,42.554822],[-71.126938,42.554226],[-71.122821,42.558437],[-71.120635,42.560327],[-71.116298,42.561677],[-71.109973,42.561375],[-71.107769,42.564515],[-71.104022,42.566356],[-71.103548,42.564897],[-71.092818,42.559272],[-71.095877,42.554853],[-71.096051,42.551025],[-71.094897,42.549431],[-71.090727,42.546217],[-71.089524,42.543667],[-71.092763,42.538979],[-71.095601,42.539556],[-71.100479,42.539496],[-71.101513,42.540363],[-71.104072,42.540831],[-71.105121,42.536853],[-71.105132,42.536155],[-71.102405,42.527915],[-71.102039,42.52623],[-71.10218,42.525749],[-71.102664,42.524383],[-71.102791,42.524082],[-71.103018,42.525438],[-71.1035,42.525784],[-71.106197,42.527093],[-71.108534,42.528131],[-71.111306,42.528945],[-71.11418,42.529796],[-71.122382,42.533296],[-71.129585,42.535993],[-71.130594,42.53621],[-71.132451,42.53652],[-71.133231,42.539459],[-71.136522,42.552556]]","07/31/2016 - 08/28/2016, Every day, Daily Average",1374,1043,1808
"1116","Harborwalk, Waterfront, Boston","[[-71.062911,42.361229],[-71.061856,42.36243],[-71.058261,42.363697],[-71.057757,42.363616],[-71.056105,42.362402],[-71.05542,42.361957],[-71.054925,42.362046],[-71.053826,42.363303],[-71.052111,42.363676],[-71.051647,42.36311],[-71.0512,42.363712],[-71.05109,42.364175],[-71.046389,42.363935],[-71.045918,42.361164],[-71.0455,42.359825],[-71.045566,42.359733],[-71.049595,42.354497],[-71.05106,42.355131],[-71.050851,42.356671],[-71.052158,42.358666],[-71.053518,42.358356],[-71.055759,42.356913],[-71.05771,42.356777],[-71.058737,42.356988],[-71.05829,42.35741],[-71.06151,42.358336],[-71.062642,42.357977],[-71.062875,42.359483],[-71.062911,42.361229]]","821","0 Byron Street, Wakefield","[[-71.099693,42.506305],[-71.094326,42.507115],[-71.094261,42.507123],[-71.094351,42.507808],[-71.097398,42.510428],[-71.096773,42.511678],[-71.093057,42.515529],[-71.089068,42.513773],[-71.086389,42.512198],[-71.080636,42.507806],[-71.078742,42.505758],[-71.076251,42.502906],[-71.075189,42.501696],[-71.071563,42.497529],[-71.070305,42.495553],[-71.069322,42.490795],[-71.069427,42.489686],[-71.07272,42.490124],[-71.073972,42.489767],[-71.071009,42.487372],[-71.071612,42.486593],[-71.07524,42.488008],[-71.085365,42.492203],[-71.085546,42.492343],[-71.086382,42.493976],[-71.090073,42.50118],[-71.100722,42.502258],[-71.099693,42.506305]]","07/31/2016 - 08/28/2016, Every day, Daily Average",1037,770,1395
"1116","Harborwalk, Waterfront, Boston","[[-71.062911,42.361229],[-71.061856,42.36243],[-71.058261,42.363697],[-71.057757,42.363616],[-71.056105,42.362402],[-71.05542,42.361957],[-71.054925,42.362046],[-71.053826,42.363303],[-71.052111,42.363676],[-71.051647,42.36311],[-71.0512,42.363712],[-71.05109,42.364175],[-71.046389,42.363935],[-71.045918,42.361164],[-71.0455,42.359825],[-71.045566,42.359733],[-71.049595,42.354497],[-71.05106,42.355131],[-71.050851,42.356671],[-71.052158,42.358666],[-71.053518,42.358356],[-71.055759,42.356913],[-71.05771,42.356777],[-71.058737,42.356988],[-71.05829,42.35741],[-71.06151,42.358336],[-71.062642,42.357977],[-71.062875,42.359483],[-71.062911,42.361229]]","822","0 Eunice Circle, Wakefield","[[-71.066092,42.504231],[-71.065602,42.504998],[-71.064083,42.512473],[-71.063522,42.514843],[-71.062313,42.516983],[-71.057513,42.524173],[-71.040983,42.526262],[-71.038599,42.52396],[-71.041696,42.519895],[-71.038596,42.516195],[-71.039796,42.514195],[-71.037397,42.512796],[-71.036895,42.511791],[-71.037197,42.510196],[-71.035296,42.506995],[-71.036096,42.505195],[-71.037796,42.503295],[-71.041714,42.502557],[-71.043996,42.500695],[-71.042349,42.498344],[-71.05057,42.500185],[-71.055732,42.501698],[-71.057774,42.50291],[-71.060932,42.503255],[-71.06312,42.502776],[-71.064571,42.502537],[-71.067293,42.502803],[-71.066092,42.504231]]","07/31/2016 - 08/28/2016, Every day, Daily Average",1269,930,1729
"1116","Harborwalk, Waterfront, Boston","[[-71.062911,42.361229],[-71.061856,42.36243],[-71.058261,42.363697],[-71.057757,42.363616],[-71.056105,42.362402],[-71.05542,42.361957],[-71.054925,42.362046],[-71.053826,42.363303],[-71.052111,42.363676],[-71.051647,42.36311],[-71.0512,42.363712],[-71.05109,42.364175],[-71.046389,42.363935],[-71.045918,42.361164],[-71.0455,42.359825],[-71.045566,42.359733],[-71.049595,42.354497],[-71.05106,42.355131],[-71.050851,42.356671],[-71.052158,42.358666],[-71.053518,42.358356],[-71.055759,42.356913],[-71.05771,42.356777],[-71.058737,42.356988],[-71.05829,42.35741],[-71.06151,42.358336],[-71.062642,42.357977],[-71.062875,42.359483],[-71.062911,42.361229]]","823","0 Boston Rock Road, Melrose","[[-71.082104,42.444017],[-71.080595,42.453141],[-71.080471,42.453028],[-71.079411,42.452018],[-71.076032,42.450546],[-71.075055,42.447802],[-71.071427,42.448276],[-71.070586,42.4494],[-71.070024,42.45223],[-71.069564,42.452111],[-71.069304,42.452037],[-71.069136,42.451989],[-71.069007,42.452958],[-71.066458,42.453135],[-71.063295,42.453306],[-71.06174,42.452033],[-71.059717,42.449785],[-71.05959,42.449231],[-71.059202,42.447492],[-71.058043,42.447762],[-71.056579,42.444796],[-71.054832,42.443383],[-71.051961,42.442915],[-71.050169,42.442162],[-71.055441,42.441644],[-71.067657,42.440411],[-71.070553,42.440124],[-71.071619,42.44],[-71.074013,42.439757],[-71.082919,42.43884],[-71.082104,42.444017]]","07/31/2016 - 08/28/2016, Every day, Daily Average",1160,844,1592
"1116","Harborwalk, Waterfront, Boston","[[-71.062911,42.361229],[-71.061856,42.36243],[-71.058261,42.363697],[-71.057757,42.363616],[-71.056105,42.362402],[-71.05542,42.361957],[-71.054925,42.362046],[-71.053826,42.363303],[-71.052111,42.363676],[-71.051647,42.36311],[-71.0512,42.363712],[-71.05109,42.364175],[-71.046389,42.363935],[-71.045918,42.361164],[-71.0455,42.359825],[-71.045566,42.359733],[-71.049595,42.354497],[-71.05106,42.355131],[-71.050851,42.356671],[-71.052158,42.358666],[-71.053518,42.358356],[-71.055759,42.356913],[-71.05771,42.356777],[-71.058737,42.356988],[-71.05829,42.35741],[-71.06151,42.358336],[-71.062642,42.357977],[-71.062875,42.359483],[-71.062911,42.361229]]","824","200 Nahanton Street, Oak Hill, Newton","[[-71.211082,42.302721],[-71.211262,42.303115],[-71.205565,42.305763],[-71.209103,42.312327],[-71.209106,42.313567],[-71.20612,42.313514],[-71.206318,42.315918],[-71.205014,42.315552],[-71.202675,42.317242],[-71.202893,42.317785],[-71.204084,42.3192],[-71.202011,42.319177],[-71.194388,42.318951],[-71.195478,42.314664],[-71.198167,42.308341],[-71.195731,42.307109],[-71.192097,42.303564],[-71.187487,42.299539],[-71.184948,42.29814],[-71.183557,42.297776],[-71.181035,42.296397],[-71.179986,42.295715],[-71.178971,42.294864],[-71.178636,42.294595],[-71.190904,42.283248],[-71.191155,42.283059],[-71.190934,42.28565],[-71.192645,42.287745],[-71.194187,42.288471],[-71.195453,42.288184],[-71.196318,42.286573],[-71.200208,42.287753],[-71.201313,42.288608],[-71.204869,42.289431],[-71.206273,42.294483],[-71.207763,42.297181],[-71.211466,42.299713],[-71.211082,42.302721]]","07/31/2016 - 08/28/2016, Every day, Daily Average",1891,1376,2597
"1116","Harborwalk, Waterfront, Boston","[[-71.062911,42.361229],[-71.061856,42.36243],[-71.058261,42.363697],[-71.057757,42.363616],[-71.056105,42.362402],[-71.05542,42.361957],[-71.054925,42.362046],[-71.053826,42.363303],[-71.052111,42.363676],[-71.051647,42.36311],[-71.0512,42.363712],[-71.05109,42.364175],[-71.046389,42.363935],[-71.045918,42.361164],[-71.0455,42.359825],[-71.045566,42.359733],[-71.049595,42.354497],[-71.05106,42.355131],[-71.050851,42.356671],[-71.052158,42.358666],[-71.053518,42.358356],[-71.055759,42.356913],[-71.05771,42.356777],[-71.058737,42.356988],[-71.05829,42.35741],[-71.06151,42.358336],[-71.062642,42.357977],[-71.062875,42.359483],[-71.062911,42.361229]]","825","1400 Commonwealth Avenue, West Newton, Newton","[[-71.243948,42.334405],[-71.240689,42.334222],[-71.241037,42.337582],[-71.239556,42.340063],[-71.238625,42.341047],[-71.236415,42.343196],[-71.234514,42.344555],[-71.231853,42.342504],[-71.227102,42.345246],[-71.228925,42.347733],[-71.225101,42.348084],[-71.223048,42.348319],[-71.214088,42.350113],[-71.210803,42.350556],[-71.210699,42.34913],[-71.211239,42.344185],[-71.211546,42.342407],[-71.211573,42.33802],[-71.21547,42.336925],[-71.21708,42.337037],[-71.218332,42.333202],[-71.217554,42.333109],[-71.21711,42.331993],[-71.214698,42.332059],[-71.21408,42.331064],[-71.218062,42.330646],[-71.218868,42.330564],[-71.226344,42.328995],[-71.228163,42.328234],[-71.229547,42.327457],[-71.231194,42.326252],[-71.233321,42.327832],[-71.238108,42.330313],[-71.244888,42.3337],[-71.243948,42.334405]]","07/31/2016 - 08/28/2016, Every day, Daily Average",1378,964,1969
"1116","Harborwalk, Waterfront, Boston","[[-71.062911,42.361229],[-71.061856,42.36243],[-71.058261,42.363697],[-71.057757,42.363616],[-71.056105,42.362402],[-71.05542,42.361957],[-71.054925,42.362046],[-71.053826,42.363303],[-71.052111,42.363676],[-71.051647,42.36311],[-71.0512,42.363712],[-71.05109,42.364175],[-71.046389,42.363935],[-71.045918,42.361164],[-71.0455,42.359825],[-71.045566,42.359733],[-71.049595,42.354497],[-71.05106,42.355131],[-71.050851,42.356671],[-71.052158,42.358666],[-71.053518,42.358356],[-71.055759,42.356913],[-71.05771,42.356777],[-71.058737,42.356988],[-71.05829,42.35741],[-71.06151,42.358336],[-71.062642,42.357977],[-71.062875,42.359483],[-71.062911,42.361229]]","826","0 Abbott Avenue, Everett","[[-71.046674,42.416982],[-71.044917,42.419008],[-71.042719,42.421463],[-71.040897,42.423492],[-71.028257,42.424148],[-71.028562,42.423382],[-71.029319,42.421877],[-71.031086,42.418782],[-71.031701,42.417384],[-71.032493,42.415506],[-71.033401,42.415626],[-71.03582,42.414664],[-71.037115,42.41393],[-71.03867,42.413661],[-71.04217,42.413302],[-71.043156,42.413461],[-71.045673,42.412424],[-71.046228,42.413425],[-71.048196,42.415147],[-71.046674,42.416982]]","07/31/2016 - 08/28/2016, Every day, Daily Average",1047,737,1486
"1116","Harborwalk, Waterfront, Boston","[[-71.062911,42.361229],[-71.061856,42.36243],[-71.058261,42.363697],[-71.057757,42.363616],[-71.056105,42.362402],[-71.05542,42.361957],[-71.054925,42.362046],[-71.053826,42.363303],[-71.052111,42.363676],[-71.051647,42.36311],[-71.0512,42.363712],[-71.05109,42.364175],[-71.046389,42.363935],[-71.045918,42.361164],[-71.0455,42.359825],[-71.045566,42.359733],[-71.049595,42.354497],[-71.05106,42.355131],[-71.050851,42.356671],[-71.052158,42.358666],[-71.053518,42.358356],[-71.055759,42.356913],[-71.05771,42.356777],[-71.058737,42.356988],[-71.05829,42.35741],[-71.06151,42.358336],[-71.062642,42.357977],[-71.062875,42.359483],[-71.062911,42.361229]]","827","0 Randlett Park, West Newton, Newton","[[-71.237605,42.346906],[-71.235213,42.346978],[-71.232135,42.347566],[-71.231952,42.347961],[-71.226335,42.349391],[-71.226362,42.351275],[-71.22401,42.353257],[-71.223688,42.355502],[-71.222406,42.35941],[-71.223293,42.361113],[-71.226245,42.363887],[-71.21719,42.366534],[-71.217093,42.366614],[-71.216445,42.365913],[-71.213326,42.364896],[-71.21359,42.364566],[-71.214055,42.363409],[-71.216966,42.359874],[-71.216734,42.35986],[-71.216944,42.359221],[-71.213611,42.354153],[-71.214211,42.351174],[-71.214088,42.350113],[-71.223048,42.348319],[-71.225101,42.348084],[-71.228925,42.347733],[-71.227102,42.345246],[-71.231853,42.342504],[-71.234514,42.344555],[-71.236415,42.343196],[-71.2396,42.344493],[-71.237605,42.346906]]","07/31/2016 - 08/28/2016, Every day, Daily Average",1099,800,1508
"1116","Harborwalk, Waterfront, Boston","[[-71.062911,42.361229],[-71.061856,42.36243],[-71.058261,42.363697],[-71.057757,42.363616],[-71.056105,42.362402],[-71.05542,42.361957],[-71.054925,42.362046],[-71.053826,42.363303],[-71.052111,42.363676],[-71.051647,42.36311],[-71.0512,42.363712],[-71.05109,42.364175],[-71.046389,42.363935],[-71.045918,42.361164],[-71.0455,42.359825],[-71.045566,42.359733],[-71.049595,42.354497],[-71.05106,42.355131],[-71.050851,42.356671],[-71.052158,42.358666],[-71.053518,42.358356],[-71.055759,42.356913],[-71.05771,42.356777],[-71.058737,42.356988],[-71.05829,42.35741],[-71.06151,42.358336],[-71.062642,42.357977],[-71.062875,42.359483],[-71.062911,42.361229]]","828","100 Bacon Street, Natick","[[-71.359887,42.299933],[-71.352312,42.30076],[-71.349078,42.301106],[-71.341035,42.301972],[-71.33636,42.302482],[-71.332607,42.303371],[-71.332043,42.303503],[-71.329617,42.304051],[-71.326351,42.304289],[-71.323662,42.297415],[-71.321658,42.293894],[-71.321541,42.293686],[-71.331244,42.288704],[-71.340092,42.285204],[-71.340809,42.285025],[-71.341954,42.284795],[-71.347276,42.283783],[-71.347634,42.285248],[-71.347592,42.285659],[-71.348895,42.286261],[-71.352153,42.290149],[-71.354714,42.290481],[-71.35689,42.291981],[-71.35916,42.297432],[-71.359582,42.299286],[-71.359887,42.299933]]","07/31/2016 - 08/28/2016, Every day, Daily Average",2154,1747,2654
"1116","Harborwalk, Waterfront, Boston","[[-71.062911,42.361229],[-71.061856,42.36243],[-71.058261,42.363697],[-71.057757,42.363616],[-71.056105,42.362402],[-71.05542,42.361957],[-71.054925,42.362046],[-71.053826,42.363303],[-71.052111,42.363676],[-71.051647,42.36311],[-71.0512,42.363712],[-71.05109,42.364175],[-71.046389,42.363935],[-71.045918,42.361164],[-71.0455,42.359825],[-71.045566,42.359733],[-71.049595,42.354497],[-71.05106,42.355131],[-71.050851,42.356671],[-71.052158,42.358666],[-71.053518,42.358356],[-71.055759,42.356913],[-71.05771,42.356777],[-71.058737,42.356988],[-71.05829,42.35741],[-71.06151,42.358336],[-71.062642,42.357977],[-71.062875,42.359483],[-71.062911,42.361229]]","829","100 South Main Street, Natick","[[-71.379993,42.272024],[-71.376303,42.278155],[-71.370457,42.278168],[-71.363797,42.279358],[-71.361184,42.279634],[-71.358196,42.280337],[-71.355742,42.280886],[-71.353043,42.281445],[-71.352121,42.281723],[-71.347244,42.283405],[-71.34729,42.280741],[-71.346982,42.279116],[-71.346531,42.276844],[-71.345419,42.274055],[-71.34508,42.268566],[-71.343069,42.265345],[-71.342319,42.258735],[-71.345032,42.259392],[-71.350464,42.259133],[-71.355534,42.259749],[-71.356304,42.259593],[-71.35692,42.261727],[-71.356656,42.263314],[-71.361243,42.264815],[-71.376833,42.269489],[-71.381728,42.270383],[-71.379993,42.272024]]","07/31/2016 - 08/28/2016, Every day, Daily Average",2375,1935,2913
"1116","Harborwalk, Waterfront, Boston","[[-71.062911,42.361229],[-71.061856,42.36243],[-71.058261,42.363697],[-71.057757,42.363616],[-71.056105,42.362402],[-71.05542,42.361957],[-71.054925,42.362046],[-71.053826,42.363303],[-71.052111,42.363676],[-71.051647,42.36311],[-71.0512,42.363712],[-71.05109,42.364175],[-71.046389,42.363935],[-71.045918,42.361164],[-71.0455,42.359825],[-71.045566,42.359733],[-71.049595,42.354497],[-71.05106,42.355131],[-71.050851,42.356671],[-71.052158,42.358666],[-71.053518,42.358356],[-71.055759,42.356913],[-71.05771,42.356777],[-71.058737,42.356988],[-71.05829,42.35741],[-71.06151,42.358336],[-71.062642,42.357977],[-71.062875,42.359483],[-71.062911,42.361229]]","830","C Street, Natick","[[-71.383191,42.307777],[-71.379763,42.311988],[-71.377687,42.314669],[-71.373395,42.309855],[-71.371264,42.309994],[-71.368753,42.312837],[-71.3649,42.31536],[-71.363085,42.315846],[-71.362093,42.315074],[-71.360374,42.314057],[-71.360369,42.312347],[-71.361278,42.309659],[-71.361791,42.307447],[-71.361082,42.302145],[-71.36102,42.30197],[-71.359887,42.299933],[-71.359582,42.299286],[-71.35916,42.297432],[-71.35689,42.291981],[-71.354714,42.290481],[-71.352153,42.290149],[-71.348895,42.286261],[-71.347592,42.285659],[-71.347634,42.285248],[-71.347276,42.283783],[-71.347244,42.283405],[-71.352121,42.281723],[-71.353043,42.281445],[-71.355742,42.280886],[-71.358196,42.280337],[-71.361184,42.279634],[-71.363797,42.279358],[-71.370457,42.278168],[-71.376303,42.278155],[-71.376317,42.279597],[-71.375864,42.282574],[-71.375381,42.283805],[-71.375199,42.28787],[-71.376621,42.292618],[-71.376841,42.296214],[-71.377919,42.297528],[-71.381648,42.303993],[-71.383191,42.307777]]","07/31/2016 - 08/28/2016, Every day, Daily Average",1663,1251,2210
"1116","Harborwalk, Waterfront, Boston","[[-71.062911,42.361229],[-71.061856,42.36243],[-71.058261,42.363697],[-71.057757,42.363616],[-71.056105,42.362402],[-71.05542,42.361957],[-71.054925,42.362046],[-71.053826,42.363303],[-71.052111,42.363676],[-71.051647,42.36311],[-71.0512,42.363712],[-71.05109,42.364175],[-71.046389,42.363935],[-71.045918,42.361164],[-71.0455,42.359825],[-71.045566,42.359733],[-71.049595,42.354497],[-71.05106,42.355131],[-71.050851,42.356671],[-71.052158,42.358666],[-71.053518,42.358356],[-71.055759,42.356913],[-71.05771,42.356777],[-71.058737,42.356988],[-71.05829,42.35741],[-71.06151,42.358336],[-71.062642,42.357977],[-71.062875,42.359483],[-71.062911,42.361229]]","831","0 Woodland Road, Stoneham","[[-71.102352,42.457186],[-71.102237,42.459037],[-71.10135,42.460206],[-71.101668,42.463049],[-71.100847,42.46578],[-71.100485,42.467214],[-71.096627,42.467383],[-71.097925,42.46974],[-71.097037,42.473755],[-71.094799,42.474559],[-71.094844,42.475822],[-71.094071,42.476841],[-71.09331,42.479262],[-71.094606,42.481327],[-71.093871,42.481218],[-71.091042,42.481547],[-71.08031,42.482705],[-71.075814,42.483573],[-71.076512,42.478247],[-71.077707,42.477391],[-71.077985,42.473975],[-71.078152,42.47402],[-71.078443,42.470612],[-71.07891,42.464979],[-71.079245,42.461321],[-71.079797,42.457977],[-71.080595,42.453141],[-71.082104,42.444017],[-71.085696,42.444695],[-71.104722,42.448847],[-71.102352,42.457186]]","07/31/2016 - 08/28/2016, Every day, Daily Average",706,475,1048
"1116","Harborwalk, Waterfront, Boston","[[-71.062911,42.361229],[-71.061856,42.36243],[-71.058261,42.363697],[-71.057757,42.363616],[-71.056105,42.362402],[-71.05542,42.361957],[-71.054925,42.362046],[-71.053826,42.363303],[-71.052111,42.363676],[-71.051647,42.36311],[-71.0512,42.363712],[-71.05109,42.364175],[-71.046389,42.363935],[-71.045918,42.361164],[-71.0455,42.359825],[-71.045566,42.359733],[-71.049595,42.354497],[-71.05106,42.355131],[-71.050851,42.356671],[-71.052158,42.358666],[-71.053518,42.358356],[-71.055759,42.356913],[-71.05771,42.356777],[-71.058737,42.356988],[-71.05829,42.35741],[-71.06151,42.358336],[-71.062642,42.357977],[-71.062875,42.359483],[-71.062911,42.361229]]","832","0 Rodgers Road, Stoneham","[[-71.11976,42.500292],[-71.101801,42.502161],[-71.101016,42.500759],[-71.100703,42.498074],[-71.100489,42.494193],[-71.100082,42.486865],[-71.102874,42.486744],[-71.101118,42.485823],[-71.103903,42.483118],[-71.109736,42.478981],[-71.110627,42.478772],[-71.113168,42.478697],[-71.115715,42.489621],[-71.116775,42.49455],[-71.121496,42.498538],[-71.11976,42.500292]]","07/31/2016 - 08/28/2016, Every day, Daily Average",857,621,1181
"1116","Harborwalk, Waterfront, Boston","[[-71.062911,42.361229],[-71.061856,42.36243],[-71.058261,42.363697],[-71.057757,42.363616],[-71.056105,42.362402],[-71.05542,42.361957],[-71.054925,42.362046],[-71.053826,42.363303],[-71.052111,42.363676],[-71.051647,42.36311],[-71.0512,42.363712],[-71.05109,42.364175],[-71.046389,42.363935],[-71.045918,42.361164],[-71.0455,42.359825],[-71.045566,42.359733],[-71.049595,42.354497],[-71.05106,42.355131],[-71.050851,42.356671],[-71.052158,42.358666],[-71.053518,42.358356],[-71.055759,42.356913],[-71.05771,42.356777],[-71.058737,42.356988],[-71.05829,42.35741],[-71.06151,42.358336],[-71.062642,42.357977],[-71.062875,42.359483],[-71.062911,42.361229]]","833","300 Highland Avenue, Winchester","[[-71.142098,42.442395],[-71.140103,42.444911],[-71.13764,42.451351],[-71.137012,42.453019],[-71.135687,42.455976],[-71.134688,42.459266],[-71.129961,42.457774],[-71.12895,42.45937],[-71.126222,42.458501],[-71.125517,42.459534],[-71.119794,42.458627],[-71.119631,42.459888],[-71.120742,42.461519],[-71.120307,42.463796],[-71.122338,42.46416],[-71.121111,42.466022],[-71.120762,42.467887],[-71.118337,42.467411],[-71.116629,42.468716],[-71.114278,42.468038],[-71.115462,42.464955],[-71.114673,42.463365],[-71.119402,42.453445],[-71.121346,42.44867],[-71.124005,42.443827],[-71.121976,42.439786],[-71.12518,42.439332],[-71.127097,42.438966],[-71.128377,42.436917],[-71.128963,42.435603],[-71.130019,42.435545],[-71.14533,42.435756],[-71.142098,42.442395]]","07/31/2016 - 08/28/2016, Every day, Daily Average",958,697,1314
"1116","Harborwalk, Waterfront, Boston","[[-71.062911,42.361229],[-71.061856,42.36243],[-71.058261,42.363697],[-71.057757,42.363616],[-71.056105,42.362402],[-71.05542,42.361957],[-71.054925,42.362046],[-71.053826,42.363303],[-71.052111,42.363676],[-71.051647,42.36311],[-71.0512,42.363712],[-71.05109,42.364175],[-71.046389,42.363935],[-71.045918,42.361164],[-71.0455,42.359825],[-71.045566,42.359733],[-71.049595,42.354497],[-71.05106,42.355131],[-71.050851,42.356671],[-71.052158,42.358666],[-71.053518,42.358356],[-71.055759,42.356913],[-71.05771,42.356777],[-71.058737,42.356988],[-71.05829,42.35741],[-71.06151,42.358336],[-71.062642,42.357977],[-71.062875,42.359483],[-71.062911,42.361229]]","834","0 Orchard Street, Medford","[[-71.129872,42.413384],[-71.126992,42.41663],[-71.126165,42.417653],[-71.126762,42.418112],[-71.12582,42.418886],[-71.12499,42.419115],[-71.117942,42.419096],[-71.117924,42.417391],[-71.11826,42.416854],[-71.118601,42.416334],[-71.119964,42.414279],[-71.120079,42.41412],[-71.121782,42.411549],[-71.123088,42.409608],[-71.125404,42.410395],[-71.125701,42.409963],[-71.126179,42.409227],[-71.127415,42.410309],[-71.128101,42.41072],[-71.127097,42.412244],[-71.129872,42.413384]]","07/31/2016 - 08/28/2016, Every day, Daily Average",831,547,1260
"1116","Harborwalk, Waterfront, Boston","[[-71.062911,42.361229],[-71.061856,42.36243],[-71.058261,42.363697],[-71.057757,42.363616],[-71.056105,42.362402],[-71.05542,42.361957],[-71.054925,42.362046],[-71.053826,42.363303],[-71.052111,42.363676],[-71.051647,42.36311],[-71.0512,42.363712],[-71.05109,42.364175],[-71.046389,42.363935],[-71.045918,42.361164],[-71.0455,42.359825],[-71.045566,42.359733],[-71.049595,42.354497],[-71.05106,42.355131],[-71.050851,42.356671],[-71.052158,42.358666],[-71.053518,42.358356],[-71.055759,42.356913],[-71.05771,42.356777],[-71.058737,42.356988],[-71.05829,42.35741],[-71.06151,42.358336],[-71.062642,42.357977],[-71.062875,42.359483],[-71.062911,42.361229]]","835","0 Marston Street, Medford","[[-71.125404,42.410395],[-71.123088,42.409608],[-71.121782,42.411549],[-71.120079,42.41412],[-71.119964,42.414279],[-71.118601,42.416334],[-71.11826,42.416854],[-71.117924,42.417391],[-71.117942,42.419096],[-71.115153,42.418991],[-71.110501,42.417078],[-71.110344,42.417027],[-71.107698,42.415302],[-71.105902,42.412863],[-71.106658,42.411127],[-71.110122,42.41031],[-71.113384,42.410519],[-71.11644,42.407323],[-71.113229,42.403044],[-71.114894,42.40218],[-71.115469,42.405048],[-71.117419,42.405829],[-71.121668,42.407088],[-71.123996,42.408268],[-71.125701,42.409963],[-71.125404,42.410395]]","07/31/2016 - 08/28/2016, Every day, Daily Average",729,458,1157
"1116","Harborwalk, Waterfront, Boston","[[-71.062911,42.361229],[-71.061856,42.36243],[-71.058261,42.363697],[-71.057757,42.363616],[-71.056105,42.362402],[-71.05542,42.361957],[-71.054925,42.362046],[-71.053826,42.363303],[-71.052111,42.363676],[-71.051647,42.36311],[-71.0512,42.363712],[-71.05109,42.364175],[-71.046389,42.363935],[-71.045918,42.361164],[-71.0455,42.359825],[-71.045566,42.359733],[-71.049595,42.354497],[-71.05106,42.355131],[-71.050851,42.356671],[-71.052158,42.358666],[-71.053518,42.358356],[-71.055759,42.356913],[-71.05771,42.356777],[-71.058737,42.356988],[-71.05829,42.35741],[-71.06151,42.358336],[-71.062642,42.357977],[-71.062875,42.359483],[-71.062911,42.361229]]","836","100 Central Avenue, Medford","[[-71.104199,42.418745],[-71.098579,42.420894],[-71.096702,42.421634],[-71.096011,42.42177],[-71.092568,42.422405],[-71.091666,42.422798],[-71.089705,42.424115],[-71.088171,42.423391],[-71.087733,42.422362],[-71.086583,42.419562],[-71.085871,42.418012],[-71.084277,42.416565],[-71.081724,42.415157],[-71.07931,42.414938],[-71.076798,42.413265],[-71.0769,42.410745],[-71.077503,42.412172],[-71.079288,42.413173],[-71.084371,42.414117],[-71.093021,42.415603],[-71.096898,42.416193],[-71.099708,42.416849],[-71.104161,42.417374],[-71.104199,42.418745]]","07/31/2016 - 08/28/2016, Every day, Daily Average",589,363,953
"1116","Harborwalk, Waterfront, Boston","[[-71.062911,42.361229],[-71.061856,42.36243],[-71.058261,42.363697],[-71.057757,42.363616],[-71.056105,42.362402],[-71.05542,42.361957],[-71.054925,42.362046],[-71.053826,42.363303],[-71.052111,42.363676],[-71.051647,42.36311],[-71.0512,42.363712],[-71.05109,42.364175],[-71.046389,42.363935],[-71.045918,42.361164],[-71.0455,42.359825],[-71.045566,42.359733],[-71.049595,42.354497],[-71.05106,42.355131],[-71.050851,42.356671],[-71.052158,42.358666],[-71.053518,42.358356],[-71.055759,42.356913],[-71.05771,42.356777],[-71.058737,42.356988],[-71.05829,42.35741],[-71.06151,42.358336],[-71.062642,42.357977],[-71.062875,42.359483],[-71.062911,42.361229]]","837","0 Mc Cormack Avenue, Medford","[[-71.102557,42.428794],[-71.102505,42.430074],[-71.102175,42.430582],[-71.101171,42.433095],[-71.102524,42.437776],[-71.099326,42.438863],[-71.098917,42.438274],[-71.09633,42.441081],[-71.093627,42.442529],[-71.091454,42.440462],[-71.088566,42.441219],[-71.086346,42.440108],[-71.086852,42.43677],[-71.087263,42.43414],[-71.08836,42.429054],[-71.089062,42.429115],[-71.08943,42.426724],[-71.088665,42.424784],[-71.088171,42.423391],[-71.089705,42.424115],[-71.090533,42.424389],[-71.096035,42.425252],[-71.101927,42.426274],[-71.10271,42.427982],[-71.102557,42.428794]]","07/31/2016 - 08/28/2016, Every day, Daily Average",734,486,1106
"1116","Harborwalk, Waterfront, Boston","[[-71.062911,42.361229],[-71.061856,42.36243],[-71.058261,42.363697],[-71.057757,42.363616],[-71.056105,42.362402],[-71.05542,42.361957],[-71.054925,42.362046],[-71.053826,42.363303],[-71.052111,42.363676],[-71.051647,42.36311],[-71.0512,42.363712],[-71.05109,42.364175],[-71.046389,42.363935],[-71.045918,42.361164],[-71.0455,42.359825],[-71.045566,42.359733],[-71.049595,42.354497],[-71.05106,42.355131],[-71.050851,42.356671],[-71.052158,42.358666],[-71.053518,42.358356],[-71.055759,42.356913],[-71.05771,42.356777],[-71.058737,42.356988],[-71.05829,42.35741],[-71.06151,42.358336],[-71.062642,42.357977],[-71.062875,42.359483],[-71.062911,42.361229]]","838","100 West Street, Malden","[[-71.088287,42.424955],[-71.082356,42.426392],[-71.081065,42.426562],[-71.073968,42.427322],[-71.074519,42.425978],[-71.075594,42.423319],[-71.076635,42.420487],[-71.076776,42.419535],[-71.076803,42.41763],[-71.076798,42.413265],[-71.07931,42.414938],[-71.081724,42.415157],[-71.084277,42.416565],[-71.085871,42.418012],[-71.086583,42.419562],[-71.087733,42.422362],[-71.088171,42.423391],[-71.088665,42.424784],[-71.088287,42.424955]]","07/31/2016 - 08/28/2016, Every day, Daily Average",887,599,1312
"1116","Harborwalk, Waterfront, Boston","[[-71.062911,42.361229],[-71.061856,42.36243],[-71.058261,42.363697],[-71.057757,42.363616],[-71.056105,42.362402],[-71.05542,42.361957],[-71.054925,42.362046],[-71.053826,42.363303],[-71.052111,42.363676],[-71.051647,42.36311],[-71.0512,42.363712],[-71.05109,42.364175],[-71.046389,42.363935],[-71.045918,42.361164],[-71.0455,42.359825],[-71.045566,42.359733],[-71.049595,42.354497],[-71.05106,42.355131],[-71.050851,42.356671],[-71.052158,42.358666],[-71.053518,42.358356],[-71.055759,42.356913],[-71.05771,42.356777],[-71.058737,42.356988],[-71.05829,42.35741],[-71.06151,42.358336],[-71.062642,42.357977],[-71.062875,42.359483],[-71.062911,42.361229]]","839","0 Webber Street, Malden","[[-71.059499,42.434254],[-71.057789,42.434693],[-71.056641,42.434769],[-71.054247,42.43502],[-71.053272,42.435165],[-71.052328,42.435971],[-71.050204,42.436083],[-71.050298,42.437098],[-71.049715,42.439432],[-71.048175,42.439452],[-71.049206,42.441724],[-71.050169,42.442162],[-71.044176,42.442827],[-71.041387,42.440553],[-71.042135,42.438224],[-71.040791,42.438144],[-71.037129,42.436856],[-71.03772,42.436549],[-71.038755,42.434213],[-71.040208,42.433977],[-71.04611,42.433542],[-71.048034,42.432831],[-71.049013,42.432333],[-71.050538,42.431708],[-71.057796,42.430978],[-71.058015,42.430913],[-71.058319,42.431959],[-71.059499,42.434254]]","07/31/2016 - 08/28/2016, Every day, Daily Average",1236,943,1619
"1116","Harborwalk, Waterfront, Boston","[[-71.062911,42.361229],[-71.061856,42.36243],[-71.058261,42.363697],[-71.057757,42.363616],[-71.056105,42.362402],[-71.05542,42.361957],[-71.054925,42.362046],[-71.053826,42.363303],[-71.052111,42.363676],[-71.051647,42.36311],[-71.0512,42.363712],[-71.05109,42.364175],[-71.046389,42.363935],[-71.045918,42.361164],[-71.0455,42.359825],[-71.045566,42.359733],[-71.049595,42.354497],[-71.05106,42.355131],[-71.050851,42.356671],[-71.052158,42.358666],[-71.053518,42.358356],[-71.055759,42.356913],[-71.05771,42.356777],[-71.058737,42.356988],[-71.05829,42.35741],[-71.06151,42.358336],[-71.062642,42.357977],[-71.062875,42.359483],[-71.062911,42.361229]]","840","0 Hamilton Road, West Somerville, Somerville","[[-71.134463,42.405733],[-71.133833,42.407026],[-71.132415,42.40901],[-71.1324,42.414573],[-71.132317,42.415216],[-71.131632,42.415824],[-71.13116,42.417043],[-71.126762,42.418112],[-71.126165,42.417653],[-71.126992,42.41663],[-71.129872,42.413384],[-71.127097,42.412244],[-71.128101,42.41072],[-71.127415,42.410309],[-71.126179,42.409227],[-71.127202,42.407682],[-71.124936,42.406837],[-71.125837,42.405437],[-71.127246,42.403293],[-71.128658,42.403998],[-71.128485,42.402746],[-71.130698,42.400943],[-71.131292,42.401569],[-71.133653,42.403463],[-71.134514,42.404172],[-71.134463,42.405733]]","07/31/2016 - 08/28/2016, Every day, Daily Average",895,623,1284
"1116","Harborwalk, Waterfront, Boston","[[-71.062911,42.361229],[-71.061856,42.36243],[-71.058261,42.363697],[-71.057757,42.363616],[-71.056105,42.362402],[-71.05542,42.361957],[-71.054925,42.362046],[-71.053826,42.363303],[-71.052111,42.363676],[-71.051647,42.36311],[-71.0512,42.363712],[-71.05109,42.364175],[-71.046389,42.363935],[-71.045918,42.361164],[-71.0455,42.359825],[-71.045566,42.359733],[-71.049595,42.354497],[-71.05106,42.355131],[-71.050851,42.356671],[-71.052158,42.358666],[-71.053518,42.358356],[-71.055759,42.356913],[-71.05771,42.356777],[-71.058737,42.356988],[-71.05829,42.35741],[-71.06151,42.358336],[-71.062642,42.357977],[-71.062875,42.359483],[-71.062911,42.361229]]","843","0 Upham Street, Highlands, Lowell","[[-71.350292,42.626344],[-71.349797,42.629553],[-71.348701,42.630113],[-71.348073,42.628455],[-71.34455,42.629116],[-71.343899,42.631194],[-71.341659,42.630024],[-71.339002,42.630334],[-71.337687,42.62657],[-71.335489,42.626784],[-71.333415,42.627046],[-71.332203,42.627342],[-71.3316,42.627255],[-71.329561,42.626748],[-71.32413,42.626397],[-71.323007,42.626083],[-71.321356,42.625603],[-71.319143,42.62496],[-71.319529,42.621766],[-71.318684,42.618311],[-71.319957,42.61603],[-71.319947,42.615969],[-71.319913,42.615875],[-71.319859,42.615796],[-71.319771,42.615688],[-71.319689,42.615625],[-71.318388,42.61395],[-71.317745,42.613647],[-71.319309,42.613572],[-71.318882,42.608544],[-71.319897,42.6069],[-71.323771,42.607572],[-71.325277,42.611377],[-71.325654,42.613163],[-71.32838,42.613465],[-71.328834,42.613774],[-71.351788,42.622717],[-71.350292,42.626344]]","07/31/2016 - 08/28/2016, Every day, Daily Average",2027,1613,2546
"1116","Harborwalk, Waterfront, Boston","[[-71.062911,42.361229],[-71.061856,42.36243],[-71.058261,42.363697],[-71.057757,42.363616],[-71.056105,42.362402],[-71.05542,42.361957],[-71.054925,42.362046],[-71.053826,42.363303],[-71.052111,42.363676],[-71.051647,42.36311],[-71.0512,42.363712],[-71.05109,42.364175],[-71.046389,42.363935],[-71.045918,42.361164],[-71.0455,42.359825],[-71.045566,42.359733],[-71.049595,42.354497],[-71.05106,42.355131],[-71.050851,42.356671],[-71.052158,42.358666],[-71.053518,42.358356],[-71.055759,42.356913],[-71.05771,42.356777],[-71.058737,42.356988],[-71.05829,42.35741],[-71.06151,42.358336],[-71.062642,42.357977],[-71.062875,42.359483],[-71.062911,42.361229]]","844","1300 Lawrence Street, South Lowell, Lowell","[[-71.301211,42.636053],[-71.297582,42.636419],[-71.293936,42.636117],[-71.288729,42.632615],[-71.282897,42.631253],[-71.276194,42.629488],[-71.274709,42.628859],[-71.275852,42.625869],[-71.276083,42.625268],[-71.27642,42.624397],[-71.277791,42.620847],[-71.283427,42.615299],[-71.296271,42.612675],[-71.297028,42.613011],[-71.296872,42.613577],[-71.296375,42.614676],[-71.295866,42.61636],[-71.295359,42.619585],[-71.296305,42.625969],[-71.296064,42.625937],[-71.297482,42.626956],[-71.298487,42.631911],[-71.300507,42.634005],[-71.301211,42.636053]]","07/31/2016 - 08/28/2016, Every day, Daily Average",2062,1685,2522
"1116","Harborwalk, Waterfront, Boston","[[-71.062911,42.361229],[-71.061856,42.36243],[-71.058261,42.363697],[-71.057757,42.363616],[-71.056105,42.362402],[-71.05542,42.361957],[-71.054925,42.362046],[-71.053826,42.363303],[-71.052111,42.363676],[-71.051647,42.36311],[-71.0512,42.363712],[-71.05109,42.364175],[-71.046389,42.363935],[-71.045918,42.361164],[-71.0455,42.359825],[-71.045566,42.359733],[-71.049595,42.354497],[-71.05106,42.355131],[-71.050851,42.356671],[-71.052158,42.358666],[-71.053518,42.358356],[-71.055759,42.356913],[-71.05771,42.356777],[-71.058737,42.356988],[-71.05829,42.35741],[-71.06151,42.358336],[-71.062642,42.357977],[-71.062875,42.359483],[-71.062911,42.361229]]","846","0 Beacham Street, Everett","[[-71.075988,42.399706],[-71.072807,42.40381],[-71.071297,42.406922],[-71.073552,42.409393],[-71.07199,42.411883],[-71.073196,42.412996],[-71.073296,42.414796],[-71.071079,42.414912],[-71.065256,42.40811],[-71.064208,42.40822],[-71.062215,42.408336],[-71.059303,42.408897],[-71.056113,42.409534],[-71.053599,42.411921],[-71.052025,42.410811],[-71.052173,42.410646],[-71.055152,42.407462],[-71.055567,42.407057],[-71.059419,42.402987],[-71.05976,42.402385],[-71.0573,42.403062],[-71.052962,42.403024],[-71.047629,42.402393],[-71.041505,42.401657],[-71.040887,42.401749],[-71.048208,42.396621],[-71.051567,42.39753],[-71.052995,42.396196],[-71.050002,42.393471],[-71.050695,42.391996],[-71.055295,42.387097],[-71.055524,42.387119],[-71.057395,42.387297],[-71.065695,42.386596],[-71.070896,42.388996],[-71.067095,42.393996],[-71.067396,42.394996],[-71.069496,42.393896],[-71.072696,42.390796],[-71.073496,42.391796],[-71.074086,42.392588],[-71.075996,42.396396],[-71.075988,42.399706]]","07/31/2016 - 08/28/2016, Every day, Daily Average",755,504,1130
"1116","Harborwalk, Waterfront, Boston","[[-71.062911,42.361229],[-71.061856,42.36243],[-71.058261,42.363697],[-71.057757,42.363616],[-71.056105,42.362402],[-71.05542,42.361957],[-71.054925,42.362046],[-71.053826,42.363303],[-71.052111,42.363676],[-71.051647,42.36311],[-71.0512,42.363712],[-71.05109,42.364175],[-71.046389,42.363935],[-71.045918,42.361164],[-71.0455,42.359825],[-71.045566,42.359733],[-71.049595,42.354497],[-71.05106,42.355131],[-71.050851,42.356671],[-71.052158,42.358666],[-71.053518,42.358356],[-71.055759,42.356913],[-71.05771,42.356777],[-71.058737,42.356988],[-71.05829,42.35741],[-71.06151,42.358336],[-71.062642,42.357977],[-71.062875,42.359483],[-71.062911,42.361229]]","847","100 Sycamore Street, Winter Hill, Somerville","[[-71.10178,42.396649],[-71.100514,42.396226],[-71.098647,42.395272],[-71.097649,42.394728],[-71.093417,42.392557],[-71.093081,42.39236],[-71.091683,42.39168],[-71.090623,42.390964],[-71.090215,42.390765],[-71.088079,42.389715],[-71.089331,42.38846],[-71.089502,42.388232],[-71.090477,42.38652],[-71.093175,42.387361],[-71.095676,42.38813],[-71.096284,42.388304],[-71.09542,42.38743],[-71.09763,42.388431],[-71.102035,42.390402],[-71.101506,42.391148],[-71.103975,42.392357],[-71.10178,42.396649]]","07/31/2016 - 08/28/2016, Every day, Daily Average",745,509,1089
"1116","Harborwalk, Waterfront, Boston","[[-71.062911,42.361229],[-71.061856,42.36243],[-71.058261,42.363697],[-71.057757,42.363616],[-71.056105,42.362402],[-71.05542,42.361957],[-71.054925,42.362046],[-71.053826,42.363303],[-71.052111,42.363676],[-71.051647,42.36311],[-71.0512,42.363712],[-71.05109,42.364175],[-71.046389,42.363935],[-71.045918,42.361164],[-71.0455,42.359825],[-71.045566,42.359733],[-71.049595,42.354497],[-71.05106,42.355131],[-71.050851,42.356671],[-71.052158,42.358666],[-71.053518,42.358356],[-71.055759,42.356913],[-71.05771,42.356777],[-71.058737,42.356988],[-71.05829,42.35741],[-71.06151,42.358336],[-71.062642,42.357977],[-71.062875,42.359483],[-71.062911,42.361229]]","848","0 Wallace Street, Tufts, Somerville","[[-71.127246,42.403293],[-71.124964,42.402291],[-71.124326,42.40203],[-71.122225,42.401458],[-71.12175,42.401329],[-71.12073,42.401096],[-71.119089,42.4008],[-71.116962,42.400913],[-71.118915,42.399435],[-71.120896,42.398528],[-71.122166,42.396674],[-71.122901,42.396991],[-71.123672,42.39792],[-71.124159,42.398518],[-71.124567,42.399034],[-71.126146,42.401039],[-71.127246,42.403293]]","07/31/2016 - 08/28/2016, Every day, Daily Average",1037,749,1434
"1116","Harborwalk, Waterfront, Boston","[[-71.062911,42.361229],[-71.061856,42.36243],[-71.058261,42.363697],[-71.057757,42.363616],[-71.056105,42.362402],[-71.05542,42.361957],[-71.054925,42.362046],[-71.053826,42.363303],[-71.052111,42.363676],[-71.051647,42.36311],[-71.0512,42.363712],[-71.05109,42.364175],[-71.046389,42.363935],[-71.045918,42.361164],[-71.0455,42.359825],[-71.045566,42.359733],[-71.049595,42.354497],[-71.05106,42.355131],[-71.050851,42.356671],[-71.052158,42.358666],[-71.053518,42.358356],[-71.055759,42.356913],[-71.05771,42.356777],[-71.058737,42.356988],[-71.05829,42.35741],[-71.06151,42.358336],[-71.062642,42.357977],[-71.062875,42.359483],[-71.062911,42.361229]]","851","100 Groton Road, North Chelmsford, Chelmsford","[[-71.412309,42.64941],[-71.411978,42.647974],[-71.409764,42.648785],[-71.405309,42.648138],[-71.403966,42.648419],[-71.402734,42.646695],[-71.398959,42.644883],[-71.398312,42.645502],[-71.401288,42.649488],[-71.40211,42.651603],[-71.400631,42.652024],[-71.398995,42.652467],[-71.396968,42.649637],[-71.394341,42.648474],[-71.389208,42.649004],[-71.38522,42.649599],[-71.38092,42.649008],[-71.379751,42.648231],[-71.377115,42.642697],[-71.374252,42.639419],[-71.376556,42.637932],[-71.37895,42.635568],[-71.382147,42.632582],[-71.389853,42.627212],[-71.396561,42.622542],[-71.398067,42.621701],[-71.400462,42.620229],[-71.402016,42.617719],[-71.403434,42.618882],[-71.403769,42.618379],[-71.40709,42.616432],[-71.410899,42.629919],[-71.417652,42.653821],[-71.412309,42.64941]]","07/31/2016 - 08/28/2016, Every day, Daily Average",2202,1780,2723
"1116","Harborwalk, Waterfront, Boston","[[-71.062911,42.361229],[-71.061856,42.36243],[-71.058261,42.363697],[-71.057757,42.363616],[-71.056105,42.362402],[-71.05542,42.361957],[-71.054925,42.362046],[-71.053826,42.363303],[-71.052111,42.363676],[-71.051647,42.36311],[-71.0512,42.363712],[-71.05109,42.364175],[-71.046389,42.363935],[-71.045918,42.361164],[-71.0455,42.359825],[-71.045566,42.359733],[-71.049595,42.354497],[-71.05106,42.355131],[-71.050851,42.356671],[-71.052158,42.358666],[-71.053518,42.358356],[-71.055759,42.356913],[-71.05771,42.356777],[-71.058737,42.356988],[-71.05829,42.35741],[-71.06151,42.358336],[-71.062642,42.357977],[-71.062875,42.359483],[-71.062911,42.361229]]","856","400 Commonwealth Avenue, Back Bay, Boston","[[-71.100564,42.347918],[-71.097168,42.348982],[-71.09778,42.350596],[-71.094992,42.35057],[-71.093191,42.35098],[-71.091256,42.351238],[-71.08982,42.351493],[-71.089497,42.350848],[-71.08871,42.349252],[-71.087916,42.347461],[-71.089636,42.347644],[-71.092871,42.347643],[-71.098115,42.347637],[-71.099802,42.347651],[-71.101143,42.347758],[-71.100564,42.347918]]","07/31/2016 - 08/28/2016, Every day, Daily Average",669,413,1082
"1116","Harborwalk, Waterfront, Boston","[[-71.062911,42.361229],[-71.061856,42.36243],[-71.058261,42.363697],[-71.057757,42.363616],[-71.056105,42.362402],[-71.05542,42.361957],[-71.054925,42.362046],[-71.053826,42.363303],[-71.052111,42.363676],[-71.051647,42.36311],[-71.0512,42.363712],[-71.05109,42.364175],[-71.046389,42.363935],[-71.045918,42.361164],[-71.0455,42.359825],[-71.045566,42.359733],[-71.049595,42.354497],[-71.05106,42.355131],[-71.050851,42.356671],[-71.052158,42.358666],[-71.053518,42.358356],[-71.055759,42.356913],[-71.05771,42.356777],[-71.058737,42.356988],[-71.05829,42.35741],[-71.06151,42.358336],[-71.062642,42.357977],[-71.062875,42.359483],[-71.062911,42.361229]]","857","100 Norway Street, Fenway/Kenmore, Boston","[[-71.089765,42.34466],[-71.089548,42.34541],[-71.089264,42.346887],[-71.087758,42.3473],[-71.087455,42.346635],[-71.086831,42.345424],[-71.085796,42.343332],[-71.086805,42.343436],[-71.089965,42.34392],[-71.089765,42.34466]]","07/31/2016 - 08/28/2016, Every day, Daily Average",836,523,1335
"1116","Harborwalk, Waterfront, Boston","[[-71.062911,42.361229],[-71.061856,42.36243],[-71.058261,42.363697],[-71.057757,42.363616],[-71.056105,42.362402],[-71.05542,42.361957],[-71.054925,42.362046],[-71.053826,42.363303],[-71.052111,42.363676],[-71.051647,42.36311],[-71.0512,42.363712],[-71.05109,42.364175],[-71.046389,42.363935],[-71.045918,42.361164],[-71.0455,42.359825],[-71.045566,42.359733],[-71.049595,42.354497],[-71.05106,42.355131],[-71.050851,42.356671],[-71.052158,42.358666],[-71.053518,42.358356],[-71.055759,42.356913],[-71.05771,42.356777],[-71.058737,42.356988],[-71.05829,42.35741],[-71.06151,42.358336],[-71.062642,42.357977],[-71.062875,42.359483],[-71.062911,42.361229]]","861","0 South Waverly Street, Brighton, Boston","[[-71.160899,42.358625],[-71.153994,42.359316],[-71.147218,42.360891],[-71.146171,42.361657],[-71.144514,42.362933],[-71.139551,42.363698],[-71.134818,42.365089],[-71.1318,42.366915],[-71.130648,42.368535],[-71.129953,42.372684],[-71.128547,42.372734],[-71.12712,42.371818],[-71.126265,42.36938],[-71.123735,42.36832],[-71.126453,42.365623],[-71.129755,42.363198],[-71.130218,42.362694],[-71.130417,42.361957],[-71.129768,42.361072],[-71.128879,42.360368],[-71.13083,42.359024],[-71.131488,42.358595],[-71.133083,42.358556],[-71.133303,42.358581],[-71.136961,42.359315],[-71.137979,42.357608],[-71.138198,42.357093],[-71.139066,42.353791],[-71.140681,42.354004],[-71.144176,42.354889],[-71.149082,42.356151],[-71.153194,42.357226],[-71.153762,42.357525],[-71.154693,42.358139],[-71.160899,42.358625]]","07/31/2016 - 08/28/2016, Every day, Daily Average",881,594,1304
"1116","Harborwalk, Waterfront, Boston","[[-71.062911,42.361229],[-71.061856,42.36243],[-71.058261,42.363697],[-71.057757,42.363616],[-71.056105,42.362402],[-71.05542,42.361957],[-71.054925,42.362046],[-71.053826,42.363303],[-71.052111,42.363676],[-71.051647,42.36311],[-71.0512,42.363712],[-71.05109,42.364175],[-71.046389,42.363935],[-71.045918,42.361164],[-71.0455,42.359825],[-71.045566,42.359733],[-71.049595,42.354497],[-71.05106,42.355131],[-71.050851,42.356671],[-71.052158,42.358666],[-71.053518,42.358356],[-71.055759,42.356913],[-71.05771,42.356777],[-71.058737,42.356988],[-71.05829,42.35741],[-71.06151,42.358336],[-71.062642,42.357977],[-71.062875,42.359483],[-71.062911,42.361229]]","862","0 Atkins Street, Brighton, Boston","[[-71.174798,42.350796],[-71.173866,42.35336],[-71.171487,42.356089],[-71.171198,42.356396],[-71.169474,42.358047],[-71.162894,42.357953],[-71.161769,42.35818],[-71.162557,42.355534],[-71.162785,42.354822],[-71.164216,42.355519],[-71.165196,42.353316],[-71.167643,42.353787],[-71.167806,42.352837],[-71.167584,42.351212],[-71.167605,42.350604],[-71.168111,42.350663],[-71.169702,42.349411],[-71.174708,42.350155],[-71.174798,42.350265],[-71.174798,42.350796]]","07/31/2016 - 08/28/2016, Every day, Daily Average",919,640,1319
"1116","Harborwalk, Waterfront, Boston","[[-71.062911,42.361229],[-71.061856,42.36243],[-71.058261,42.363697],[-71.057757,42.363616],[-71.056105,42.362402],[-71.05542,42.361957],[-71.054925,42.362046],[-71.053826,42.363303],[-71.052111,42.363676],[-71.051647,42.36311],[-71.0512,42.363712],[-71.05109,42.364175],[-71.046389,42.363935],[-71.045918,42.361164],[-71.0455,42.359825],[-71.045566,42.359733],[-71.049595,42.354497],[-71.05106,42.355131],[-71.050851,42.356671],[-71.052158,42.358666],[-71.053518,42.358356],[-71.055759,42.356913],[-71.05771,42.356777],[-71.058737,42.356988],[-71.05829,42.35741],[-71.06151,42.358336],[-71.062642,42.357977],[-71.062875,42.359483],[-71.062911,42.361229]]","863","0 Strathmore Road, Brighton, Boston","[[-71.152741,42.338646],[-71.152587,42.338896],[-71.151382,42.340423],[-71.149972,42.341466],[-71.148633,42.341814],[-71.147007,42.341782],[-71.145923,42.341897],[-71.145802,42.34158],[-71.146334,42.341475],[-71.14682,42.341439],[-71.14686,42.341372],[-71.147571,42.340611],[-71.148847,42.339358],[-71.149839,42.337665],[-71.150658,42.337495],[-71.152262,42.337185],[-71.153365,42.338185],[-71.152741,42.338646]]","07/31/2016 - 08/28/2016, Every day, Daily Average",1426,1109,1833
"1116","Harborwalk, Waterfront, Boston","[[-71.062911,42.361229],[-71.061856,42.36243],[-71.058261,42.363697],[-71.057757,42.363616],[-71.056105,42.362402],[-71.05542,42.361957],[-71.054925,42.362046],[-71.053826,42.363303],[-71.052111,42.363676],[-71.051647,42.36311],[-71.0512,42.363712],[-71.05109,42.364175],[-71.046389,42.363935],[-71.045918,42.361164],[-71.0455,42.359825],[-71.045566,42.359733],[-71.049595,42.354497],[-71.05106,42.355131],[-71.050851,42.356671],[-71.052158,42.358666],[-71.053518,42.358356],[-71.055759,42.356913],[-71.05771,42.356777],[-71.058737,42.356988],[-71.05829,42.35741],[-71.06151,42.358336],[-71.062642,42.357977],[-71.062875,42.359483],[-71.062911,42.361229]]","864","0 Dustin Street, Brighton, Boston","[[-71.153992,42.347932],[-71.153449,42.349146],[-71.153421,42.349458],[-71.152384,42.350903],[-71.151915,42.35164],[-71.147862,42.350345],[-71.146743,42.352294],[-71.150881,42.35335],[-71.150358,42.354193],[-71.149965,42.3548],[-71.149082,42.356151],[-71.144176,42.354889],[-71.140681,42.354004],[-71.139066,42.353791],[-71.137341,42.35359],[-71.140266,42.352543],[-71.142997,42.351634],[-71.143981,42.351433],[-71.145612,42.350786],[-71.147079,42.350165],[-71.14816,42.349758],[-71.150271,42.348773],[-71.149755,42.348185],[-71.151235,42.345813],[-71.152446,42.346096],[-71.153067,42.346154],[-71.153786,42.347256],[-71.153992,42.347932]]","07/31/2016 - 08/28/2016, Every day, Daily Average",1252,935,1674
"1116","Harborwalk, Waterfront, Boston","[[-71.062911,42.361229],[-71.061856,42.36243],[-71.058261,42.363697],[-71.057757,42.363616],[-71.056105,42.362402],[-71.05542,42.361957],[-71.054925,42.362046],[-71.053826,42.363303],[-71.052111,42.363676],[-71.051647,42.36311],[-71.0512,42.363712],[-71.05109,42.364175],[-71.046389,42.363935],[-71.045918,42.361164],[-71.0455,42.359825],[-71.045566,42.359733],[-71.049595,42.354497],[-71.05106,42.355131],[-71.050851,42.356671],[-71.052158,42.358666],[-71.053518,42.358356],[-71.055759,42.356913],[-71.05771,42.356777],[-71.058737,42.356988],[-71.05829,42.35741],[-71.06151,42.358336],[-71.062642,42.357977],[-71.062875,42.359483],[-71.062911,42.361229]]","865","0 Bellvista Road, Brighton, Boston","[[-71.141522,42.346291],[-71.140366,42.348686],[-71.139731,42.348977],[-71.13758,42.348649],[-71.136379,42.350393],[-71.135724,42.34904],[-71.135238,42.34849],[-71.135042,42.348165],[-71.135961,42.347957],[-71.134674,42.34685],[-71.134254,42.346577],[-71.135155,42.346023],[-71.135985,42.345366],[-71.137824,42.343876],[-71.138246,42.344126],[-71.139804,42.345093],[-71.141698,42.34602],[-71.141522,42.346291]]","07/31/2016 - 08/28/2016, Every day, Daily Average",1308,968,1765
"1116","Harborwalk, Waterfront, Boston","[[-71.062911,42.361229],[-71.061856,42.36243],[-71.058261,42.363697],[-71.057757,42.363616],[-71.056105,42.362402],[-71.05542,42.361957],[-71.054925,42.362046],[-71.053826,42.363303],[-71.052111,42.363676],[-71.051647,42.36311],[-71.0512,42.363712],[-71.05109,42.364175],[-71.046389,42.363935],[-71.045918,42.361164],[-71.0455,42.359825],[-71.045566,42.359733],[-71.049595,42.354497],[-71.05106,42.355131],[-71.050851,42.356671],[-71.052158,42.358666],[-71.053518,42.358356],[-71.055759,42.356913],[-71.05771,42.356777],[-71.058737,42.356988],[-71.05829,42.35741],[-71.06151,42.358336],[-71.062642,42.357977],[-71.062875,42.359483],[-71.062911,42.361229]]","866","0 Braintree Street, Allston, Boston","[[-71.138198,42.357093],[-71.137979,42.357608],[-71.136961,42.359315],[-71.133303,42.358581],[-71.133083,42.358556],[-71.131488,42.358595],[-71.13083,42.359024],[-71.128879,42.360368],[-71.129768,42.361072],[-71.130417,42.361957],[-71.130218,42.362694],[-71.129755,42.363198],[-71.123039,42.363751],[-71.124627,42.362565],[-71.12318,42.358998],[-71.128027,42.357261],[-71.129718,42.356654],[-71.131396,42.356105],[-71.120729,42.354615],[-71.120832,42.353824],[-71.12126,42.351872],[-71.124236,42.352242],[-71.125024,42.352236],[-71.128344,42.352604],[-71.130167,42.352828],[-71.132106,42.353061],[-71.134002,42.353283],[-71.13456,42.353352],[-71.135801,42.353497],[-71.137341,42.35359],[-71.139066,42.353791],[-71.138198,42.357093]]","07/31/2016 - 08/28/2016, Every day, Daily Average",926,622,1376
"1116","Harborwalk, Waterfront, Boston","[[-71.062911,42.361229],[-71.061856,42.36243],[-71.058261,42.363697],[-71.057757,42.363616],[-71.056105,42.362402],[-71.05542,42.361957],[-71.054925,42.362046],[-71.053826,42.363303],[-71.052111,42.363676],[-71.051647,42.36311],[-71.0512,42.363712],[-71.05109,42.364175],[-71.046389,42.363935],[-71.045918,42.361164],[-71.0455,42.359825],[-71.045566,42.359733],[-71.049595,42.354497],[-71.05106,42.355131],[-71.050851,42.356671],[-71.052158,42.358666],[-71.053518,42.358356],[-71.055759,42.356913],[-71.05771,42.356777],[-71.058737,42.356988],[-71.05829,42.35741],[-71.06151,42.358336],[-71.062642,42.357977],[-71.062875,42.359483],[-71.062911,42.361229]]","867","0 Barry Street, Dorchester, Boston","[[-71.076782,42.305189],[-71.073912,42.307681],[-71.073346,42.30847],[-71.072822,42.309471],[-71.072564,42.310067],[-71.072334,42.310213],[-71.070217,42.311334],[-71.068416,42.31066],[-71.066298,42.309163],[-71.06503,42.30808],[-71.066494,42.306709],[-71.067008,42.306245],[-71.068344,42.305206],[-71.068798,42.304888],[-71.070001,42.30407],[-71.071426,42.303407],[-71.073117,42.304672],[-71.074161,42.30491],[-71.076185,42.305046],[-71.076782,42.305189]]","07/31/2016 - 08/28/2016, Every day, Daily Average",1175,778,1773
"1116","Harborwalk, Waterfront, Boston","[[-71.062911,42.361229],[-71.061856,42.36243],[-71.058261,42.363697],[-71.057757,42.363616],[-71.056105,42.362402],[-71.05542,42.361957],[-71.054925,42.362046],[-71.053826,42.363303],[-71.052111,42.363676],[-71.051647,42.36311],[-71.0512,42.363712],[-71.05109,42.364175],[-71.046389,42.363935],[-71.045918,42.361164],[-71.0455,42.359825],[-71.045566,42.359733],[-71.049595,42.354497],[-71.05106,42.355131],[-71.050851,42.356671],[-71.052158,42.358666],[-71.053518,42.358356],[-71.055759,42.356913],[-71.05771,42.356777],[-71.058737,42.356988],[-71.05829,42.35741],[-71.06151,42.358336],[-71.062642,42.357977],[-71.062875,42.359483],[-71.062911,42.361229]]","868","100 Whitfield Street, Dorchester, Dorchester Center, Boston","[[-71.078852,42.296708],[-71.076289,42.297313],[-71.074289,42.296556],[-71.072269,42.296675],[-71.072117,42.295513],[-71.071913,42.293933],[-71.071866,42.293289],[-71.071769,42.292298],[-71.07162,42.290402],[-71.071602,42.290218],[-71.071996,42.290217],[-71.074145,42.29084],[-71.076105,42.291424],[-71.078147,42.292022],[-71.078481,42.294346],[-71.078852,42.296708]]","07/31/2016 - 08/28/2016, Every day, Daily Average",1323,954,1833
"1116","Harborwalk, Waterfront, Boston","[[-71.062911,42.361229],[-71.061856,42.36243],[-71.058261,42.363697],[-71.057757,42.363616],[-71.056105,42.362402],[-71.05542,42.361957],[-71.054925,42.362046],[-71.053826,42.363303],[-71.052111,42.363676],[-71.051647,42.36311],[-71.0512,42.363712],[-71.05109,42.364175],[-71.046389,42.363935],[-71.045918,42.361164],[-71.0455,42.359825],[-71.045566,42.359733],[-71.049595,42.354497],[-71.05106,42.355131],[-71.050851,42.356671],[-71.052158,42.358666],[-71.053518,42.358356],[-71.055759,42.356913],[-71.05771,42.356777],[-71.058737,42.356988],[-71.05829,42.35741],[-71.06151,42.358336],[-71.062642,42.357977],[-71.062875,42.359483],[-71.062911,42.361229]]","869","0 Wales Street, Roxbury, Dorchester Center, Boston","[[-71.09135,42.296922],[-71.089635,42.297498],[-71.086992,42.298142],[-71.085903,42.301381],[-71.084704,42.300423],[-71.083907,42.299709],[-71.082914,42.298663],[-71.08141,42.299002],[-71.08046,42.296388],[-71.079538,42.296563],[-71.078852,42.296708],[-71.078481,42.294346],[-71.078147,42.292022],[-71.079534,42.292439],[-71.08061,42.292747],[-71.082485,42.293287],[-71.083074,42.293473],[-71.087839,42.294911],[-71.087997,42.294939],[-71.088132,42.294476],[-71.089779,42.292868],[-71.093173,42.294613],[-71.09135,42.296922]]","07/31/2016 - 08/28/2016, Every day, Daily Average",1430,943,2167
"1116","Harborwalk, Waterfront, Boston","[[-71.062911,42.361229],[-71.061856,42.36243],[-71.058261,42.363697],[-71.057757,42.363616],[-71.056105,42.362402],[-71.05542,42.361957],[-71.054925,42.362046],[-71.053826,42.363303],[-71.052111,42.363676],[-71.051647,42.36311],[-71.0512,42.363712],[-71.05109,42.364175],[-71.046389,42.363935],[-71.045918,42.361164],[-71.0455,42.359825],[-71.045566,42.359733],[-71.049595,42.354497],[-71.05106,42.355131],[-71.050851,42.356671],[-71.052158,42.358666],[-71.053518,42.358356],[-71.055759,42.356913],[-71.05771,42.356777],[-71.058737,42.356988],[-71.05829,42.35741],[-71.06151,42.358336],[-71.062642,42.357977],[-71.062875,42.359483],[-71.062911,42.361229]]","870","0 Willowwood Street, Mattapan, Boston","[[-71.091147,42.28543],[-71.091106,42.285564],[-71.085991,42.28673],[-71.085775,42.286774],[-71.083295,42.28733],[-71.081252,42.287794],[-71.079187,42.288137],[-71.079862,42.28726],[-71.080555,42.286623],[-71.082052,42.285272],[-71.082796,42.284533],[-71.083818,42.283238],[-71.085504,42.280991],[-71.087048,42.281565],[-71.089108,42.283134],[-71.089298,42.283573],[-71.089785,42.283936],[-71.091569,42.284214],[-71.091147,42.28543]]","07/31/2016 - 08/28/2016, Every day, Daily Average",1493,1018,2187
"1116","Harborwalk, Waterfront, Boston","[[-71.062911,42.361229],[-71.061856,42.36243],[-71.058261,42.363697],[-71.057757,42.363616],[-71.056105,42.362402],[-71.05542,42.361957],[-71.054925,42.362046],[-71.053826,42.363303],[-71.052111,42.363676],[-71.051647,42.36311],[-71.0512,42.363712],[-71.05109,42.364175],[-71.046389,42.363935],[-71.045918,42.361164],[-71.0455,42.359825],[-71.045566,42.359733],[-71.049595,42.354497],[-71.05106,42.355131],[-71.050851,42.356671],[-71.052158,42.358666],[-71.053518,42.358356],[-71.055759,42.356913],[-71.05771,42.356777],[-71.058737,42.356988],[-71.05829,42.35741],[-71.06151,42.358336],[-71.062642,42.357977],[-71.062875,42.359483],[-71.062911,42.361229]]","871","0 Chipman Street, Dorchester, Dorchester Center, Boston","[[-71.078199,42.290774],[-71.078147,42.292022],[-71.076105,42.291424],[-71.074145,42.29084],[-71.071996,42.290217],[-71.071602,42.290218],[-71.07162,42.290402],[-71.070757,42.290269],[-71.067578,42.291426],[-71.065544,42.292043],[-71.06459,42.292347],[-71.062259,42.29301],[-71.062611,42.291809],[-71.063796,42.287492],[-71.064125,42.286345],[-71.064303,42.285699],[-71.066696,42.28513],[-71.071177,42.285348],[-71.071541,42.284497],[-71.07227,42.284631],[-71.076631,42.283775],[-71.077085,42.284425],[-71.077813,42.28799],[-71.078537,42.289335],[-71.078199,42.290774]]","07/31/2016 - 08/28/2016, Every day, Daily Average",1376,932,2030
"1116","Harborwalk, Waterfront, Boston","[[-71.062911,42.361229],[-71.061856,42.36243],[-71.058261,42.363697],[-71.057757,42.363616],[-71.056105,42.362402],[-71.05542,42.361957],[-71.054925,42.362046],[-71.053826,42.363303],[-71.052111,42.363676],[-71.051647,42.36311],[-71.0512,42.363712],[-71.05109,42.364175],[-71.046389,42.363935],[-71.045918,42.361164],[-71.0455,42.359825],[-71.045566,42.359733],[-71.049595,42.354497],[-71.05106,42.355131],[-71.050851,42.356671],[-71.052158,42.358666],[-71.053518,42.358356],[-71.055759,42.356913],[-71.05771,42.356777],[-71.058737,42.356988],[-71.05829,42.35741],[-71.06151,42.358336],[-71.062642,42.357977],[-71.062875,42.359483],[-71.062911,42.361229]]","872","Southeast Expressway, Dorchester, Boston","[[-71.058932,42.281991],[-71.057275,42.282449],[-71.056536,42.282583],[-71.056001,42.282921],[-71.054963,42.285575],[-71.054547,42.286615],[-71.055347,42.288242],[-71.052158,42.289137],[-71.051472,42.289314],[-71.04937,42.288012],[-71.048515,42.286135],[-71.04415,42.286455],[-71.043027,42.285922],[-71.041659,42.285415],[-71.03908,42.283966],[-71.040494,42.281898],[-71.041594,42.278098],[-71.042794,42.276998],[-71.044694,42.276198],[-71.048794,42.277699],[-71.053117,42.2773],[-71.053748,42.277996],[-71.054694,42.28034],[-71.058528,42.280061],[-71.058932,42.281991]]","07/31/2016 - 08/28/2016, Every day, Daily Average",837,530,1320
"1116","Harborwalk, Waterfront, Boston","[[-71.062911,42.361229],[-71.061856,42.36243],[-71.058261,42.363697],[-71.057757,42.363616],[-71.056105,42.362402],[-71.05542,42.361957],[-71.054925,42.362046],[-71.053826,42.363303],[-71.052111,42.363676],[-71.051647,42.36311],[-71.0512,42.363712],[-71.05109,42.364175],[-71.046389,42.363935],[-71.045918,42.361164],[-71.0455,42.359825],[-71.045566,42.359733],[-71.049595,42.354497],[-71.05106,42.355131],[-71.050851,42.356671],[-71.052158,42.358666],[-71.053518,42.358356],[-71.055759,42.356913],[-71.05771,42.356777],[-71.058737,42.356988],[-71.05829,42.35741],[-71.06151,42.358336],[-71.062642,42.357977],[-71.062875,42.359483],[-71.062911,42.361229]]","873","100 Manchester Street, Mattapan, Boston","[[-71.090073,42.269948],[-71.089331,42.270172],[-71.082924,42.271334],[-71.078879,42.271632],[-71.078504,42.271708],[-71.079003,42.273409],[-71.077615,42.273782],[-71.078447,42.27574],[-71.077251,42.277217],[-71.080438,42.27896],[-71.078891,42.278567],[-71.073166,42.27805],[-71.072774,42.278073],[-71.071015,42.278314],[-71.069501,42.278813],[-71.06592,42.279928],[-71.067189,42.275504],[-71.068018,42.272216],[-71.068139,42.271003],[-71.07256,42.270605],[-71.073264,42.270317],[-71.075922,42.270332],[-71.083552,42.268566],[-71.085948,42.269292],[-71.089403,42.26969],[-71.090073,42.269948]]","07/31/2016 - 08/28/2016, Every day, Daily Average",1240,845,1817
"1116","Harborwalk, Waterfront, Boston","[[-71.062911,42.361229],[-71.061856,42.36243],[-71.058261,42.363697],[-71.057757,42.363616],[-71.056105,42.362402],[-71.05542,42.361957],[-71.054925,42.362046],[-71.053826,42.363303],[-71.052111,42.363676],[-71.051647,42.36311],[-71.0512,42.363712],[-71.05109,42.364175],[-71.046389,42.363935],[-71.045918,42.361164],[-71.0455,42.359825],[-71.045566,42.359733],[-71.049595,42.354497],[-71.05106,42.355131],[-71.050851,42.356671],[-71.052158,42.358666],[-71.053518,42.358356],[-71.055759,42.356913],[-71.05771,42.356777],[-71.058737,42.356988],[-71.05829,42.35741],[-71.06151,42.358336],[-71.062642,42.357977],[-71.062875,42.359483],[-71.062911,42.361229]]","874","0 Outlook Road, Wellington Hill, Boston","[[-71.099632,42.282336],[-71.096316,42.285818],[-71.096105,42.286043],[-71.094755,42.287297],[-71.093887,42.287668],[-71.093415,42.28651],[-71.093196,42.285935],[-71.09286,42.28513],[-71.091569,42.284214],[-71.091807,42.283523],[-71.092109,42.282601],[-71.092968,42.280021],[-71.093182,42.279386],[-71.09349,42.278421],[-71.093576,42.277248],[-71.094976,42.278239],[-71.097928,42.281262],[-71.09832,42.28163],[-71.099632,42.282336]]","07/31/2016 - 08/28/2016, Every day, Daily Average",1725,1186,2507
"1116","Harborwalk, Waterfront, Boston","[[-71.062911,42.361229],[-71.061856,42.36243],[-71.058261,42.363697],[-71.057757,42.363616],[-71.056105,42.362402],[-71.05542,42.361957],[-71.054925,42.362046],[-71.053826,42.363303],[-71.052111,42.363676],[-71.051647,42.36311],[-71.0512,42.363712],[-71.05109,42.364175],[-71.046389,42.363935],[-71.045918,42.361164],[-71.0455,42.359825],[-71.045566,42.359733],[-71.049595,42.354497],[-71.05106,42.355131],[-71.050851,42.356671],[-71.052158,42.358666],[-71.053518,42.358356],[-71.055759,42.356913],[-71.05771,42.356777],[-71.058737,42.356988],[-71.05829,42.35741],[-71.06151,42.358336],[-71.062642,42.357977],[-71.062875,42.359483],[-71.062911,42.361229]]","875","200 Hyde Park Avenue, Jamaica Plain, Boston","[[-71.125604,42.290034],[-71.123077,42.293735],[-71.122172,42.294556],[-71.121294,42.295199],[-71.115434,42.298903],[-71.117422,42.300205],[-71.120108,42.299735],[-71.120197,42.300947],[-71.117661,42.302553],[-71.115765,42.302232],[-71.114507,42.301646],[-71.114029,42.301507],[-71.113427,42.301396],[-71.112497,42.301375],[-71.107668,42.301001],[-71.106655,42.30088],[-71.104661,42.300271],[-71.105517,42.298831],[-71.109596,42.299098],[-71.110061,42.297927],[-71.112075,42.296178],[-71.115368,42.294572],[-71.114,42.29374],[-71.1134,42.293118],[-71.1139,42.292482],[-71.114432,42.291572],[-71.114402,42.290649],[-71.116587,42.289111],[-71.11726,42.289864],[-71.118143,42.290157],[-71.119282,42.290235],[-71.120069,42.290788],[-71.122463,42.291749],[-71.125814,42.288615],[-71.125604,42.290034]]","07/31/2016 - 08/28/2016, Every day, Daily Average",1522,1130,2049
"1116","Harborwalk, Waterfront, Boston","[[-71.062911,42.361229],[-71.061856,42.36243],[-71.058261,42.363697],[-71.057757,42.363616],[-71.056105,42.362402],[-71.05542,42.361957],[-71.054925,42.362046],[-71.053826,42.363303],[-71.052111,42.363676],[-71.051647,42.36311],[-71.0512,42.363712],[-71.05109,42.364175],[-71.046389,42.363935],[-71.045918,42.361164],[-71.0455,42.359825],[-71.045566,42.359733],[-71.049595,42.354497],[-71.05106,42.355131],[-71.050851,42.356671],[-71.052158,42.358666],[-71.053518,42.358356],[-71.055759,42.356913],[-71.05771,42.356777],[-71.058737,42.356988],[-71.05829,42.35741],[-71.06151,42.358336],[-71.062642,42.357977],[-71.062875,42.359483],[-71.062911,42.361229]]","876","100 Neponset Avenue, Roslindale, Boston","[[-71.119282,42.290235],[-71.118143,42.290157],[-71.11726,42.289864],[-71.116587,42.289111],[-71.114402,42.290649],[-71.114432,42.291572],[-71.1139,42.292482],[-71.1134,42.293118],[-71.112628,42.292191],[-71.107947,42.288616],[-71.105401,42.286718],[-71.109428,42.284652],[-71.112183,42.281936],[-71.110894,42.28035],[-71.112232,42.280214],[-71.118909,42.28496],[-71.118817,42.285501],[-71.119549,42.285511],[-71.119282,42.290235]]","07/31/2016 - 08/28/2016, Every day, Daily Average",1609,1168,2215
"1116","Harborwalk, Waterfront, Boston","[[-71.062911,42.361229],[-71.061856,42.36243],[-71.058261,42.363697],[-71.057757,42.363616],[-71.056105,42.362402],[-71.05542,42.361957],[-71.054925,42.362046],[-71.053826,42.363303],[-71.052111,42.363676],[-71.051647,42.36311],[-71.0512,42.363712],[-71.05109,42.364175],[-71.046389,42.363935],[-71.045918,42.361164],[-71.0455,42.359825],[-71.045566,42.359733],[-71.049595,42.354497],[-71.05106,42.355131],[-71.050851,42.356671],[-71.052158,42.358666],[-71.053518,42.358356],[-71.055759,42.356913],[-71.05771,42.356777],[-71.058737,42.356988],[-71.05829,42.35741],[-71.06151,42.358336],[-71.062642,42.357977],[-71.062875,42.359483],[-71.062911,42.361229]]","877","0 Eliot Street, Jamaica Plain, Boston","[[-71.121741,42.313029],[-71.12119,42.313814],[-71.120779,42.313692],[-71.117003,42.315579],[-71.115673,42.315131],[-71.116293,42.314067],[-71.1141,42.313229],[-71.114654,42.31075],[-71.115472,42.309675],[-71.118254,42.308767],[-71.120129,42.308956],[-71.120727,42.309009],[-71.121372,42.309234],[-71.122482,42.311942],[-71.121741,42.313029]]","07/31/2016 - 08/28/2016, Every day, Daily Average",1327,973,1808
"1116","Harborwalk, Waterfront, Boston","[[-71.062911,42.361229],[-71.061856,42.36243],[-71.058261,42.363697],[-71.057757,42.363616],[-71.056105,42.362402],[-71.05542,42.361957],[-71.054925,42.362046],[-71.053826,42.363303],[-71.052111,42.363676],[-71.051647,42.36311],[-71.0512,42.363712],[-71.05109,42.364175],[-71.046389,42.363935],[-71.045918,42.361164],[-71.0455,42.359825],[-71.045566,42.359733],[-71.049595,42.354497],[-71.05106,42.355131],[-71.050851,42.356671],[-71.052158,42.358666],[-71.053518,42.358356],[-71.055759,42.356913],[-71.05771,42.356777],[-71.058737,42.356988],[-71.05829,42.35741],[-71.06151,42.358336],[-71.062642,42.357977],[-71.062875,42.359483],[-71.062911,42.361229]]","878","200 Public Alley 432, Back Bay, Boston","[[-71.08871,42.349252],[-71.086243,42.34991],[-71.084699,42.350297],[-71.085125,42.351144],[-71.083173,42.351651],[-71.080862,42.352267],[-71.080296,42.351121],[-71.07986,42.350304],[-71.079508,42.349508],[-71.083749,42.34838],[-71.085602,42.347884],[-71.087758,42.3473],[-71.087916,42.347461],[-71.08871,42.349252]]","07/31/2016 - 08/28/2016, Every day, Daily Average",765,494,1183
"1116","Harborwalk, Waterfront, Boston","[[-71.062911,42.361229],[-71.061856,42.36243],[-71.058261,42.363697],[-71.057757,42.363616],[-71.056105,42.362402],[-71.05542,42.361957],[-71.054925,42.362046],[-71.053826,42.363303],[-71.052111,42.363676],[-71.051647,42.36311],[-71.0512,42.363712],[-71.05109,42.364175],[-71.046389,42.363935],[-71.045918,42.361164],[-71.0455,42.359825],[-71.045566,42.359733],[-71.049595,42.354497],[-71.05106,42.355131],[-71.050851,42.356671],[-71.052158,42.358666],[-71.053518,42.358356],[-71.055759,42.356913],[-71.05771,42.356777],[-71.058737,42.356988],[-71.05829,42.35741],[-71.06151,42.358336],[-71.062642,42.357977],[-71.062875,42.359483],[-71.062911,42.361229]]","879","0 River Street Place, Beacon Hill, Boston","[[-71.075219,42.355507],[-71.073169,42.356456],[-71.072123,42.359465],[-71.070786,42.359467],[-71.068629,42.359568],[-71.066823,42.359352],[-71.066306,42.359355],[-71.065048,42.359368],[-71.065069,42.358856],[-71.06499,42.357195],[-71.067642,42.356603],[-71.071296,42.355771],[-71.072564,42.355439],[-71.073302,42.355812],[-71.075049,42.355325],[-71.075219,42.355507]]","07/31/2016 - 08/28/2016, Every day, Daily Average",426,222,816
"1116","Harborwalk, Waterfront, Boston","[[-71.062911,42.361229],[-71.061856,42.36243],[-71.058261,42.363697],[-71.057757,42.363616],[-71.056105,42.362402],[-71.05542,42.361957],[-71.054925,42.362046],[-71.053826,42.363303],[-71.052111,42.363676],[-71.051647,42.36311],[-71.0512,42.363712],[-71.05109,42.364175],[-71.046389,42.363935],[-71.045918,42.361164],[-71.0455,42.359825],[-71.045566,42.359733],[-71.049595,42.354497],[-71.05106,42.355131],[-71.050851,42.356671],[-71.052158,42.358666],[-71.053518,42.358356],[-71.055759,42.356913],[-71.05771,42.356777],[-71.058737,42.356988],[-71.05829,42.35741],[-71.06151,42.358336],[-71.062642,42.357977],[-71.062875,42.359483],[-71.062911,42.361229]]","880","100 Charles Street, Beacon Hill, Boston","[[-71.072348,42.361372],[-71.070789,42.361404],[-71.068736,42.361183],[-71.066916,42.361189],[-71.066382,42.361197],[-71.065161,42.361201],[-71.065048,42.359368],[-71.066306,42.359355],[-71.066823,42.359352],[-71.068629,42.359568],[-71.070786,42.359467],[-71.072123,42.359465],[-71.07201,42.359939],[-71.072348,42.361372]]","07/31/2016 - 08/28/2016, Every day, Daily Average",371,203,675
"1116","Harborwalk, Waterfront, Boston","[[-71.062911,42.361229],[-71.061856,42.36243],[-71.058261,42.363697],[-71.057757,42.363616],[-71.056105,42.362402],[-71.05542,42.361957],[-71.054925,42.362046],[-71.053826,42.363303],[-71.052111,42.363676],[-71.051647,42.36311],[-71.0512,42.363712],[-71.05109,42.364175],[-71.046389,42.363935],[-71.045918,42.361164],[-71.0455,42.359825],[-71.045566,42.359733],[-71.049595,42.354497],[-71.05106,42.355131],[-71.050851,42.356671],[-71.052158,42.358666],[-71.053518,42.358356],[-71.055759,42.356913],[-71.05771,42.356777],[-71.058737,42.356988],[-71.05829,42.35741],[-71.06151,42.358336],[-71.062642,42.357977],[-71.062875,42.359483],[-71.062911,42.361229]]","881","0 Stillman Street, North End, Boston","[[-71.058525,42.366952],[-71.057404,42.365308],[-71.05595,42.365508],[-71.055441,42.365176],[-71.056285,42.362993],[-71.056105,42.362402],[-71.057757,42.363616],[-71.058121,42.364047],[-71.058525,42.366952]]","07/31/2016 - 08/28/2016, Every day, Daily Average",203,85,479
"1116","Harborwalk, Waterfront, Boston","[[-71.062911,42.361229],[-71.061856,42.36243],[-71.058261,42.363697],[-71.057757,42.363616],[-71.056105,42.362402],[-71.05542,42.361957],[-71.054925,42.362046],[-71.053826,42.363303],[-71.052111,42.363676],[-71.051647,42.36311],[-71.0512,42.363712],[-71.05109,42.364175],[-71.046389,42.363935],[-71.045918,42.361164],[-71.0455,42.359825],[-71.045566,42.359733],[-71.049595,42.354497],[-71.05106,42.355131],[-71.050851,42.356671],[-71.052158,42.358666],[-71.053518,42.358356],[-71.055759,42.356913],[-71.05771,42.356777],[-71.058737,42.356988],[-71.05829,42.35741],[-71.06151,42.358336],[-71.062642,42.357977],[-71.062875,42.359483],[-71.062911,42.361229]]","882","200 Hanover Street, North End, Boston","[[-71.056285,42.362993],[-71.055441,42.365176],[-71.05595,42.365508],[-71.055485,42.366185],[-71.053965,42.366908],[-71.052878,42.365771],[-71.053459,42.364778],[-71.0512,42.363712],[-71.051647,42.36311],[-71.052111,42.363676],[-71.053826,42.363303],[-71.054925,42.362046],[-71.05542,42.361957],[-71.056105,42.362402],[-71.056285,42.362993]]","07/31/2016 - 08/28/2016, Every day, Daily Average",127,41,387
"1116","Harborwalk, Waterfront, Boston","[[-71.062911,42.361229],[-71.061856,42.36243],[-71.058261,42.363697],[-71.057757,42.363616],[-71.056105,42.362402],[-71.05542,42.361957],[-71.054925,42.362046],[-71.053826,42.363303],[-71.052111,42.363676],[-71.051647,42.36311],[-71.0512,42.363712],[-71.05109,42.364175],[-71.046389,42.363935],[-71.045918,42.361164],[-71.0455,42.359825],[-71.045566,42.359733],[-71.049595,42.354497],[-71.05106,42.355131],[-71.050851,42.356671],[-71.052158,42.358666],[-71.053518,42.358356],[-71.055759,42.356913],[-71.05771,42.356777],[-71.058737,42.356988],[-71.05829,42.35741],[-71.06151,42.358336],[-71.062642,42.357977],[-71.062875,42.359483],[-71.062911,42.361229]]","883","200 Seaport Boulevard, Seaport District, Boston","[[-71.052377,42.339803],[-71.044555,42.346545],[-71.046523,42.347842],[-71.04545,42.347948],[-71.052188,42.351121],[-71.049595,42.354497],[-71.045566,42.359733],[-71.045564,42.358246],[-71.032422,42.353091],[-71.029795,42.351789],[-71.031369,42.34997],[-71.032223,42.350282],[-71.033473,42.348623],[-71.034791,42.348579],[-71.033404,42.350864],[-71.035778,42.347757],[-71.035134,42.3466],[-71.037265,42.3443],[-71.037451,42.343214],[-71.039493,42.344487],[-71.041406,42.344526],[-71.047072,42.339701],[-71.045559,42.338718],[-71.04776,42.336812],[-71.05084,42.338795],[-71.052377,42.339803]]","07/31/2016 - 08/28/2016, Every day, Daily Average",482,264,878
"1116","Harborwalk, Waterfront, Boston","[[-71.062911,42.361229],[-71.061856,42.36243],[-71.058261,42.363697],[-71.057757,42.363616],[-71.056105,42.362402],[-71.05542,42.361957],[-71.054925,42.362046],[-71.053826,42.363303],[-71.052111,42.363676],[-71.051647,42.36311],[-71.0512,42.363712],[-71.05109,42.364175],[-71.046389,42.363935],[-71.045918,42.361164],[-71.0455,42.359825],[-71.045566,42.359733],[-71.049595,42.354497],[-71.05106,42.355131],[-71.050851,42.356671],[-71.052158,42.358666],[-71.053518,42.358356],[-71.055759,42.356913],[-71.05771,42.356777],[-71.058737,42.356988],[-71.05829,42.35741],[-71.06151,42.358336],[-71.062642,42.357977],[-71.062875,42.359483],[-71.062911,42.361229]]","884","South Boston Bypass, South Boston, Boston","[[-71.06553,42.336029],[-71.06239,42.342965],[-71.061188,42.342652],[-71.06051,42.343703],[-71.059711,42.344701],[-71.05825,42.345506],[-71.054788,42.346871],[-71.052188,42.351121],[-71.04545,42.347948],[-71.046523,42.347842],[-71.044555,42.346545],[-71.052377,42.339803],[-71.053928,42.340791],[-71.05624,42.338869],[-71.057112,42.338333],[-71.056733,42.337375],[-71.053151,42.33152],[-71.052766,42.330487],[-71.052501,42.329142],[-71.052624,42.328597],[-71.056928,42.328552],[-71.056915,42.328035],[-71.058265,42.328629],[-71.058241,42.329734],[-71.063553,42.330791],[-71.062798,42.331973],[-71.064613,42.334009],[-71.065414,42.335441],[-71.06553,42.336029]]","07/31/2016 - 08/28/2016, Every day, Daily Average",484,270,866
"1116","Harborwalk, Waterfront, Boston","[[-71.062911,42.361229],[-71.061856,42.36243],[-71.058261,42.363697],[-71.057757,42.363616],[-71.056105,42.362402],[-71.05542,42.361957],[-71.054925,42.362046],[-71.053826,42.363303],[-71.052111,42.363676],[-71.051647,42.36311],[-71.0512,42.363712],[-71.05109,42.364175],[-71.046389,42.363935],[-71.045918,42.361164],[-71.0455,42.359825],[-71.045566,42.359733],[-71.049595,42.354497],[-71.05106,42.355131],[-71.050851,42.356671],[-71.052158,42.358666],[-71.053518,42.358356],[-71.055759,42.356913],[-71.05771,42.356777],[-71.058737,42.356988],[-71.05829,42.35741],[-71.06151,42.358336],[-71.062642,42.357977],[-71.062875,42.359483],[-71.062911,42.361229]]","885","100 Summer Street, Downtown, Boston","[[-71.064235,42.353394],[-71.063308,42.355209],[-71.062257,42.356268],[-71.063169,42.357748],[-71.062642,42.357977],[-71.06151,42.358336],[-71.05829,42.35741],[-71.058737,42.356988],[-71.05771,42.356777],[-71.055759,42.356913],[-71.053518,42.358356],[-71.052158,42.358666],[-71.050851,42.356671],[-71.05106,42.355131],[-71.049595,42.354497],[-71.052188,42.351121],[-71.054788,42.346871],[-71.05825,42.345506],[-71.059711,42.344701],[-71.06051,42.343703],[-71.060609,42.343718],[-71.060513,42.344711],[-71.061109,42.344194],[-71.060705,42.346253],[-71.063039,42.34685],[-71.062451,42.346985],[-71.061193,42.34793],[-71.059875,42.351228],[-71.061187,42.351486],[-71.062761,42.351508],[-71.064562,42.352383],[-71.064235,42.353394]]","07/31/2016 - 08/28/2016, Every day, Daily Average",237,102,549
"1116","Harborwalk, Waterfront, Boston","[[-71.062911,42.361229],[-71.061856,42.36243],[-71.058261,42.363697],[-71.057757,42.363616],[-71.056105,42.362402],[-71.05542,42.361957],[-71.054925,42.362046],[-71.053826,42.363303],[-71.052111,42.363676],[-71.051647,42.36311],[-71.0512,42.363712],[-71.05109,42.364175],[-71.046389,42.363935],[-71.045918,42.361164],[-71.0455,42.359825],[-71.045566,42.359733],[-71.049595,42.354497],[-71.05106,42.355131],[-71.050851,42.356671],[-71.052158,42.358666],[-71.053518,42.358356],[-71.055759,42.356913],[-71.05771,42.356777],[-71.058737,42.356988],[-71.05829,42.35741],[-71.06151,42.358336],[-71.062642,42.357977],[-71.062875,42.359483],[-71.062911,42.361229]]","886","0 Malden Street, South End, Boston","[[-71.071826,42.340056],[-71.072075,42.341286],[-71.070707,42.34079],[-71.069671,42.341343],[-71.068782,42.341661],[-71.068084,42.342014],[-71.06593,42.343936],[-71.062529,42.343009],[-71.06239,42.342965],[-71.06553,42.336029],[-71.065414,42.335441],[-71.068385,42.335068],[-71.069226,42.334734],[-71.067801,42.335705],[-71.069023,42.33669],[-71.068351,42.337172],[-71.070365,42.338783],[-71.072504,42.339615],[-71.071826,42.340056]]","07/31/2016 - 08/28/2016, Every day, Daily Average",479,247,926
"1116","Harborwalk, Waterfront, Boston","[[-71.062911,42.361229],[-71.061856,42.36243],[-71.058261,42.363697],[-71.057757,42.363616],[-71.056105,42.362402],[-71.05542,42.361957],[-71.054925,42.362046],[-71.053826,42.363303],[-71.052111,42.363676],[-71.051647,42.36311],[-71.0512,42.363712],[-71.05109,42.364175],[-71.046389,42.363935],[-71.045918,42.361164],[-71.0455,42.359825],[-71.045566,42.359733],[-71.049595,42.354497],[-71.05106,42.355131],[-71.050851,42.356671],[-71.052158,42.358666],[-71.053518,42.358356],[-71.055759,42.356913],[-71.05771,42.356777],[-71.058737,42.356988],[-71.05829,42.35741],[-71.06151,42.358336],[-71.062642,42.357977],[-71.062875,42.359483],[-71.062911,42.361229]]","887","0 Mount Pleasant Terrace, Roxbury, Boston","[[-71.083448,42.32865],[-71.081521,42.328486],[-71.080891,42.328497],[-71.079264,42.328514],[-71.077472,42.330898],[-71.07499,42.329075],[-71.07521,42.327028],[-71.075248,42.325965],[-71.076624,42.327118],[-71.077363,42.326521],[-71.07818,42.325885],[-71.078654,42.324867],[-71.0796,42.324161],[-71.081605,42.325549],[-71.083308,42.325959],[-71.08327,42.326127],[-71.08311,42.32812],[-71.083448,42.32865]]","07/31/2016 - 08/28/2016, Every day, Daily Average",819,517,1295
"1116","Harborwalk, Waterfront, Boston","[[-71.062911,42.361229],[-71.061856,42.36243],[-71.058261,42.363697],[-71.057757,42.363616],[-71.056105,42.362402],[-71.05542,42.361957],[-71.054925,42.362046],[-71.053826,42.363303],[-71.052111,42.363676],[-71.051647,42.36311],[-71.0512,42.363712],[-71.05109,42.364175],[-71.046389,42.363935],[-71.045918,42.361164],[-71.0455,42.359825],[-71.045566,42.359733],[-71.049595,42.354497],[-71.05106,42.355131],[-71.050851,42.356671],[-71.052158,42.358666],[-71.053518,42.358356],[-71.055759,42.356913],[-71.05771,42.356777],[-71.058737,42.356988],[-71.05829,42.35741],[-71.06151,42.358336],[-71.062642,42.357977],[-71.062875,42.359483],[-71.062911,42.361229]]","888","133100 Vernon Street, Roxbury, Boston","[[-71.095351,42.331554],[-71.094446,42.332386],[-71.093084,42.333506],[-71.090518,42.335665],[-71.084681,42.340293],[-71.084459,42.340067],[-71.081969,42.338416],[-71.083983,42.33734],[-71.086386,42.336018],[-71.08843,42.335076],[-71.087462,42.334126],[-71.085037,42.332715],[-71.085223,42.3306],[-71.085025,42.330834],[-71.082986,42.330831],[-71.083448,42.32865],[-71.084994,42.328871],[-71.086996,42.327782],[-71.087674,42.327912],[-71.091239,42.329939],[-71.091441,42.330037],[-71.088189,42.330611],[-71.090527,42.331173],[-71.093806,42.331331],[-71.094604,42.331437],[-71.095351,42.331554]]","07/31/2016 - 08/28/2016, Every day, Daily Average",875,612,1249
"1116","Harborwalk, Waterfront, Boston","[[-71.062911,42.361229],[-71.061856,42.36243],[-71.058261,42.363697],[-71.057757,42.363616],[-71.056105,42.362402],[-71.05542,42.361957],[-71.054925,42.362046],[-71.053826,42.363303],[-71.052111,42.363676],[-71.051647,42.36311],[-71.0512,42.363712],[-71.05109,42.364175],[-71.046389,42.363935],[-71.045918,42.361164],[-71.0455,42.359825],[-71.045566,42.359733],[-71.049595,42.354497],[-71.05106,42.355131],[-71.050851,42.356671],[-71.052158,42.358666],[-71.053518,42.358356],[-71.055759,42.356913],[-71.05771,42.356777],[-71.058737,42.356988],[-71.05829,42.35741],[-71.06151,42.358336],[-71.062642,42.357977],[-71.062875,42.359483],[-71.062911,42.361229]]","889","100 Fisher Avenue, Mission Hill, Boston","[[-71.114305,42.324732],[-71.112828,42.325876],[-71.111962,42.328387],[-71.113016,42.331932],[-71.112298,42.332003],[-71.110239,42.333044],[-71.109591,42.333199],[-71.109561,42.330967],[-71.108901,42.330715],[-71.108501,42.330597],[-71.106462,42.330666],[-71.101276,42.32935],[-71.099368,42.327995],[-71.100113,42.326418],[-71.102291,42.326348],[-71.104618,42.326092],[-71.106544,42.32651],[-71.107181,42.326898],[-71.108333,42.327318],[-71.110832,42.329073],[-71.112259,42.324552],[-71.112202,42.323125],[-71.114098,42.323307],[-71.115078,42.323573],[-71.114305,42.324732]]","07/31/2016 - 08/28/2016, Every day, Daily Average",1181,855,1631
"1116","Harborwalk, Waterfront, Boston","[[-71.062911,42.361229],[-71.061856,42.36243],[-71.058261,42.363697],[-71.057757,42.363616],[-71.056105,42.362402],[-71.05542,42.361957],[-71.054925,42.362046],[-71.053826,42.363303],[-71.052111,42.363676],[-71.051647,42.36311],[-71.0512,42.363712],[-71.05109,42.364175],[-71.046389,42.363935],[-71.045918,42.361164],[-71.0455,42.359825],[-71.045566,42.359733],[-71.049595,42.354497],[-71.05106,42.355131],[-71.050851,42.356671],[-71.052158,42.358666],[-71.053518,42.358356],[-71.055759,42.356913],[-71.05771,42.356777],[-71.058737,42.356988],[-71.05829,42.35741],[-71.06151,42.358336],[-71.062642,42.357977],[-71.062875,42.359483],[-71.062911,42.361229]]","890","0 Jamaica Street, Jamaica Plain, Boston","[[-71.121372,42.309234],[-71.120727,42.309009],[-71.120129,42.308956],[-71.118254,42.308767],[-71.115472,42.309675],[-71.115477,42.307388],[-71.115339,42.306839],[-71.115245,42.306632],[-71.11467,42.305491],[-71.114697,42.30456],[-71.11445,42.302332],[-71.114483,42.301759],[-71.114507,42.301646],[-71.115765,42.302232],[-71.117661,42.302553],[-71.118445,42.302813],[-71.119789,42.304054],[-71.120069,42.305194],[-71.119521,42.306715],[-71.12025,42.308347],[-71.121463,42.308685],[-71.121372,42.309234]]","07/31/2016 - 08/28/2016, Every day, Daily Average",1464,1103,1941
"1116","Harborwalk, Waterfront, Boston","[[-71.062911,42.361229],[-71.061856,42.36243],[-71.058261,42.363697],[-71.057757,42.363616],[-71.056105,42.362402],[-71.05542,42.361957],[-71.054925,42.362046],[-71.053826,42.363303],[-71.052111,42.363676],[-71.051647,42.36311],[-71.0512,42.363712],[-71.05109,42.364175],[-71.046389,42.363935],[-71.045918,42.361164],[-71.0455,42.359825],[-71.045566,42.359733],[-71.049595,42.354497],[-71.05106,42.355131],[-71.050851,42.356671],[-71.052158,42.358666],[-71.053518,42.358356],[-71.055759,42.356913],[-71.05771,42.356777],[-71.058737,42.356988],[-71.05829,42.35741],[-71.06151,42.358336],[-71.062642,42.357977],[-71.062875,42.359483],[-71.062911,42.361229]]","891","0 Stedman Street, Jamaica Plain, Boston","[[-71.115245,42.306632],[-71.110411,42.307081],[-71.110299,42.306069],[-71.107345,42.310622],[-71.104558,42.309435],[-71.10245,42.308878],[-71.102695,42.306036],[-71.102713,42.305269],[-71.104335,42.302763],[-71.106655,42.30088],[-71.107668,42.301001],[-71.112497,42.301375],[-71.113427,42.301396],[-71.114029,42.301507],[-71.114507,42.301646],[-71.114483,42.301759],[-71.11445,42.302332],[-71.114697,42.30456],[-71.11467,42.305491],[-71.115245,42.306632]]","07/31/2016 - 08/28/2016, Every day, Daily Average",1320,990,1758
"1116","Harborwalk, Waterfront, Boston","[[-71.062911,42.361229],[-71.061856,42.36243],[-71.058261,42.363697],[-71.057757,42.363616],[-71.056105,42.362402],[-71.05542,42.361957],[-71.054925,42.362046],[-71.053826,42.363303],[-71.052111,42.363676],[-71.051647,42.36311],[-71.0512,42.363712],[-71.05109,42.364175],[-71.046389,42.363935],[-71.045918,42.361164],[-71.0455,42.359825],[-71.045566,42.359733],[-71.049595,42.354497],[-71.05106,42.355131],[-71.050851,42.356671],[-71.052158,42.358666],[-71.053518,42.358356],[-71.055759,42.356913],[-71.05771,42.356777],[-71.058737,42.356988],[-71.05829,42.35741],[-71.06151,42.358336],[-71.062642,42.357977],[-71.062875,42.359483],[-71.062911,42.361229]]","892","200 Chestnut Avenue, Jamaica Plain, Boston","[[-71.11657,42.321021],[-71.116321,42.321012],[-71.11209,42.321602],[-71.110319,42.32191],[-71.110693,42.320753],[-71.111669,42.31954],[-71.112764,42.317917],[-71.110121,42.316584],[-71.107236,42.316377],[-71.106673,42.317268],[-71.104475,42.317022],[-71.105377,42.314644],[-71.106293,42.312329],[-71.107345,42.310622],[-71.110299,42.306069],[-71.110411,42.307081],[-71.115245,42.306632],[-71.115339,42.306839],[-71.115477,42.307388],[-71.115472,42.309675],[-71.114654,42.31075],[-71.1141,42.313229],[-71.116293,42.314067],[-71.115673,42.315131],[-71.117003,42.315579],[-71.11646,42.318435],[-71.117107,42.319978],[-71.11657,42.321021]]","07/31/2016 - 08/28/2016, Every day, Daily Average",1301,972,1740
"1116","Harborwalk, Waterfront, Boston","[[-71.062911,42.361229],[-71.061856,42.36243],[-71.058261,42.363697],[-71.057757,42.363616],[-71.056105,42.362402],[-71.05542,42.361957],[-71.054925,42.362046],[-71.053826,42.363303],[-71.052111,42.363676],[-71.051647,42.36311],[-71.0512,42.363712],[-71.05109,42.364175],[-71.046389,42.363935],[-71.045918,42.361164],[-71.0455,42.359825],[-71.045566,42.359733],[-71.049595,42.354497],[-71.05106,42.355131],[-71.050851,42.356671],[-71.052158,42.358666],[-71.053518,42.358356],[-71.055759,42.356913],[-71.05771,42.356777],[-71.058737,42.356988],[-71.05829,42.35741],[-71.06151,42.358336],[-71.062642,42.357977],[-71.062875,42.359483],[-71.062911,42.361229]]","893","0 Hastings Street, West Roxbury, Boston","[[-71.165318,42.287479],[-71.163971,42.288311],[-71.160629,42.291585],[-71.158683,42.291845],[-71.156177,42.29171],[-71.155656,42.292108],[-71.154309,42.292974],[-71.153486,42.293265],[-71.151439,42.292869],[-71.149376,42.293096],[-71.148085,42.290973],[-71.147059,42.29013],[-71.145495,42.288805],[-71.145124,42.288114],[-71.147322,42.287412],[-71.147746,42.286654],[-71.148686,42.287152],[-71.150071,42.28729],[-71.149901,42.286762],[-71.154983,42.284355],[-71.156374,42.283563],[-71.158894,42.282141],[-71.159808,42.28152],[-71.161148,42.280341],[-71.161901,42.279768],[-71.16605,42.283241],[-71.165258,42.283767],[-71.167734,42.28586],[-71.165318,42.287479]]","07/31/2016 - 08/28/2016, Every day, Daily Average",1693,1331,2152
"1116","Harborwalk, Waterfront, Boston","[[-71.062911,42.361229],[-71.061856,42.36243],[-71.058261,42.363697],[-71.057757,42.363616],[-71.056105,42.362402],[-71.05542,42.361957],[-71.054925,42.362046],[-71.053826,42.363303],[-71.052111,42.363676],[-71.051647,42.36311],[-71.0512,42.363712],[-71.05109,42.364175],[-71.046389,42.363935],[-71.045918,42.361164],[-71.0455,42.359825],[-71.045566,42.359733],[-71.049595,42.354497],[-71.05106,42.355131],[-71.050851,42.356671],[-71.052158,42.358666],[-71.053518,42.358356],[-71.055759,42.356913],[-71.05771,42.356777],[-71.058737,42.356988],[-71.05829,42.35741],[-71.06151,42.358336],[-71.062642,42.357977],[-71.062875,42.359483],[-71.062911,42.361229]]","894","0 Wren Street, West Roxbury, Boston","[[-71.159808,42.28152],[-71.158894,42.282141],[-71.156374,42.283563],[-71.154983,42.284355],[-71.149901,42.286762],[-71.150071,42.28729],[-71.148686,42.287152],[-71.147746,42.286654],[-71.147752,42.286563],[-71.147775,42.285995],[-71.147504,42.284177],[-71.147025,42.283278],[-71.145519,42.281804],[-71.143956,42.280502],[-71.142485,42.27757],[-71.145231,42.276332],[-71.145705,42.27505],[-71.143664,42.272847],[-71.147289,42.269994],[-71.149893,42.272228],[-71.150778,42.273551],[-71.153504,42.275976],[-71.156772,42.277048],[-71.159434,42.278834],[-71.161148,42.280341],[-71.159808,42.28152]]","07/31/2016 - 08/28/2016, Every day, Daily Average",1781,1389,2283
"1116","Harborwalk, Waterfront, Boston","[[-71.062911,42.361229],[-71.061856,42.36243],[-71.058261,42.363697],[-71.057757,42.363616],[-71.056105,42.362402],[-71.05542,42.361957],[-71.054925,42.362046],[-71.053826,42.363303],[-71.052111,42.363676],[-71.051647,42.36311],[-71.0512,42.363712],[-71.05109,42.364175],[-71.046389,42.363935],[-71.045918,42.361164],[-71.0455,42.359825],[-71.045566,42.359733],[-71.049595,42.354497],[-71.05106,42.355131],[-71.050851,42.356671],[-71.052158,42.358666],[-71.053518,42.358356],[-71.055759,42.356913],[-71.05771,42.356777],[-71.058737,42.356988],[-71.05829,42.35741],[-71.06151,42.358336],[-71.062642,42.357977],[-71.062875,42.359483],[-71.062911,42.361229]]","895","0 Edson Street, Hyde Park, Boston","[[-71.144171,42.254107],[-71.142834,42.255943],[-71.140592,42.258365],[-71.140196,42.258456],[-71.138103,42.255307],[-71.139394,42.252523],[-71.139141,42.248985],[-71.136285,42.246316],[-71.135978,42.246856],[-71.132333,42.24823],[-71.136434,42.249656],[-71.13623,42.251046],[-71.133965,42.254313],[-71.132195,42.253683],[-71.130958,42.252223],[-71.130589,42.251776],[-71.130115,42.251171],[-71.128967,42.249643],[-71.128992,42.247992],[-71.129004,42.245995],[-71.131368,42.240089],[-71.132151,42.239203],[-71.133716,42.239631],[-71.135267,42.238163],[-71.13631,42.23634],[-71.139328,42.233601],[-71.142681,42.235998],[-71.143498,42.240065],[-71.144069,42.242819],[-71.146103,42.252988],[-71.144171,42.254107]]","07/31/2016 - 08/28/2016, Every day, Daily Average",1924,1520,2434
"1116","Harborwalk, Waterfront, Boston","[[-71.062911,42.361229],[-71.061856,42.36243],[-71.058261,42.363697],[-71.057757,42.363616],[-71.056105,42.362402],[-71.05542,42.361957],[-71.054925,42.362046],[-71.053826,42.363303],[-71.052111,42.363676],[-71.051647,42.36311],[-71.0512,42.363712],[-71.05109,42.364175],[-71.046389,42.363935],[-71.045918,42.361164],[-71.0455,42.359825],[-71.045566,42.359733],[-71.049595,42.354497],[-71.05106,42.355131],[-71.050851,42.356671],[-71.052158,42.358666],[-71.053518,42.358356],[-71.055759,42.356913],[-71.05771,42.356777],[-71.058737,42.356988],[-71.05829,42.35741],[-71.06151,42.358336],[-71.062642,42.357977],[-71.062875,42.359483],[-71.062911,42.361229]]","896","300 Columbia Street, Wellington-Harrington, Cambridge","[[-71.10101,42.369317],[-71.099925,42.370873],[-71.098979,42.37219],[-71.098106,42.373385],[-71.097119,42.373251],[-71.095322,42.373015],[-71.094488,42.372913],[-71.093279,42.372754],[-71.094785,42.368766],[-71.096875,42.370475],[-71.098112,42.371495],[-71.098849,42.370485],[-71.099962,42.368903],[-71.100538,42.36913],[-71.10101,42.369317]]","07/31/2016 - 08/28/2016, Every day, Daily Average",941,658,1344
"1116","Harborwalk, Waterfront, Boston","[[-71.062911,42.361229],[-71.061856,42.36243],[-71.058261,42.363697],[-71.057757,42.363616],[-71.056105,42.362402],[-71.05542,42.361957],[-71.054925,42.362046],[-71.053826,42.363303],[-71.052111,42.363676],[-71.051647,42.36311],[-71.0512,42.363712],[-71.05109,42.364175],[-71.046389,42.363935],[-71.045918,42.361164],[-71.0455,42.359825],[-71.045566,42.359733],[-71.049595,42.354497],[-71.05106,42.355131],[-71.050851,42.356671],[-71.052158,42.358666],[-71.053518,42.358356],[-71.055759,42.356913],[-71.05771,42.356777],[-71.058737,42.356988],[-71.05829,42.35741],[-71.06151,42.358336],[-71.062642,42.357977],[-71.062875,42.359483],[-71.062911,42.361229]]","897","0 Cleveland Street, Hyde Park, Boston","[[-71.132354,42.25604],[-71.128928,42.258084],[-71.130756,42.258303],[-71.133615,42.261021],[-71.131509,42.262221],[-71.128195,42.260509],[-71.126922,42.261867],[-71.127334,42.264503],[-71.12613,42.263534],[-71.123565,42.262206],[-71.124708,42.257227],[-71.125307,42.255653],[-71.125592,42.255613],[-71.126018,42.254666],[-71.127157,42.253834],[-71.128219,42.252341],[-71.130115,42.251171],[-71.130589,42.251776],[-71.130958,42.252223],[-71.132195,42.253683],[-71.133965,42.254313],[-71.132354,42.25604]]","07/31/2016 - 08/28/2016, Every day, Daily Average",1836,1471,2290
"1116","Harborwalk, Waterfront, Boston","[[-71.062911,42.361229],[-71.061856,42.36243],[-71.058261,42.363697],[-71.057757,42.363616],[-71.056105,42.362402],[-71.05542,42.361957],[-71.054925,42.362046],[-71.053826,42.363303],[-71.052111,42.363676],[-71.051647,42.36311],[-71.0512,42.363712],[-71.05109,42.364175],[-71.046389,42.363935],[-71.045918,42.361164],[-71.0455,42.359825],[-71.045566,42.359733],[-71.049595,42.354497],[-71.05106,42.355131],[-71.050851,42.356671],[-71.052158,42.358666],[-71.053518,42.358356],[-71.055759,42.356913],[-71.05771,42.356777],[-71.058737,42.356988],[-71.05829,42.35741],[-71.06151,42.358336],[-71.062642,42.357977],[-71.062875,42.359483],[-71.062911,42.361229]]","898","0 Webster Street, Hyde Park, Boston","[[-71.130115,42.251171],[-71.128219,42.252341],[-71.127157,42.253834],[-71.126018,42.254666],[-71.125592,42.255613],[-71.125307,42.255653],[-71.124708,42.257227],[-71.123565,42.262206],[-71.12326,42.26207],[-71.122972,42.263348],[-71.122036,42.262921],[-71.118957,42.261923],[-71.118038,42.263905],[-71.118251,42.264045],[-71.118271,42.264112],[-71.118285,42.264211],[-71.118247,42.264309],[-71.118161,42.264348],[-71.1181,42.264355],[-71.118027,42.264354],[-71.11827,42.266595],[-71.116427,42.267112],[-71.110995,42.269039],[-71.111622,42.267359],[-71.110828,42.266065],[-71.10842,42.262591],[-71.107743,42.262975],[-71.106903,42.261928],[-71.1085,42.261061],[-71.110576,42.261044],[-71.113277,42.258912],[-71.114246,42.258162],[-71.115465,42.256873],[-71.1184,42.253924],[-71.118894,42.253161],[-71.12063,42.252113],[-71.122884,42.251849],[-71.125505,42.247954],[-71.128433,42.249173],[-71.128992,42.247992],[-71.128967,42.249643],[-71.130115,42.251171]]","07/31/2016 - 08/28/2016, Every day, Daily Average",1800,1325,2443
"1116","Harborwalk, Waterfront, Boston","[[-71.062911,42.361229],[-71.061856,42.36243],[-71.058261,42.363697],[-71.057757,42.363616],[-71.056105,42.362402],[-71.05542,42.361957],[-71.054925,42.362046],[-71.053826,42.363303],[-71.052111,42.363676],[-71.051647,42.36311],[-71.0512,42.363712],[-71.05109,42.364175],[-71.046389,42.363935],[-71.045918,42.361164],[-71.0455,42.359825],[-71.045566,42.359733],[-71.049595,42.354497],[-71.05106,42.355131],[-71.050851,42.356671],[-71.052158,42.358666],[-71.053518,42.358356],[-71.055759,42.356913],[-71.05771,42.356777],[-71.058737,42.356988],[-71.05829,42.35741],[-71.06151,42.358336],[-71.062642,42.357977],[-71.062875,42.359483],[-71.062911,42.361229]]","899","0 Watts Street, Chelsea","[[-71.033927,42.388653],[-71.03373,42.389273],[-71.033538,42.389885],[-71.032634,42.391592],[-71.032301,42.392216],[-71.03295,42.393099],[-71.032723,42.393547],[-71.030379,42.394883],[-71.027435,42.393488],[-71.025489,42.391336],[-71.025002,42.390527],[-71.02288,42.390144],[-71.023086,42.389468],[-71.023372,42.38806],[-71.022428,42.386373],[-71.022672,42.386265],[-71.027712,42.384041],[-71.031995,42.384597],[-71.031295,42.386234],[-71.034563,42.386723],[-71.033927,42.388653]]","07/31/2016 - 08/28/2016, Every day, Daily Average",750,503,1117
"1116","Harborwalk, Waterfront, Boston","[[-71.062911,42.361229],[-71.061856,42.36243],[-71.058261,42.363697],[-71.057757,42.363616],[-71.056105,42.362402],[-71.05542,42.361957],[-71.054925,42.362046],[-71.053826,42.363303],[-71.052111,42.363676],[-71.051647,42.36311],[-71.0512,42.363712],[-71.05109,42.364175],[-71.046389,42.363935],[-71.045918,42.361164],[-71.0455,42.359825],[-71.045566,42.359733],[-71.049595,42.354497],[-71.05106,42.355131],[-71.050851,42.356671],[-71.052158,42.358666],[-71.053518,42.358356],[-71.055759,42.356913],[-71.05771,42.356777],[-71.058737,42.356988],[-71.05829,42.35741],[-71.06151,42.358336],[-71.062642,42.357977],[-71.062875,42.359483],[-71.062911,42.361229]]","900","0 Boatswains Way, Chelsea","[[-71.050695,42.391996],[-71.050002,42.393471],[-71.046529,42.392028],[-71.04367,42.391656],[-71.044213,42.390863],[-71.041906,42.388436],[-71.040842,42.388946],[-71.039229,42.389906],[-71.039818,42.388268],[-71.034563,42.386723],[-71.031295,42.386234],[-71.031995,42.384597],[-71.038357,42.386529],[-71.039262,42.386831],[-71.043264,42.383594],[-71.044298,42.383209],[-71.047284,42.385284],[-71.048186,42.385686],[-71.055295,42.387097],[-71.050695,42.391996]]","07/31/2016 - 08/28/2016, Every day, Daily Average",544,308,959
"1116","Harborwalk, Waterfront, Boston","[[-71.062911,42.361229],[-71.061856,42.36243],[-71.058261,42.363697],[-71.057757,42.363616],[-71.056105,42.362402],[-71.05542,42.361957],[-71.054925,42.362046],[-71.053826,42.363303],[-71.052111,42.363676],[-71.051647,42.36311],[-71.0512,42.363712],[-71.05109,42.364175],[-71.046389,42.363935],[-71.045918,42.361164],[-71.0455,42.359825],[-71.045566,42.359733],[-71.049595,42.354497],[-71.05106,42.355131],[-71.050851,42.356671],[-71.052158,42.358666],[-71.053518,42.358356],[-71.055759,42.356913],[-71.05771,42.356777],[-71.058737,42.356988],[-71.05829,42.35741],[-71.06151,42.358336],[-71.062642,42.357977],[-71.062875,42.359483],[-71.062911,42.361229]]","901","0 Willoughby Street, Chelsea","[[-71.030714,42.395524],[-71.026753,42.397834],[-71.024158,42.399322],[-71.020457,42.402434],[-71.019735,42.401968],[-71.019162,42.40247],[-71.018126,42.403378],[-71.017826,42.402883],[-71.013772,42.402964],[-71.010892,42.401795],[-71.009377,42.40085],[-71.013395,42.397398],[-71.016094,42.395897],[-71.017794,42.390697],[-71.020512,42.387641],[-71.022428,42.386373],[-71.023372,42.38806],[-71.023086,42.389468],[-71.02288,42.390144],[-71.025002,42.390527],[-71.025489,42.391336],[-71.027435,42.393488],[-71.030379,42.394883],[-71.029643,42.395297],[-71.030714,42.395524]]","07/31/2016 - 08/28/2016, Every day, Daily Average",829,565,1215
"1116","Harborwalk, Waterfront, Boston","[[-71.062911,42.361229],[-71.061856,42.36243],[-71.058261,42.363697],[-71.057757,42.363616],[-71.056105,42.362402],[-71.05542,42.361957],[-71.054925,42.362046],[-71.053826,42.363303],[-71.052111,42.363676],[-71.051647,42.36311],[-71.0512,42.363712],[-71.05109,42.364175],[-71.046389,42.363935],[-71.045918,42.361164],[-71.0455,42.359825],[-71.045566,42.359733],[-71.049595,42.354497],[-71.05106,42.355131],[-71.050851,42.356671],[-71.052158,42.358666],[-71.053518,42.358356],[-71.055759,42.356913],[-71.05771,42.356777],[-71.058737,42.356988],[-71.05829,42.35741],[-71.06151,42.358336],[-71.062642,42.357977],[-71.062875,42.359483],[-71.062911,42.361229]]","902","0 Centre Street, Roxbury, Boston","[[-71.099368,42.327995],[-71.098941,42.329133],[-71.098738,42.329756],[-71.097185,42.331782],[-71.095351,42.331554],[-71.094604,42.331437],[-71.093806,42.331331],[-71.090527,42.331173],[-71.088189,42.330611],[-71.091441,42.330037],[-71.091239,42.329939],[-71.087674,42.327912],[-71.086996,42.327782],[-71.08789,42.32571],[-71.088788,42.324218],[-71.090054,42.324688],[-71.090956,42.325022],[-71.091798,42.325981],[-71.092905,42.326878],[-71.093472,42.323288],[-71.095398,42.32325],[-71.096523,42.326202],[-71.098398,42.324934],[-71.098917,42.325025],[-71.099278,42.326361],[-71.100113,42.326418],[-71.099368,42.327995]]","07/31/2016 - 08/28/2016, Every day, Daily Average",974,683,1388
"1116","Harborwalk, Waterfront, Boston","[[-71.062911,42.361229],[-71.061856,42.36243],[-71.058261,42.363697],[-71.057757,42.363616],[-71.056105,42.362402],[-71.05542,42.361957],[-71.054925,42.362046],[-71.053826,42.363303],[-71.052111,42.363676],[-71.051647,42.36311],[-71.0512,42.363712],[-71.05109,42.364175],[-71.046389,42.363935],[-71.045918,42.361164],[-71.0455,42.359825],[-71.045566,42.359733],[-71.049595,42.354497],[-71.05106,42.355131],[-71.050851,42.356671],[-71.052158,42.358666],[-71.053518,42.358356],[-71.055759,42.356913],[-71.05771,42.356777],[-71.058737,42.356988],[-71.05829,42.35741],[-71.06151,42.358336],[-71.062642,42.357977],[-71.062875,42.359483],[-71.062911,42.361229]]","903","0 Gaston Street, Roxbury, Boston","[[-71.088331,42.31461],[-71.086903,42.316392],[-71.086508,42.317053],[-71.084582,42.316792],[-71.08285,42.316362],[-71.080998,42.315755],[-71.078823,42.314608],[-71.079683,42.313219],[-71.080088,42.312691],[-71.080312,42.312418],[-71.082012,42.310256],[-71.082668,42.309535],[-71.083251,42.310604],[-71.083919,42.310576],[-71.085862,42.311689],[-71.088319,42.312895],[-71.089399,42.313257],[-71.088331,42.31461]]","07/31/2016 - 08/28/2016, Every day, Daily Average",1141,759,1714
"1116","Harborwalk, Waterfront, Boston","[[-71.062911,42.361229],[-71.061856,42.36243],[-71.058261,42.363697],[-71.057757,42.363616],[-71.056105,42.362402],[-71.05542,42.361957],[-71.054925,42.362046],[-71.053826,42.363303],[-71.052111,42.363676],[-71.051647,42.36311],[-71.0512,42.363712],[-71.05109,42.364175],[-71.046389,42.363935],[-71.045918,42.361164],[-71.0455,42.359825],[-71.045566,42.359733],[-71.049595,42.354497],[-71.05106,42.355131],[-71.050851,42.356671],[-71.052158,42.358666],[-71.053518,42.358356],[-71.055759,42.356913],[-71.05771,42.356777],[-71.058737,42.356988],[-71.05829,42.35741],[-71.06151,42.358336],[-71.062642,42.357977],[-71.062875,42.359483],[-71.062911,42.361229]]","904","0 Wolcott Street, Dorchester, Boston","[[-71.085246,42.303446],[-71.084923,42.304428],[-71.084299,42.307015],[-71.083898,42.30759],[-71.083254,42.308469],[-71.081634,42.306343],[-71.080563,42.30544],[-71.079561,42.304622],[-71.07894,42.303937],[-71.078534,42.303388],[-71.078425,42.303227],[-71.079217,42.301191],[-71.078852,42.296708],[-71.079538,42.296563],[-71.08046,42.296388],[-71.08141,42.299002],[-71.082914,42.298663],[-71.083907,42.299709],[-71.084704,42.300423],[-71.085903,42.301381],[-71.085246,42.303446]]","07/31/2016 - 08/28/2016, Every day, Daily Average",1336,886,2013
"1116","Harborwalk, Waterfront, Boston","[[-71.062911,42.361229],[-71.061856,42.36243],[-71.058261,42.363697],[-71.057757,42.363616],[-71.056105,42.362402],[-71.05542,42.361957],[-71.054925,42.362046],[-71.053826,42.363303],[-71.052111,42.363676],[-71.051647,42.36311],[-71.0512,42.363712],[-71.05109,42.364175],[-71.046389,42.363935],[-71.045918,42.361164],[-71.0455,42.359825],[-71.045566,42.359733],[-71.049595,42.354497],[-71.05106,42.355131],[-71.050851,42.356671],[-71.052158,42.358666],[-71.053518,42.358356],[-71.055759,42.356913],[-71.05771,42.356777],[-71.058737,42.356988],[-71.05829,42.35741],[-71.06151,42.358336],[-71.062642,42.357977],[-71.062875,42.359483],[-71.062911,42.361229]]","905","100 Geneva Avenue, Dorchester, Boston","[[-71.083078,42.308772],[-71.082804,42.309331],[-71.082668,42.309535],[-71.082012,42.310256],[-71.079585,42.30988],[-71.076076,42.307568],[-71.075233,42.308273],[-71.073912,42.307681],[-71.076782,42.305189],[-71.077264,42.304745],[-71.078425,42.303227],[-71.078534,42.303388],[-71.07894,42.303937],[-71.079561,42.304622],[-71.080563,42.30544],[-71.081634,42.306343],[-71.083254,42.308469],[-71.083078,42.308772]]","07/31/2016 - 08/28/2016, Every day, Daily Average",1183,783,1786
"1116","Harborwalk, Waterfront, Boston","[[-71.062911,42.361229],[-71.061856,42.36243],[-71.058261,42.363697],[-71.057757,42.363616],[-71.056105,42.362402],[-71.05542,42.361957],[-71.054925,42.362046],[-71.053826,42.363303],[-71.052111,42.363676],[-71.051647,42.36311],[-71.0512,42.363712],[-71.05109,42.364175],[-71.046389,42.363935],[-71.045918,42.361164],[-71.0455,42.359825],[-71.045566,42.359733],[-71.049595,42.354497],[-71.05106,42.355131],[-71.050851,42.356671],[-71.052158,42.358666],[-71.053518,42.358356],[-71.055759,42.356913],[-71.05771,42.356777],[-71.058737,42.356988],[-71.05829,42.35741],[-71.06151,42.358336],[-71.062642,42.357977],[-71.062875,42.359483],[-71.062911,42.361229]]","906","0 Romsey Circle, Dorchester, Boston","[[-71.059623,42.315986],[-71.059544,42.316202],[-71.058965,42.318121],[-71.058834,42.3186],[-71.056726,42.31849],[-71.056724,42.318663],[-71.053854,42.318942],[-71.052746,42.319303],[-71.05257,42.319363],[-71.052172,42.319024],[-71.051981,42.314975],[-71.052165,42.313844],[-71.05315,42.311336],[-71.054983,42.312331],[-71.055387,42.312569],[-71.057207,42.31296],[-71.058881,42.312771],[-71.060018,42.314738],[-71.059623,42.315986]]","07/31/2016 - 08/28/2016, Every day, Daily Average",674,392,1158
"1116","Harborwalk, Waterfront, Boston","[[-71.062911,42.361229],[-71.061856,42.36243],[-71.058261,42.363697],[-71.057757,42.363616],[-71.056105,42.362402],[-71.05542,42.361957],[-71.054925,42.362046],[-71.053826,42.363303],[-71.052111,42.363676],[-71.051647,42.36311],[-71.0512,42.363712],[-71.05109,42.364175],[-71.046389,42.363935],[-71.045918,42.361164],[-71.0455,42.359825],[-71.045566,42.359733],[-71.049595,42.354497],[-71.05106,42.355131],[-71.050851,42.356671],[-71.052158,42.358666],[-71.053518,42.358356],[-71.055759,42.356913],[-71.05771,42.356777],[-71.058737,42.356988],[-71.05829,42.35741],[-71.06151,42.358336],[-71.062642,42.357977],[-71.062875,42.359483],[-71.062911,42.361229]]","907","0 Gene Street, Dorchester, Boston","[[-71.072204,42.321359],[-71.069842,42.321567],[-71.068061,42.321281],[-71.067507,42.323297],[-71.06594,42.321499],[-71.065383,42.321234],[-71.062131,42.320557],[-71.061481,42.3205],[-71.06211,42.320189],[-71.063572,42.318618],[-71.064643,42.31737],[-71.0652,42.317071],[-71.066837,42.317816],[-71.068747,42.318594],[-71.069698,42.318947],[-71.071276,42.32016],[-71.072204,42.321359]]","07/31/2016 - 08/28/2016, Every day, Daily Average",859,551,1338
"1116","Harborwalk, Waterfront, Boston","[[-71.062911,42.361229],[-71.061856,42.36243],[-71.058261,42.363697],[-71.057757,42.363616],[-71.056105,42.362402],[-71.05542,42.361957],[-71.054925,42.362046],[-71.053826,42.363303],[-71.052111,42.363676],[-71.051647,42.36311],[-71.0512,42.363712],[-71.05109,42.364175],[-71.046389,42.363935],[-71.045918,42.361164],[-71.0455,42.359825],[-71.045566,42.359733],[-71.049595,42.354497],[-71.05106,42.355131],[-71.050851,42.356671],[-71.052158,42.358666],[-71.053518,42.358356],[-71.055759,42.356913],[-71.05771,42.356777],[-71.058737,42.356988],[-71.05829,42.35741],[-71.06151,42.358336],[-71.062642,42.357977],[-71.062875,42.359483],[-71.062911,42.361229]]","908","0 Monadnock Street, Dorchester, Boston","[[-71.072138,42.313657],[-71.073145,42.314217],[-71.072825,42.316544],[-71.073011,42.317035],[-71.070388,42.317441],[-71.069698,42.318947],[-71.068747,42.318594],[-71.066837,42.317816],[-71.0652,42.317071],[-71.067429,42.314603],[-71.068499,42.312726],[-71.06972,42.311639],[-71.070217,42.311334],[-71.071623,42.311881],[-71.073171,42.312222],[-71.072138,42.313657]]","07/31/2016 - 08/28/2016, Every day, Daily Average",998,627,1586
"1116","Harborwalk, Waterfront, Boston","[[-71.062911,42.361229],[-71.061856,42.36243],[-71.058261,42.363697],[-71.057757,42.363616],[-71.056105,42.362402],[-71.05542,42.361957],[-71.054925,42.362046],[-71.053826,42.363303],[-71.052111,42.363676],[-71.051647,42.36311],[-71.0512,42.363712],[-71.05109,42.364175],[-71.046389,42.363935],[-71.045918,42.361164],[-71.0455,42.359825],[-71.045566,42.359733],[-71.049595,42.354497],[-71.05106,42.355131],[-71.050851,42.356671],[-71.052158,42.358666],[-71.053518,42.358356],[-71.055759,42.356913],[-71.05771,42.356777],[-71.058737,42.356988],[-71.05829,42.35741],[-71.06151,42.358336],[-71.062642,42.357977],[-71.062875,42.359483],[-71.062911,42.361229]]","909","500 Squire Road, Revere","[[-71.028562,42.423382],[-71.028257,42.424148],[-71.023036,42.43346],[-71.023002,42.433521],[-71.022187,42.434978],[-71.021122,42.436905],[-71.021005,42.437117],[-71.020377,42.43825],[-71.025777,42.444753],[-71.020295,42.448896],[-71.018295,42.449596],[-71.014595,42.445596],[-71.013058,42.443967],[-71.012395,42.443096],[-71.009495,42.441196],[-71.011995,42.439696],[-71.010295,42.438696],[-71.011579,42.436179],[-71.010385,42.434053],[-71.011716,42.433705],[-71.011158,42.433143],[-71.008626,42.434353],[-71.00592,42.433044],[-71.003302,42.432703],[-71.004595,42.431715],[-71.004595,42.429814],[-71.003275,42.42971],[-71.001094,42.431296],[-70.997347,42.431066],[-70.997234,42.431051],[-70.99924,42.428347],[-71.003725,42.422308],[-71.008935,42.425912],[-71.010812,42.42451],[-71.013867,42.422384],[-71.010549,42.42142],[-71.005873,42.419516],[-71.00791,42.416755],[-71.008379,42.416113],[-71.009343,42.41722],[-71.011194,42.418385],[-71.012326,42.417305],[-71.018658,42.419093],[-71.018975,42.418606],[-71.020134,42.419109],[-71.027894,42.421437],[-71.029319,42.421877],[-71.028562,42.423382]]","07/31/2016 - 08/28/2016, Every day, Daily Average",869,590,1278
"1116","Harborwalk, Waterfront, Boston","[[-71.062911,42.361229],[-71.061856,42.36243],[-71.058261,42.363697],[-71.057757,42.363616],[-71.056105,42.362402],[-71.05542,42.361957],[-71.054925,42.362046],[-71.053826,42.363303],[-71.052111,42.363676],[-71.051647,42.36311],[-71.0512,42.363712],[-71.05109,42.364175],[-71.046389,42.363935],[-71.045918,42.361164],[-71.0455,42.359825],[-71.045566,42.359733],[-71.049595,42.354497],[-71.05106,42.355131],[-71.050851,42.356671],[-71.052158,42.358666],[-71.053518,42.358356],[-71.055759,42.356913],[-71.05771,42.356777],[-71.058737,42.356988],[-71.05829,42.35741],[-71.06151,42.358336],[-71.062642,42.357977],[-71.062875,42.359483],[-71.062911,42.361229]]","911","200 Garfield Avenue, Revere","[[-71.002727,42.404412],[-71.002593,42.404351],[-71.001578,42.40379],[-70.997522,42.400907],[-70.997091,42.401184],[-70.996053,42.401775],[-70.994112,42.404917],[-70.992313,42.405533],[-70.992408,42.407238],[-70.990595,42.407098],[-70.989216,42.402667],[-70.989195,42.402598],[-70.987723,42.402399],[-70.989593,42.402117],[-70.990179,42.401105],[-70.990417,42.400387],[-70.991369,42.398918],[-70.991996,42.397562],[-70.992208,42.396688],[-70.994454,42.393316],[-70.995047,42.393566],[-70.99419,42.39475],[-70.993891,42.396153],[-70.992736,42.397931],[-70.996811,42.400464],[-70.998223,42.39923],[-70.998671,42.40059],[-71.00188,42.400814],[-71.004825,42.401726],[-71.002727,42.404412]]","07/31/2016 - 08/28/2016, Every day, Daily Average",725,468,1121
"1116","Harborwalk, Waterfront, Boston","[[-71.062911,42.361229],[-71.061856,42.36243],[-71.058261,42.363697],[-71.057757,42.363616],[-71.056105,42.362402],[-71.05542,42.361957],[-71.054925,42.362046],[-71.053826,42.363303],[-71.052111,42.363676],[-71.051647,42.36311],[-71.0512,42.363712],[-71.05109,42.364175],[-71.046389,42.363935],[-71.045918,42.361164],[-71.0455,42.359825],[-71.045566,42.359733],[-71.049595,42.354497],[-71.05106,42.355131],[-71.050851,42.356671],[-71.052158,42.358666],[-71.053518,42.358356],[-71.055759,42.356913],[-71.05771,42.356777],[-71.058737,42.356988],[-71.05829,42.35741],[-71.06151,42.358336],[-71.062642,42.357977],[-71.062875,42.359483],[-71.062911,42.361229]]","912","100 Crest Avenue, Revere","[[-70.992208,42.396688],[-70.991996,42.397562],[-70.991369,42.398918],[-70.990417,42.400387],[-70.990179,42.401105],[-70.989593,42.402117],[-70.987723,42.402399],[-70.985068,42.402041],[-70.983426,42.396246],[-70.982313,42.394541],[-70.981675,42.393564],[-70.980434,42.391663],[-70.986053,42.388116],[-70.987289,42.388734],[-70.987974,42.392817],[-70.994454,42.393316],[-70.992208,42.396688]]","07/31/2016 - 08/28/2016, Every day, Daily Average",895,624,1282
"1116","Harborwalk, Waterfront, Boston","[[-71.062911,42.361229],[-71.061856,42.36243],[-71.058261,42.363697],[-71.057757,42.363616],[-71.056105,42.362402],[-71.05542,42.361957],[-71.054925,42.362046],[-71.053826,42.363303],[-71.052111,42.363676],[-71.051647,42.36311],[-71.0512,42.363712],[-71.05109,42.364175],[-71.046389,42.363935],[-71.045918,42.361164],[-71.0455,42.359825],[-71.045566,42.359733],[-71.049595,42.354497],[-71.05106,42.355131],[-71.050851,42.356671],[-71.052158,42.358666],[-71.053518,42.358356],[-71.055759,42.356913],[-71.05771,42.356777],[-71.058737,42.356988],[-71.05829,42.35741],[-71.06151,42.358336],[-71.062642,42.357977],[-71.062875,42.359483],[-71.062911,42.361229]]","913","0 Petrel Street, Winthrop","[[-70.981985,42.368351],[-70.979566,42.370278],[-70.97399,42.370211],[-70.972843,42.372327],[-70.971154,42.372718],[-70.972424,42.374523],[-70.974817,42.378072],[-70.974944,42.380882],[-70.972644,42.381186],[-70.972223,42.377316],[-70.970111,42.37539],[-70.968854,42.374244],[-70.966963,42.368943],[-70.966034,42.366338],[-70.968367,42.361775],[-70.969079,42.360382],[-70.965675,42.357766],[-70.967048,42.356954],[-70.967257,42.357069],[-70.968935,42.355925],[-70.970024,42.355284],[-70.972406,42.35722],[-70.975258,42.358977],[-70.97834,42.358774],[-70.978927,42.359724],[-70.981909,42.362411],[-70.983386,42.368123],[-70.981985,42.368351]]","07/31/2016 - 08/28/2016, Every day, Daily Average",1014,780,1317
"1116","Harborwalk, Waterfront, Boston","[[-71.062911,42.361229],[-71.061856,42.36243],[-71.058261,42.363697],[-71.057757,42.363616],[-71.056105,42.362402],[-71.05542,42.361957],[-71.054925,42.362046],[-71.053826,42.363303],[-71.052111,42.363676],[-71.051647,42.36311],[-71.0512,42.363712],[-71.05109,42.364175],[-71.046389,42.363935],[-71.045918,42.361164],[-71.0455,42.359825],[-71.045566,42.359733],[-71.049595,42.354497],[-71.05106,42.355131],[-71.050851,42.356671],[-71.052158,42.358666],[-71.053518,42.358356],[-71.055759,42.356913],[-71.05771,42.356777],[-71.058737,42.356988],[-71.05829,42.35741],[-71.06151,42.358336],[-71.062642,42.357977],[-71.062875,42.359483],[-71.062911,42.361229]]","915","Head Island Causeway, South Boston, Boston","[[-71.052624,42.328597],[-71.052501,42.329142],[-71.050606,42.329895],[-71.047385,42.330136],[-71.044053,42.330192],[-71.039542,42.330052],[-71.037248,42.329525],[-71.035207,42.32935],[-71.034314,42.329492],[-71.031143,42.330653],[-71.028074,42.332057],[-71.025009,42.333281],[-71.025026,42.334095],[-71.025071,42.335802],[-71.025133,42.33831],[-71.021947,42.337847],[-71.018005,42.338817],[-71.013366,42.338887],[-71.010718,42.339818],[-71.015664,42.330518],[-71.019626,42.33003],[-71.022818,42.33133],[-71.025065,42.331146],[-71.027779,42.330246],[-71.030089,42.328741],[-71.032777,42.32841],[-71.034389,42.327591],[-71.038978,42.328239],[-71.043813,42.328208],[-71.046023,42.324561],[-71.045414,42.323798],[-71.047754,42.322574],[-71.049051,42.323124],[-71.050604,42.320758],[-71.050925,42.320876],[-71.052093,42.321469],[-71.052392,42.322976],[-71.052565,42.327112],[-71.052624,42.328597]]","07/31/2016 - 08/28/2016, Every day, Daily Average",728,442,1197
"1116","Harborwalk, Waterfront, Boston","[[-71.062911,42.361229],[-71.061856,42.36243],[-71.058261,42.363697],[-71.057757,42.363616],[-71.056105,42.362402],[-71.05542,42.361957],[-71.054925,42.362046],[-71.053826,42.363303],[-71.052111,42.363676],[-71.051647,42.36311],[-71.0512,42.363712],[-71.05109,42.364175],[-71.046389,42.363935],[-71.045918,42.361164],[-71.0455,42.359825],[-71.045566,42.359733],[-71.049595,42.354497],[-71.05106,42.355131],[-71.050851,42.356671],[-71.052158,42.358666],[-71.053518,42.358356],[-71.055759,42.356913],[-71.05771,42.356777],[-71.058737,42.356988],[-71.05829,42.35741],[-71.06151,42.358336],[-71.062642,42.357977],[-71.062875,42.359483],[-71.062911,42.361229]]","916","0 Lee Burbank Highway, Revere","[[-71.011272,42.396589],[-71.004279,42.404928],[-71.002727,42.404412],[-71.004825,42.401726],[-71.00188,42.400814],[-70.998671,42.40059],[-70.998223,42.39923],[-70.996811,42.400464],[-70.992736,42.397931],[-70.993891,42.396153],[-70.99419,42.39475],[-70.995047,42.393566],[-70.998233,42.390266],[-71.004015,42.392589],[-71.005972,42.392821],[-71.008579,42.393387],[-71.011609,42.393493],[-71.010001,42.39549],[-71.01193,42.395752],[-71.011272,42.396589]]","07/31/2016 - 08/28/2016, Every day, Daily Average",616,387,980
"1116","Harborwalk, Waterfront, Boston","[[-71.062911,42.361229],[-71.061856,42.36243],[-71.058261,42.363697],[-71.057757,42.363616],[-71.056105,42.362402],[-71.05542,42.361957],[-71.054925,42.362046],[-71.053826,42.363303],[-71.052111,42.363676],[-71.051647,42.36311],[-71.0512,42.363712],[-71.05109,42.364175],[-71.046389,42.363935],[-71.045918,42.361164],[-71.0455,42.359825],[-71.045566,42.359733],[-71.049595,42.354497],[-71.05106,42.355131],[-71.050851,42.356671],[-71.052158,42.358666],[-71.053518,42.358356],[-71.055759,42.356913],[-71.05771,42.356777],[-71.058737,42.356988],[-71.05829,42.35741],[-71.06151,42.358336],[-71.062642,42.357977],[-71.062875,42.359483],[-71.062911,42.361229]]","917","Emerald Necklace, Jamaica Plain, Boston","[[-71.12572,42.318427],[-71.119817,42.321579],[-71.119515,42.322055],[-71.119539,42.322745],[-71.116871,42.323767],[-71.115589,42.326803],[-71.115008,42.328209],[-71.115079,42.328486],[-71.112445,42.333642],[-71.111488,42.334591],[-71.110894,42.335505],[-71.111456,42.335898],[-71.110637,42.34041],[-71.105938,42.343808],[-71.104393,42.344117],[-71.102519,42.343375],[-71.101071,42.341738],[-71.099795,42.340804],[-71.098361,42.34081],[-71.096493,42.341843],[-71.094611,42.34294],[-71.094644,42.344549],[-71.094451,42.345189],[-71.092231,42.346988],[-71.090902,42.346544],[-71.090844,42.344077],[-71.092205,42.341335],[-71.093217,42.340889],[-71.09621,42.339827],[-71.096885,42.339026],[-71.098988,42.339095],[-71.103789,42.343144],[-71.105361,42.343289],[-71.106909,42.341767],[-71.110001,42.340317],[-71.110697,42.337183],[-71.110063,42.336307],[-71.109894,42.335379],[-71.113016,42.331932],[-71.111962,42.328387],[-71.112828,42.325876],[-71.114305,42.324732],[-71.115078,42.323573],[-71.116737,42.322627],[-71.11657,42.321021],[-71.117107,42.319978],[-71.11646,42.318435],[-71.117003,42.315579],[-71.120779,42.313692],[-71.12119,42.313814],[-71.12572,42.318427]]","07/31/2016 - 08/28/2016, Every day, Daily Average",863,532,1397
"1116","Harborwalk, Waterfront, Boston","[[-71.062911,42.361229],[-71.061856,42.36243],[-71.058261,42.363697],[-71.057757,42.363616],[-71.056105,42.362402],[-71.05542,42.361957],[-71.054925,42.362046],[-71.053826,42.363303],[-71.052111,42.363676],[-71.051647,42.36311],[-71.0512,42.363712],[-71.05109,42.364175],[-71.046389,42.363935],[-71.045918,42.361164],[-71.0455,42.359825],[-71.045566,42.359733],[-71.049595,42.354497],[-71.05106,42.355131],[-71.050851,42.356671],[-71.052158,42.358666],[-71.053518,42.358356],[-71.055759,42.356913],[-71.05771,42.356777],[-71.058737,42.356988],[-71.05829,42.35741],[-71.06151,42.358336],[-71.062642,42.357977],[-71.062875,42.359483],[-71.062911,42.361229]]","927","0 Mill River Drive, Weymouth","[[-70.973665,42.186992],[-70.973636,42.18719],[-70.97131,42.18715],[-70.970668,42.188236],[-70.97011,42.1923],[-70.97085,42.1939],[-70.969471,42.202269],[-70.96653,42.20451],[-70.96561,42.20356],[-70.95896,42.20499],[-70.95811,42.20106],[-70.95583,42.199491],[-70.955659,42.194497],[-70.9556,42.189031],[-70.955221,42.180174],[-70.95526,42.1797],[-70.956956,42.179751],[-70.961697,42.17854],[-70.96439,42.17843],[-70.966267,42.178807],[-70.9685,42.17968],[-70.9726,42.18238],[-70.974062,42.184339],[-70.973665,42.186992]]","07/31/2016 - 08/28/2016, Every day, Daily Average",1391,971,1990
"1116","Harborwalk, Waterfront, Boston","[[-71.062911,42.361229],[-71.061856,42.36243],[-71.058261,42.363697],[-71.057757,42.363616],[-71.056105,42.362402],[-71.05542,42.361957],[-71.054925,42.362046],[-71.053826,42.363303],[-71.052111,42.363676],[-71.051647,42.36311],[-71.0512,42.363712],[-71.05109,42.364175],[-71.046389,42.363935],[-71.045918,42.361164],[-71.0455,42.359825],[-71.045566,42.359733],[-71.049595,42.354497],[-71.05106,42.355131],[-71.050851,42.356671],[-71.052158,42.358666],[-71.053518,42.358356],[-71.055759,42.356913],[-71.05771,42.356777],[-71.058737,42.356988],[-71.05829,42.35741],[-71.06151,42.358336],[-71.062642,42.357977],[-71.062875,42.359483],[-71.062911,42.361229]]","930","0 Constitution Avenue, Revere","[[-71.031086,42.418782],[-71.029319,42.421877],[-71.027894,42.421437],[-71.020134,42.419109],[-71.018975,42.418606],[-71.018658,42.419093],[-71.012326,42.417305],[-71.011194,42.418385],[-71.009343,42.41722],[-71.008379,42.416113],[-71.009869,42.413936],[-71.011234,42.411781],[-71.014408,42.412631],[-71.017656,42.413537],[-71.018278,42.413709],[-71.022741,42.414945],[-71.027544,42.416257],[-71.031701,42.417384],[-71.031086,42.418782]]","07/31/2016 - 08/28/2016, Every day, Daily Average",785,504,1222
"1116","Harborwalk, Waterfront, Boston","[[-71.062911,42.361229],[-71.061856,42.36243],[-71.058261,42.363697],[-71.057757,42.363616],[-71.056105,42.362402],[-71.05542,42.361957],[-71.054925,42.362046],[-71.053826,42.363303],[-71.052111,42.363676],[-71.051647,42.36311],[-71.0512,42.363712],[-71.05109,42.364175],[-71.046389,42.363935],[-71.045918,42.361164],[-71.0455,42.359825],[-71.045566,42.359733],[-71.049595,42.354497],[-71.05106,42.355131],[-71.050851,42.356671],[-71.052158,42.358666],[-71.053518,42.358356],[-71.055759,42.356913],[-71.05771,42.356777],[-71.058737,42.356988],[-71.05829,42.35741],[-71.06151,42.358336],[-71.062642,42.357977],[-71.062875,42.359483],[-71.062911,42.361229]]","944","100 Cliff Road, Wellesley Hills, Wellesley","[[-71.29651,42.30939],[-71.29329,42.31198],[-71.29076,42.31674],[-71.29417,42.31855],[-71.29053,42.32078],[-71.29099,42.32225],[-71.291793,42.322602],[-71.281536,42.325234],[-71.269919,42.328096],[-71.266163,42.327441],[-71.263889,42.326229],[-71.259323,42.326683],[-71.258611,42.325282],[-71.260702,42.325012],[-71.262333,42.323646],[-71.26443,42.31973],[-71.264901,42.319222],[-71.273113,42.313675],[-71.273818,42.31307],[-71.274559,42.313502],[-71.27712,42.31198],[-71.28708,42.30807],[-71.291957,42.307135],[-71.296489,42.306142],[-71.29642,42.30758],[-71.295147,42.308591],[-71.29651,42.30939]]","07/31/2016 - 08/28/2016, Every day, Daily Average",1609,1233,2098
"1116","Harborwalk, Waterfront, Boston","[[-71.062911,42.361229],[-71.061856,42.36243],[-71.058261,42.363697],[-71.057757,42.363616],[-71.056105,42.362402],[-71.05542,42.361957],[-71.054925,42.362046],[-71.053826,42.363303],[-71.052111,42.363676],[-71.051647,42.36311],[-71.0512,42.363712],[-71.05109,42.364175],[-71.046389,42.363935],[-71.045918,42.361164],[-71.0455,42.359825],[-71.045566,42.359733],[-71.049595,42.354497],[-71.05106,42.355131],[-71.050851,42.356671],[-71.052158,42.358666],[-71.053518,42.358356],[-71.055759,42.356913],[-71.05771,42.356777],[-71.058737,42.356988],[-71.05829,42.35741],[-71.06151,42.358336],[-71.062642,42.357977],[-71.062875,42.359483],[-71.062911,42.361229]]","945","0 Depot Road, Harvard","[[-71.639284,42.531387],[-71.636963,42.533233],[-71.636612,42.534391],[-71.636079,42.539924],[-71.633912,42.541091],[-71.631821,42.544661],[-71.628434,42.548064],[-71.624512,42.550477],[-71.621722,42.551597],[-71.620039,42.55245],[-71.607852,42.54538],[-71.60229,42.545204],[-71.594624,42.543378],[-71.593189,42.543834],[-71.593012,42.543895],[-71.591124,42.544504],[-71.588559,42.546295],[-71.580287,42.550467],[-71.57541,42.549593],[-71.556019,42.546119],[-71.538949,42.543069],[-71.533836,42.52764],[-71.531387,42.520285],[-71.52991,42.519716],[-71.532718,42.51465],[-71.534855,42.51333],[-71.550719,42.48916],[-71.560367,42.47435],[-71.556238,42.472137],[-71.543297,42.466451],[-71.546258,42.456616],[-71.546638,42.453477],[-71.548903,42.447308],[-71.600141,42.464751],[-71.635335,42.476745],[-71.63399,42.477699],[-71.633354,42.478569],[-71.634134,42.4808],[-71.633273,42.483419],[-71.631896,42.483664],[-71.632781,42.485059],[-71.634301,42.485405],[-71.633114,42.486138],[-71.63186,42.485487],[-71.630905,42.487648],[-71.629268,42.488808],[-71.629173,42.490298],[-71.627944,42.493544],[-71.626139,42.498918],[-71.626862,42.500373],[-71.631729,42.502555],[-71.633408,42.502632],[-71.633942,42.504653],[-71.631317,42.508323],[-71.631745,42.509208],[-71.629959,42.510055],[-71.62938,42.511238],[-71.628022,42.510726],[-71.627472,42.512657],[-71.629685,42.513778],[-71.629303,42.515335],[-71.631913,42.515899],[-71.630722,42.517204],[-71.630478,42.518836],[-71.631684,42.51889],[-71.634117,42.521824],[-71.636032,42.523078],[-71.635812,42.524091],[-71.639099,42.528762],[-71.639284,42.531387]]","07/31/2016 - 08/28/2016, Every day, Daily Average",3006,2445,3695
"1116","Harborwalk, Waterfront, Boston","[[-71.062911,42.361229],[-71.061856,42.36243],[-71.058261,42.363697],[-71.057757,42.363616],[-71.056105,42.362402],[-71.05542,42.361957],[-71.054925,42.362046],[-71.053826,42.363303],[-71.052111,42.363676],[-71.051647,42.36311],[-71.0512,42.363712],[-71.05109,42.364175],[-71.046389,42.363935],[-71.045918,42.361164],[-71.0455,42.359825],[-71.045566,42.359733],[-71.049595,42.354497],[-71.05106,42.355131],[-71.050851,42.356671],[-71.052158,42.358666],[-71.053518,42.358356],[-71.055759,42.356913],[-71.05771,42.356777],[-71.058737,42.356988],[-71.05829,42.35741],[-71.06151,42.358336],[-71.062642,42.357977],[-71.062875,42.359483],[-71.062911,42.361229]]","951","0 Montgomery Drive, Millbury","[[-71.783096,42.216131],[-71.779817,42.217575],[-71.761698,42.225551],[-71.745356,42.23275],[-71.733458,42.23808],[-71.73138,42.228349],[-71.730195,42.22278],[-71.724786,42.197365],[-71.730839,42.195735],[-71.734746,42.195318],[-71.738783,42.193021],[-71.741452,42.192347],[-71.75177,42.193029],[-71.750035,42.196228],[-71.750144,42.196826],[-71.753529,42.200882],[-71.755447,42.203472],[-71.75561,42.203809],[-71.758232,42.19632],[-71.761431,42.196316],[-71.762915,42.195765],[-71.763807,42.197048],[-71.765849,42.197949],[-71.770144,42.198344],[-71.774393,42.202109],[-71.776988,42.203142],[-71.779671,42.206491],[-71.783254,42.21376],[-71.783096,42.216131]]","07/31/2016 - 08/28/2016, Every day, Daily Average",3166,2222,4509
"1116","Harborwalk, Waterfront, Boston","[[-71.062911,42.361229],[-71.061856,42.36243],[-71.058261,42.363697],[-71.057757,42.363616],[-71.056105,42.362402],[-71.05542,42.361957],[-71.054925,42.362046],[-71.053826,42.363303],[-71.052111,42.363676],[-71.051647,42.36311],[-71.0512,42.363712],[-71.05109,42.364175],[-71.046389,42.363935],[-71.045918,42.361164],[-71.0455,42.359825],[-71.045566,42.359733],[-71.049595,42.354497],[-71.05106,42.355131],[-71.050851,42.356671],[-71.052158,42.358666],[-71.053518,42.358356],[-71.055759,42.356913],[-71.05771,42.356777],[-71.058737,42.356988],[-71.05829,42.35741],[-71.06151,42.358336],[-71.062642,42.357977],[-71.062875,42.359483],[-71.062911,42.361229]]","955","100 Somerset Avenue, Winthrop","[[-70.99721,42.374209],[-70.995969,42.376404],[-70.993811,42.377122],[-70.992163,42.377043],[-70.989802,42.376764],[-70.987524,42.375917],[-70.98572,42.372789],[-70.984533,42.372654],[-70.981063,42.371621],[-70.981006,42.371059],[-70.979566,42.370278],[-70.981985,42.368351],[-70.983386,42.368123],[-70.987708,42.367331],[-70.989687,42.367536],[-70.994909,42.369205],[-70.996975,42.370483],[-70.99829,42.371469],[-70.99721,42.374209]]","07/31/2016 - 08/28/2016, Every day, Daily Average",847,615,1166
"1116","Harborwalk, Waterfront, Boston","[[-71.062911,42.361229],[-71.061856,42.36243],[-71.058261,42.363697],[-71.057757,42.363616],[-71.056105,42.362402],[-71.05542,42.361957],[-71.054925,42.362046],[-71.053826,42.363303],[-71.052111,42.363676],[-71.051647,42.36311],[-71.0512,42.363712],[-71.05109,42.364175],[-71.046389,42.363935],[-71.045918,42.361164],[-71.0455,42.359825],[-71.045566,42.359733],[-71.049595,42.354497],[-71.05106,42.355131],[-71.050851,42.356671],[-71.052158,42.358666],[-71.053518,42.358356],[-71.055759,42.356913],[-71.05771,42.356777],[-71.058737,42.356988],[-71.05829,42.35741],[-71.06151,42.358336],[-71.062642,42.357977],[-71.062875,42.359483],[-71.062911,42.361229]]","957","0 Bowman Street, Westborough","[[-71.651325,42.250604],[-71.646154,42.252411],[-71.641604,42.253447],[-71.637758,42.25539],[-71.634077,42.256197],[-71.632305,42.255978],[-71.628916,42.259809],[-71.626507,42.262116],[-71.624762,42.26309],[-71.621351,42.259093],[-71.619939,42.25518],[-71.620098,42.253843],[-71.618264,42.251423],[-71.614242,42.256186],[-71.613514,42.259613],[-71.610309,42.260266],[-71.609157,42.259124],[-71.607194,42.258068],[-71.598237,42.257523],[-71.593267,42.256374],[-71.591742,42.25422],[-71.591019,42.25193],[-71.589855,42.251265],[-71.592868,42.243211],[-71.599318,42.225959],[-71.62107,42.23087],[-71.644438,42.226626],[-71.649399,42.247917],[-71.651325,42.250604]]","07/31/2016 - 08/28/2016, Every day, Daily Average",2728,1846,4029
"1116","Harborwalk, Waterfront, Boston","[[-71.062911,42.361229],[-71.061856,42.36243],[-71.058261,42.363697],[-71.057757,42.363616],[-71.056105,42.362402],[-71.05542,42.361957],[-71.054925,42.362046],[-71.053826,42.363303],[-71.052111,42.363676],[-71.051647,42.36311],[-71.0512,42.363712],[-71.05109,42.364175],[-71.046389,42.363935],[-71.045918,42.361164],[-71.0455,42.359825],[-71.045566,42.359733],[-71.049595,42.354497],[-71.05106,42.355131],[-71.050851,42.356671],[-71.052158,42.358666],[-71.053518,42.358356],[-71.055759,42.356913],[-71.05771,42.356777],[-71.058737,42.356988],[-71.05829,42.35741],[-71.06151,42.358336],[-71.062642,42.357977],[-71.062875,42.359483],[-71.062911,42.361229]]","958","0 Brooks Street, Upton-West Upton, Upton","[[-71.642691,42.182562],[-71.637199,42.183342],[-71.644438,42.226626],[-71.62107,42.23087],[-71.599318,42.225959],[-71.602221,42.218101],[-71.58291,42.195559],[-71.578225,42.195202],[-71.571548,42.194653],[-71.572338,42.192228],[-71.556204,42.191857],[-71.555752,42.189869],[-71.556951,42.185997],[-71.555122,42.184876],[-71.555568,42.182592],[-71.552671,42.180914],[-71.551595,42.178993],[-71.552556,42.177472],[-71.553923,42.178284],[-71.556044,42.177421],[-71.558519,42.17905],[-71.561739,42.178749],[-71.561654,42.174788],[-71.563083,42.172041],[-71.561162,42.169827],[-71.560539,42.168784],[-71.56268,42.168052],[-71.564274,42.166039],[-71.564406,42.164375],[-71.562975,42.160228],[-71.561047,42.158286],[-71.571402,42.151845],[-71.57146,42.148919],[-71.571591,42.142367],[-71.570005,42.139184],[-71.573414,42.13579],[-71.592752,42.121744],[-71.599701,42.123285],[-71.601302,42.124495],[-71.60339,42.124534],[-71.605423,42.125535],[-71.605797,42.124907],[-71.628053,42.149994],[-71.642168,42.165662],[-71.646299,42.172871],[-71.642709,42.17412],[-71.640961,42.174728],[-71.649218,42.181701],[-71.642691,42.182562]]","07/31/2016 - 08/28/2016, Every day, Daily Average",2770,1870,4102
"1116","Harborwalk, Waterfront, Boston","[[-71.062911,42.361229],[-71.061856,42.36243],[-71.058261,42.363697],[-71.057757,42.363616],[-71.056105,42.362402],[-71.05542,42.361957],[-71.054925,42.362046],[-71.053826,42.363303],[-71.052111,42.363676],[-71.051647,42.36311],[-71.0512,42.363712],[-71.05109,42.364175],[-71.046389,42.363935],[-71.045918,42.361164],[-71.0455,42.359825],[-71.045566,42.359733],[-71.049595,42.354497],[-71.05106,42.355131],[-71.050851,42.356671],[-71.052158,42.358666],[-71.053518,42.358356],[-71.055759,42.356913],[-71.05771,42.356777],[-71.058737,42.356988],[-71.05829,42.35741],[-71.06151,42.358336],[-71.062642,42.357977],[-71.062875,42.359483],[-71.062911,42.361229]]","962","0 Providence Road, North Grafton, Grafton","[[-71.732667,42.23943],[-71.73118,42.241421],[-71.717986,42.245058],[-71.711404,42.245138],[-71.705059,42.248305],[-71.674455,42.252365],[-71.674172,42.248591],[-71.670932,42.244701],[-71.662591,42.245941],[-71.66342,42.243719],[-71.662475,42.242831],[-71.664078,42.240757],[-71.665824,42.240972],[-71.67096,42.239816],[-71.672986,42.239836],[-71.67467,42.242219],[-71.674329,42.244181],[-71.677248,42.243891],[-71.678991,42.238914],[-71.680702,42.23892],[-71.681618,42.240628],[-71.682934,42.239236],[-71.685349,42.238844],[-71.687783,42.235362],[-71.690198,42.23567],[-71.686839,42.231268],[-71.687538,42.22972],[-71.686854,42.227343],[-71.693743,42.227557],[-71.697387,42.227249],[-71.699417,42.226837],[-71.706031,42.224956],[-71.713057,42.223428],[-71.730195,42.22278],[-71.73138,42.228349],[-71.733458,42.23808],[-71.732667,42.23943]]","07/31/2016 - 08/28/2016, Every day, Daily Average",2953,2059,4235
"1116","Harborwalk, Waterfront, Boston","[[-71.062911,42.361229],[-71.061856,42.36243],[-71.058261,42.363697],[-71.057757,42.363616],[-71.056105,42.362402],[-71.05542,42.361957],[-71.054925,42.362046],[-71.053826,42.363303],[-71.052111,42.363676],[-71.051647,42.36311],[-71.0512,42.363712],[-71.05109,42.364175],[-71.046389,42.363935],[-71.045918,42.361164],[-71.0455,42.359825],[-71.045566,42.359733],[-71.049595,42.354497],[-71.05106,42.355131],[-71.050851,42.356671],[-71.052158,42.358666],[-71.053518,42.358356],[-71.055759,42.356913],[-71.05771,42.356777],[-71.058737,42.356988],[-71.05829,42.35741],[-71.06151,42.358336],[-71.062642,42.357977],[-71.062875,42.359483],[-71.062911,42.361229]]","965","200 River Road, Winthrop","[[-70.984189,42.373794],[-70.981084,42.375247],[-70.979904,42.375778],[-70.980306,42.37786],[-70.9791,42.379477],[-70.977445,42.380833],[-70.976653,42.381948],[-70.974944,42.380882],[-70.974817,42.378072],[-70.972424,42.374523],[-70.971154,42.372718],[-70.972843,42.372327],[-70.97399,42.370211],[-70.979566,42.370278],[-70.981006,42.371059],[-70.981063,42.371621],[-70.984533,42.372654],[-70.984189,42.373794]]","07/31/2016 - 08/28/2016, Every day, Daily Average",918,697,1208
"1116","Harborwalk, Waterfront, Boston","[[-71.062911,42.361229],[-71.061856,42.36243],[-71.058261,42.363697],[-71.057757,42.363616],[-71.056105,42.362402],[-71.05542,42.361957],[-71.054925,42.362046],[-71.053826,42.363303],[-71.052111,42.363676],[-71.051647,42.36311],[-71.0512,42.363712],[-71.05109,42.364175],[-71.046389,42.363935],[-71.045918,42.361164],[-71.0455,42.359825],[-71.045566,42.359733],[-71.049595,42.354497],[-71.05106,42.355131],[-71.050851,42.356671],[-71.052158,42.358666],[-71.053518,42.358356],[-71.055759,42.356913],[-71.05771,42.356777],[-71.058737,42.356988],[-71.05829,42.35741],[-71.06151,42.358336],[-71.062642,42.357977],[-71.062875,42.359483],[-71.062911,42.361229]]","968","800 School Street, Mansfield","[[-71.288265,42.014462],[-71.27016,42.021535],[-71.258734,42.025999],[-71.254781,42.027544],[-71.242364,42.032395],[-71.236699,42.03183],[-71.235361,42.02651],[-71.231909,42.026553],[-71.229379,42.026104],[-71.22582,42.024372],[-71.22379,42.023423],[-71.225919,42.018392],[-71.225746,42.018209],[-71.224461,42.017499],[-71.223139,42.012679],[-71.221478,42.012358],[-71.219733,42.011719],[-71.219723,42.008991],[-71.213207,42.006077],[-71.213471,42.003433],[-71.214725,42.001757],[-71.21493,42.001162],[-71.212333,41.998916],[-71.210709,41.996122],[-71.210517,41.992748],[-71.221469,41.988577],[-71.235161,41.983385],[-71.259289,41.974216],[-71.260361,41.975674],[-71.268739,41.9873],[-71.27514,41.996205],[-71.288263,42.014379],[-71.288265,42.014462]]","07/31/2016 - 08/28/2016, Every day, Daily Average",2465,1834,3312
"1116","Harborwalk, Waterfront, Boston","[[-71.062911,42.361229],[-71.061856,42.36243],[-71.058261,42.363697],[-71.057757,42.363616],[-71.056105,42.362402],[-71.05542,42.361957],[-71.054925,42.362046],[-71.053826,42.363303],[-71.052111,42.363676],[-71.051647,42.36311],[-71.0512,42.363712],[-71.05109,42.364175],[-71.046389,42.363935],[-71.045918,42.361164],[-71.0455,42.359825],[-71.045566,42.359733],[-71.049595,42.354497],[-71.05106,42.355131],[-71.050851,42.356671],[-71.052158,42.358666],[-71.053518,42.358356],[-71.055759,42.356913],[-71.05771,42.356777],[-71.058737,42.356988],[-71.05829,42.35741],[-71.06151,42.358336],[-71.062642,42.357977],[-71.062875,42.359483],[-71.062911,42.361229]]","978","100 Common Lane, Beverly","[[-70.802225,42.550473],[-70.802943,42.55158],[-70.802611,42.55207],[-70.801586,42.551826],[-70.800675,42.551239],[-70.799765,42.551394],[-70.798964,42.551058],[-70.798552,42.55013],[-70.798204,42.549762],[-70.79733,42.54965],[-70.796848,42.550473],[-70.796224,42.551301],[-70.79503,42.550678],[-70.795309,42.549799],[-70.795808,42.549339],[-70.795434,42.548757],[-70.794364,42.548866],[-70.793356,42.548359],[-70.793272,42.547444],[-70.793812,42.547501],[-70.794852,42.547593],[-70.795725,42.547072],[-70.796224,42.546765],[-70.796318,42.54646],[-70.796946,42.546353],[-70.79938,42.547114],[-70.800624,42.547491],[-70.802155,42.547135],[-70.803524,42.548264],[-70.802225,42.550473]]","07/31/2016 - 08/28/2016, Every day, Daily Average",2313,1842,2904
"1116","Harborwalk, Waterfront, Boston","[[-71.062911,42.361229],[-71.061856,42.36243],[-71.058261,42.363697],[-71.057757,42.363616],[-71.056105,42.362402],[-71.05542,42.361957],[-71.054925,42.362046],[-71.053826,42.363303],[-71.052111,42.363676],[-71.051647,42.36311],[-71.0512,42.363712],[-71.05109,42.364175],[-71.046389,42.363935],[-71.045918,42.361164],[-71.0455,42.359825],[-71.045566,42.359733],[-71.049595,42.354497],[-71.05106,42.355131],[-71.050851,42.356671],[-71.052158,42.358666],[-71.053518,42.358356],[-71.055759,42.356913],[-71.05771,42.356777],[-71.058737,42.356988],[-71.05829,42.35741],[-71.06151,42.358336],[-71.062642,42.357977],[-71.062875,42.359483],[-71.062911,42.361229]]","980","0 Danton Drive, Methuen","[[-71.23155,42.727604],[-71.224776,42.72751],[-71.221731,42.728584],[-71.212258,42.729285],[-71.207717,42.728849],[-71.205407,42.728398],[-71.201794,42.727536],[-71.201282,42.725209],[-71.206521,42.721781],[-71.204685,42.720375],[-71.202642,42.720129],[-71.199155,42.721322],[-71.195776,42.720319],[-71.195747,42.719748],[-71.195778,42.718567],[-71.196861,42.715191],[-71.197126,42.714529],[-71.20308,42.709691],[-71.205402,42.707891],[-71.211143,42.710274],[-71.214348,42.711701],[-71.217789,42.711539],[-71.218267,42.711813],[-71.222352,42.717964],[-71.227829,42.718994],[-71.228737,42.719744],[-71.230162,42.72224],[-71.23155,42.727604]]","07/31/2016 - 08/28/2016, Every day, Daily Average",1712,1391,2106
"1116","Harborwalk, Waterfront, Boston","[[-71.062911,42.361229],[-71.061856,42.36243],[-71.058261,42.363697],[-71.057757,42.363616],[-71.056105,42.362402],[-71.05542,42.361957],[-71.054925,42.362046],[-71.053826,42.363303],[-71.052111,42.363676],[-71.051647,42.36311],[-71.0512,42.363712],[-71.05109,42.364175],[-71.046389,42.363935],[-71.045918,42.361164],[-71.0455,42.359825],[-71.045566,42.359733],[-71.049595,42.354497],[-71.05106,42.355131],[-71.050851,42.356671],[-71.052158,42.358666],[-71.053518,42.358356],[-71.055759,42.356913],[-71.05771,42.356777],[-71.058737,42.356988],[-71.05829,42.35741],[-71.06151,42.358336],[-71.062642,42.357977],[-71.062875,42.359483],[-71.062911,42.361229]]","982","Vireo Loop, Marblehead","[[-70.81688,42.51458],[-70.816354,42.514725],[-70.81591,42.514621],[-70.814898,42.514059],[-70.814717,42.513333],[-70.814098,42.512341],[-70.812929,42.51226],[-70.811949,42.512093],[-70.811792,42.510952],[-70.812069,42.510277],[-70.812159,42.510224],[-70.812512,42.510018],[-70.81457,42.511051],[-70.815522,42.512464],[-70.816868,42.513178],[-70.817615,42.514028],[-70.81688,42.51458]]","07/31/2016 - 08/28/2016, Every day, Daily Average",2106,1748,2536
"1116","Harborwalk, Waterfront, Boston","[[-71.062911,42.361229],[-71.061856,42.36243],[-71.058261,42.363697],[-71.057757,42.363616],[-71.056105,42.362402],[-71.05542,42.361957],[-71.054925,42.362046],[-71.053826,42.363303],[-71.052111,42.363676],[-71.051647,42.36311],[-71.0512,42.363712],[-71.05109,42.364175],[-71.046389,42.363935],[-71.045918,42.361164],[-71.0455,42.359825],[-71.045566,42.359733],[-71.049595,42.354497],[-71.05106,42.355131],[-71.050851,42.356671],[-71.052158,42.358666],[-71.053518,42.358356],[-71.055759,42.356913],[-71.05771,42.356777],[-71.058737,42.356988],[-71.05829,42.35741],[-71.06151,42.358336],[-71.062642,42.357977],[-71.062875,42.359483],[-71.062911,42.361229]]","983","200 Lynnway, Lynn","[[-70.965232,42.462581],[-70.960307,42.463572],[-70.958194,42.463629],[-70.955759,42.463779],[-70.955229,42.463812],[-70.95256,42.46428],[-70.951107,42.464315],[-70.951256,42.464176],[-70.949684,42.463357],[-70.947352,42.462068],[-70.946131,42.46131],[-70.944707,42.458843],[-70.944529,42.457686],[-70.944947,42.456221],[-70.94702,42.456236],[-70.949022,42.454737],[-70.950815,42.457006],[-70.954058,42.45622],[-70.954213,42.458061],[-70.952832,42.459505],[-70.954004,42.460718],[-70.957957,42.459552],[-70.960087,42.462786],[-70.962248,42.462659],[-70.964998,42.462502],[-70.965232,42.462581]]","07/31/2016 - 08/28/2016, Every day, Daily Average",1359,1047,1762
"1116","Harborwalk, Waterfront, Boston","[[-71.062911,42.361229],[-71.061856,42.36243],[-71.058261,42.363697],[-71.057757,42.363616],[-71.056105,42.362402],[-71.05542,42.361957],[-71.054925,42.362046],[-71.053826,42.363303],[-71.052111,42.363676],[-71.051647,42.36311],[-71.0512,42.363712],[-71.05109,42.364175],[-71.046389,42.363935],[-71.045918,42.361164],[-71.0455,42.359825],[-71.045566,42.359733],[-71.049595,42.354497],[-71.05106,42.355131],[-71.050851,42.356671],[-71.052158,42.358666],[-71.053518,42.358356],[-71.055759,42.356913],[-71.05771,42.356777],[-71.058737,42.356988],[-71.05829,42.35741],[-71.06151,42.358336],[-71.062642,42.357977],[-71.062875,42.359483],[-71.062911,42.361229]]","984","0 D'Orlando Way, Danvers","[[-70.973749,42.569342],[-70.967491,42.582396],[-70.966245,42.581881],[-70.96504,42.582731],[-70.962865,42.584558],[-70.962343,42.584613],[-70.961421,42.587423],[-70.961491,42.590999],[-70.963021,42.594564],[-70.965886,42.599005],[-70.964659,42.599647],[-70.962941,42.60046],[-70.954722,42.605322],[-70.943861,42.609574],[-70.932422,42.613238],[-70.931215,42.612439],[-70.937761,42.604069],[-70.939266,42.595095],[-70.93911,42.58953],[-70.942249,42.589703],[-70.944163,42.590246],[-70.947437,42.592546],[-70.950687,42.59325],[-70.951703,42.591897],[-70.951445,42.588644],[-70.951473,42.583494],[-70.951006,42.581973],[-70.950298,42.579251],[-70.949102,42.577877],[-70.9466,42.57274],[-70.948981,42.572385],[-70.949656,42.571864],[-70.95133,42.567488],[-70.951208,42.565095],[-70.950712,42.563314],[-70.946651,42.556209],[-70.946337,42.552068],[-70.946866,42.550638],[-70.946802,42.54921],[-70.945536,42.547772],[-70.954169,42.54983],[-70.971734,42.554021],[-70.979833,42.555943],[-70.973749,42.569342]]","07/31/2016 - 08/28/2016, Every day, Daily Average",1825,1404,2372
"1116","Harborwalk, Waterfront, Boston","[[-71.062911,42.361229],[-71.061856,42.36243],[-71.058261,42.363697],[-71.057757,42.363616],[-71.056105,42.362402],[-71.05542,42.361957],[-71.054925,42.362046],[-71.053826,42.363303],[-71.052111,42.363676],[-71.051647,42.36311],[-71.0512,42.363712],[-71.05109,42.364175],[-71.046389,42.363935],[-71.045918,42.361164],[-71.0455,42.359825],[-71.045566,42.359733],[-71.049595,42.354497],[-71.05106,42.355131],[-71.050851,42.356671],[-71.052158,42.358666],[-71.053518,42.358356],[-71.055759,42.356913],[-71.05771,42.356777],[-71.058737,42.356988],[-71.05829,42.35741],[-71.06151,42.358336],[-71.062642,42.357977],[-71.062875,42.359483],[-71.062911,42.361229]]","986","0 Harvard Avenue, West Medford, Medford","[[-71.142832,42.420579],[-71.136862,42.421441],[-71.136236,42.42168],[-71.132565,42.421197],[-71.131315,42.421075],[-71.126949,42.421723],[-71.12582,42.418886],[-71.126762,42.418112],[-71.13116,42.417043],[-71.131632,42.415824],[-71.132317,42.415216],[-71.136793,42.415188],[-71.138315,42.415543],[-71.140688,42.417109],[-71.142844,42.419752],[-71.142832,42.420579]]","07/31/2016 - 08/28/2016, Every day, Daily Average",767,530,1108
"1116","Harborwalk, Waterfront, Boston","[[-71.062911,42.361229],[-71.061856,42.36243],[-71.058261,42.363697],[-71.057757,42.363616],[-71.056105,42.362402],[-71.05542,42.361957],[-71.054925,42.362046],[-71.053826,42.363303],[-71.052111,42.363676],[-71.051647,42.36311],[-71.0512,42.363712],[-71.05109,42.364175],[-71.046389,42.363935],[-71.045918,42.361164],[-71.0455,42.359825],[-71.045566,42.359733],[-71.049595,42.354497],[-71.05106,42.355131],[-71.050851,42.356671],[-71.052158,42.358666],[-71.053518,42.358356],[-71.055759,42.356913],[-71.05771,42.356777],[-71.058737,42.356988],[-71.05829,42.35741],[-71.06151,42.358336],[-71.062642,42.357977],[-71.062875,42.359483],[-71.062911,42.361229]]","990","0 Highland Street, Back Central, Lowell","[[-71.315753,42.638889],[-71.315502,42.638699],[-71.308752,42.641054],[-71.308855,42.639248],[-71.304356,42.64029],[-71.304511,42.641627],[-71.302928,42.641745],[-71.303114,42.639783],[-71.302852,42.638205],[-71.305369,42.637316],[-71.305943,42.635805],[-71.306735,42.637439],[-71.308913,42.636994],[-71.308996,42.635095],[-71.313714,42.634487],[-71.31424,42.635244],[-71.315812,42.638381],[-71.315753,42.638889]]","07/31/2016 - 08/28/2016, Every day, Daily Average",2278,1748,2968
"1116","Harborwalk, Waterfront, Boston","[[-71.062911,42.361229],[-71.061856,42.36243],[-71.058261,42.363697],[-71.057757,42.363616],[-71.056105,42.362402],[-71.05542,42.361957],[-71.054925,42.362046],[-71.053826,42.363303],[-71.052111,42.363676],[-71.051647,42.36311],[-71.0512,42.363712],[-71.05109,42.364175],[-71.046389,42.363935],[-71.045918,42.361164],[-71.0455,42.359825],[-71.045566,42.359733],[-71.049595,42.354497],[-71.05106,42.355131],[-71.050851,42.356671],[-71.052158,42.358666],[-71.053518,42.358356],[-71.055759,42.356913],[-71.05771,42.356777],[-71.058737,42.356988],[-71.05829,42.35741],[-71.06151,42.358336],[-71.062642,42.357977],[-71.062875,42.359483],[-71.062911,42.361229]]","991","100 Boston Road, South Lowell, Lowell","[[-71.319957,42.61603],[-71.318684,42.618311],[-71.319529,42.621766],[-71.319143,42.62496],[-71.318688,42.627285],[-71.317892,42.628127],[-71.314269,42.631965],[-71.312679,42.632726],[-71.31253,42.632524],[-71.311575,42.631297],[-71.3081,42.628348],[-71.305473,42.627029],[-71.303132,42.626307],[-71.30164,42.625946],[-71.299731,42.625993],[-71.297781,42.626153],[-71.296305,42.625969],[-71.295359,42.619585],[-71.295866,42.61636],[-71.296375,42.614676],[-71.30323,42.614345],[-71.307366,42.614146],[-71.317745,42.613647],[-71.318388,42.61395],[-71.319689,42.615625],[-71.319771,42.615688],[-71.319859,42.615796],[-71.319913,42.615875],[-71.319947,42.615969],[-71.319957,42.61603]]","07/31/2016 - 08/28/2016, Every day, Daily Average",2080,1728,2502
"1116","Harborwalk, Waterfront, Boston","[[-71.062911,42.361229],[-71.061856,42.36243],[-71.058261,42.363697],[-71.057757,42.363616],[-71.056105,42.362402],[-71.05542,42.361957],[-71.054925,42.362046],[-71.053826,42.363303],[-71.052111,42.363676],[-71.051647,42.36311],[-71.0512,42.363712],[-71.05109,42.364175],[-71.046389,42.363935],[-71.045918,42.361164],[-71.0455,42.359825],[-71.045566,42.359733],[-71.049595,42.354497],[-71.05106,42.355131],[-71.050851,42.356671],[-71.052158,42.358666],[-71.053518,42.358356],[-71.055759,42.356913],[-71.05771,42.356777],[-71.058737,42.356988],[-71.05829,42.35741],[-71.06151,42.358336],[-71.062642,42.357977],[-71.062875,42.359483],[-71.062911,42.361229]]","994","0 William Road, Pinehurst, Billerica","[[-71.241413,42.521029],[-71.239871,42.521817],[-71.235533,42.526375],[-71.238154,42.528045],[-71.236862,42.532896],[-71.237462,42.535102],[-71.233478,42.534506],[-71.231729,42.533301],[-71.230162,42.534348],[-71.220681,42.543818],[-71.220024,42.544217],[-71.216923,42.546378],[-71.218538,42.551339],[-71.216248,42.554309],[-71.211428,42.556267],[-71.208956,42.554485],[-71.211391,42.553071],[-71.20983,42.551444],[-71.210523,42.548055],[-71.212372,42.547544],[-71.209384,42.545798],[-71.206914,42.545711],[-71.205032,42.544473],[-71.211634,42.534036],[-71.212286,42.533007],[-71.215829,42.527439],[-71.217956,42.524047],[-71.220017,42.524666],[-71.221976,42.52516],[-71.227912,42.513847],[-71.231897,42.506367],[-71.233544,42.508693],[-71.236924,42.511491],[-71.240056,42.519716],[-71.24148,42.520665],[-71.241413,42.521029]]","07/31/2016 - 08/28/2016, Every day, Daily Average",1767,1329,2348
"1116","Harborwalk, Waterfront, Boston","[[-71.062911,42.361229],[-71.061856,42.36243],[-71.058261,42.363697],[-71.057757,42.363616],[-71.056105,42.362402],[-71.05542,42.361957],[-71.054925,42.362046],[-71.053826,42.363303],[-71.052111,42.363676],[-71.051647,42.36311],[-71.0512,42.363712],[-71.05109,42.364175],[-71.046389,42.363935],[-71.045918,42.361164],[-71.0455,42.359825],[-71.045566,42.359733],[-71.049595,42.354497],[-71.05106,42.355131],[-71.050851,42.356671],[-71.052158,42.358666],[-71.053518,42.358356],[-71.055759,42.356913],[-71.05771,42.356777],[-71.058737,42.356988],[-71.05829,42.35741],[-71.06151,42.358336],[-71.062642,42.357977],[-71.062875,42.359483],[-71.062911,42.361229]]","995","200 Billerica Road, Chelmsford","[[-71.35022,42.590183],[-71.342214,42.590829],[-71.340703,42.59126],[-71.331488,42.591759],[-71.338518,42.597717],[-71.3408,42.599483],[-71.341988,42.60484],[-71.338873,42.606564],[-71.327816,42.61226],[-71.325654,42.613163],[-71.325277,42.611377],[-71.323771,42.607572],[-71.319897,42.6069],[-71.318882,42.608544],[-71.319309,42.613572],[-71.317745,42.613647],[-71.307366,42.614146],[-71.30323,42.614345],[-71.296375,42.614676],[-71.296872,42.613577],[-71.297028,42.613011],[-71.295092,42.606344],[-71.294528,42.605129],[-71.298264,42.600884],[-71.310764,42.586258],[-71.317788,42.578025],[-71.319629,42.575868],[-71.319924,42.577114],[-71.318323,42.578423],[-71.318019,42.579543],[-71.316938,42.580049],[-71.314831,42.582384],[-71.318454,42.583936],[-71.319741,42.581996],[-71.321164,42.580927],[-71.321971,42.580278],[-71.325296,42.579095],[-71.328679,42.579165],[-71.334482,42.578402],[-71.340697,42.580207],[-71.342347,42.580693],[-71.344694,42.576419],[-71.344972,42.582652],[-71.346244,42.585756],[-71.349779,42.588903],[-71.35022,42.590183]]","07/31/2016 - 08/28/2016, Every day, Daily Average",1931,1537,2424
"1116","Harborwalk, Waterfront, Boston","[[-71.062911,42.361229],[-71.061856,42.36243],[-71.058261,42.363697],[-71.057757,42.363616],[-71.056105,42.362402],[-71.05542,42.361957],[-71.054925,42.362046],[-71.053826,42.363303],[-71.052111,42.363676],[-71.051647,42.36311],[-71.0512,42.363712],[-71.05109,42.364175],[-71.046389,42.363935],[-71.045918,42.361164],[-71.0455,42.359825],[-71.045566,42.359733],[-71.049595,42.354497],[-71.05106,42.355131],[-71.050851,42.356671],[-71.052158,42.358666],[-71.053518,42.358356],[-71.055759,42.356913],[-71.05771,42.356777],[-71.058737,42.356988],[-71.05829,42.35741],[-71.06151,42.358336],[-71.062642,42.357977],[-71.062875,42.359483],[-71.062911,42.361229]]","998","0 Evergreen Avenue, Burlington","[[-71.237348,42.496457],[-71.231897,42.506367],[-71.227912,42.513847],[-71.221976,42.52516],[-71.221116,42.52489],[-71.211796,42.519676],[-71.210089,42.518445],[-71.205982,42.515365],[-71.205174,42.515026],[-71.203673,42.514204],[-71.201301,42.511234],[-71.199411,42.510105],[-71.195779,42.506449],[-71.195862,42.504992],[-71.200364,42.504898],[-71.202326,42.50428],[-71.206909,42.504051],[-71.20794,42.503466],[-71.208724,42.501972],[-71.212303,42.499993],[-71.216507,42.499015],[-71.223865,42.496746],[-71.225345,42.494006],[-71.225046,42.493455],[-71.231068,42.493196],[-71.232673,42.492362],[-71.237348,42.496457]]","07/31/2016 - 08/28/2016, Every day, Daily Average",1569,1183,2079
"1116","Harborwalk, Waterfront, Boston","[[-71.062911,42.361229],[-71.061856,42.36243],[-71.058261,42.363697],[-71.057757,42.363616],[-71.056105,42.362402],[-71.05542,42.361957],[-71.054925,42.362046],[-71.053826,42.363303],[-71.052111,42.363676],[-71.051647,42.36311],[-71.0512,42.363712],[-71.05109,42.364175],[-71.046389,42.363935],[-71.045918,42.361164],[-71.0455,42.359825],[-71.045566,42.359733],[-71.049595,42.354497],[-71.05106,42.355131],[-71.050851,42.356671],[-71.052158,42.358666],[-71.053518,42.358356],[-71.055759,42.356913],[-71.05771,42.356777],[-71.058737,42.356988],[-71.05829,42.35741],[-71.06151,42.358336],[-71.062642,42.357977],[-71.062875,42.359483],[-71.062911,42.361229]]","999","100 Main Street, Wakefield","[[-71.091089,42.517581],[-71.083725,42.525261],[-71.081085,42.525473],[-71.080103,42.526388],[-71.079745,42.526725],[-71.075257,42.531122],[-71.070385,42.527107],[-71.066798,42.524595],[-71.065786,42.524395],[-71.058073,42.524008],[-71.057513,42.524173],[-71.062313,42.516983],[-71.063522,42.514843],[-71.064083,42.512473],[-71.065602,42.504998],[-71.066092,42.504231],[-71.067293,42.502803],[-71.069319,42.499702],[-71.069736,42.497965],[-71.070305,42.495553],[-71.071563,42.497529],[-71.075189,42.501696],[-71.076251,42.502906],[-71.078742,42.505758],[-71.080636,42.507806],[-71.086389,42.512198],[-71.089068,42.513773],[-71.093057,42.515529],[-71.091089,42.517581]]","07/31/2016 - 08/28/2016, Every day, Daily Average",1105,832,1466
"1116","Harborwalk, Waterfront, Boston","[[-71.062911,42.361229],[-71.061856,42.36243],[-71.058261,42.363697],[-71.057757,42.363616],[-71.056105,42.362402],[-71.05542,42.361957],[-71.054925,42.362046],[-71.053826,42.363303],[-71.052111,42.363676],[-71.051647,42.36311],[-71.0512,42.363712],[-71.05109,42.364175],[-71.046389,42.363935],[-71.045918,42.361164],[-71.0455,42.359825],[-71.045566,42.359733],[-71.049595,42.354497],[-71.05106,42.355131],[-71.050851,42.356671],[-71.052158,42.358666],[-71.053518,42.358356],[-71.055759,42.356913],[-71.05771,42.356777],[-71.058737,42.356988],[-71.05829,42.35741],[-71.06151,42.358336],[-71.062642,42.357977],[-71.062875,42.359483],[-71.062911,42.361229]]","1000","0 Centre Street, Malden","[[-71.076776,42.419535],[-71.076635,42.420487],[-71.075594,42.423319],[-71.074519,42.425978],[-71.073968,42.427322],[-71.072993,42.429874],[-71.072106,42.432014],[-71.071374,42.434125],[-71.071148,42.435339],[-71.070553,42.440124],[-71.067657,42.440411],[-71.067079,42.438979],[-71.067772,42.43484],[-71.067885,42.431679],[-71.06761,42.43081],[-71.066707,42.427026],[-71.064004,42.428036],[-71.063765,42.426088],[-71.063295,42.42617],[-71.061261,42.426393],[-71.060402,42.426511],[-71.061155,42.426174],[-71.064661,42.424463],[-71.066331,42.423681],[-71.067285,42.423295],[-71.069735,42.421825],[-71.069435,42.418173],[-71.07192,42.418062],[-71.075668,42.417633],[-71.076803,42.41763],[-71.076776,42.419535]]","07/31/2016 - 08/28/2016, Every day, Daily Average",1037,712,1509
"1116","Harborwalk, Waterfront, Boston","[[-71.062911,42.361229],[-71.061856,42.36243],[-71.058261,42.363697],[-71.057757,42.363616],[-71.056105,42.362402],[-71.05542,42.361957],[-71.054925,42.362046],[-71.053826,42.363303],[-71.052111,42.363676],[-71.051647,42.36311],[-71.0512,42.363712],[-71.05109,42.364175],[-71.046389,42.363935],[-71.045918,42.361164],[-71.0455,42.359825],[-71.045566,42.359733],[-71.049595,42.354497],[-71.05106,42.355131],[-71.050851,42.356671],[-71.052158,42.358666],[-71.053518,42.358356],[-71.055759,42.356913],[-71.05771,42.356777],[-71.058737,42.356988],[-71.05829,42.35741],[-71.06151,42.358336],[-71.062642,42.357977],[-71.062875,42.359483],[-71.062911,42.361229]]","1001","0 Sargent Street, Malden","[[-71.04226,42.424786],[-71.039955,42.430965],[-71.027153,42.432073],[-71.024042,42.433082],[-71.023002,42.433521],[-71.023036,42.43346],[-71.028257,42.424148],[-71.040897,42.423492],[-71.042766,42.42341],[-71.04226,42.424786]]","07/31/2016 - 08/28/2016, Every day, Daily Average",1172,834,1645
"1116","Harborwalk, Waterfront, Boston","[[-71.062911,42.361229],[-71.061856,42.36243],[-71.058261,42.363697],[-71.057757,42.363616],[-71.056105,42.362402],[-71.05542,42.361957],[-71.054925,42.362046],[-71.053826,42.363303],[-71.052111,42.363676],[-71.051647,42.36311],[-71.0512,42.363712],[-71.05109,42.364175],[-71.046389,42.363935],[-71.045918,42.361164],[-71.0455,42.359825],[-71.045566,42.359733],[-71.049595,42.354497],[-71.05106,42.355131],[-71.050851,42.356671],[-71.052158,42.358666],[-71.053518,42.358356],[-71.055759,42.356913],[-71.05771,42.356777],[-71.058737,42.356988],[-71.05829,42.35741],[-71.06151,42.358336],[-71.062642,42.357977],[-71.062875,42.359483],[-71.062911,42.361229]]","1002","500 Assembly Row, Somerville","[[-71.093007,42.39923],[-71.085687,42.400651],[-71.083423,42.400013],[-71.077152,42.396778],[-71.075996,42.396396],[-71.074086,42.392588],[-71.073496,42.391796],[-71.076796,42.386696],[-71.077346,42.386097],[-71.078424,42.387265],[-71.082379,42.390355],[-71.085607,42.393587],[-71.085883,42.393825],[-71.090881,42.397567],[-71.093007,42.39923]]","07/31/2016 - 08/28/2016, Every day, Daily Average",421,238,743
"1116","Harborwalk, Waterfront, Boston","[[-71.062911,42.361229],[-71.061856,42.36243],[-71.058261,42.363697],[-71.057757,42.363616],[-71.056105,42.362402],[-71.05542,42.361957],[-71.054925,42.362046],[-71.053826,42.363303],[-71.052111,42.363676],[-71.051647,42.36311],[-71.0512,42.363712],[-71.05109,42.364175],[-71.046389,42.363935],[-71.045918,42.361164],[-71.0455,42.359825],[-71.045566,42.359733],[-71.049595,42.354497],[-71.05106,42.355131],[-71.050851,42.356671],[-71.052158,42.358666],[-71.053518,42.358356],[-71.055759,42.356913],[-71.05771,42.356777],[-71.058737,42.356988],[-71.05829,42.35741],[-71.06151,42.358336],[-71.062642,42.357977],[-71.062875,42.359483],[-71.062911,42.361229]]","1003","0 Packard Avenue, Tufts, Somerville","[[-71.125837,42.405437],[-71.124936,42.406837],[-71.127202,42.407682],[-71.126179,42.409227],[-71.125701,42.409963],[-71.123996,42.408268],[-71.121668,42.407088],[-71.117419,42.405829],[-71.116909,42.401303],[-71.117062,42.401181],[-71.116962,42.400913],[-71.119089,42.4008],[-71.12073,42.401096],[-71.12175,42.401329],[-71.122225,42.401458],[-71.124326,42.40203],[-71.124964,42.402291],[-71.127246,42.403293],[-71.125837,42.405437]]","07/31/2016 - 08/28/2016, Every day, Daily Average",1043,751,1447
"1116","Harborwalk, Waterfront, Boston","[[-71.062911,42.361229],[-71.061856,42.36243],[-71.058261,42.363697],[-71.057757,42.363616],[-71.056105,42.362402],[-71.05542,42.361957],[-71.054925,42.362046],[-71.053826,42.363303],[-71.052111,42.363676],[-71.051647,42.36311],[-71.0512,42.363712],[-71.05109,42.364175],[-71.046389,42.363935],[-71.045918,42.361164],[-71.0455,42.359825],[-71.045566,42.359733],[-71.049595,42.354497],[-71.05106,42.355131],[-71.050851,42.356671],[-71.052158,42.358666],[-71.053518,42.358356],[-71.055759,42.356913],[-71.05771,42.356777],[-71.058737,42.356988],[-71.05829,42.35741],[-71.06151,42.358336],[-71.062642,42.357977],[-71.062875,42.359483],[-71.062911,42.361229]]","1004","0 Linden Avenue, Spring Hill, Somerville","[[-71.118159,42.388025],[-71.117394,42.388415],[-71.117085,42.389581],[-71.115738,42.391839],[-71.115142,42.392783],[-71.114898,42.393292],[-71.113676,42.39483],[-71.11109,42.394013],[-71.111243,42.393767],[-71.106662,42.392069],[-71.107942,42.390203],[-71.109409,42.390866],[-71.109623,42.387794],[-71.108954,42.387462],[-71.110644,42.384831],[-71.111775,42.384554],[-71.112585,42.383458],[-71.110643,42.38164],[-71.111656,42.381749],[-71.112939,42.38285],[-71.114714,42.384385],[-71.115584,42.385158],[-71.11761,42.387487],[-71.118159,42.388025]]","07/31/2016 - 08/28/2016, Every day, Daily Average",1015,713,1444
"1116","Harborwalk, Waterfront, Boston","[[-71.062911,42.361229],[-71.061856,42.36243],[-71.058261,42.363697],[-71.057757,42.363616],[-71.056105,42.362402],[-71.05542,42.361957],[-71.054925,42.362046],[-71.053826,42.363303],[-71.052111,42.363676],[-71.051647,42.36311],[-71.0512,42.363712],[-71.05109,42.364175],[-71.046389,42.363935],[-71.045918,42.361164],[-71.0455,42.359825],[-71.045566,42.359733],[-71.049595,42.354497],[-71.05106,42.355131],[-71.050851,42.356671],[-71.052158,42.358666],[-71.053518,42.358356],[-71.055759,42.356913],[-71.05771,42.356777],[-71.058737,42.356988],[-71.05829,42.35741],[-71.06151,42.358336],[-71.062642,42.357977],[-71.062875,42.359483],[-71.062911,42.361229]]","1005","100 Sidney Street, Cambridgeport, Cambridge","[[-71.112039,42.355995],[-71.109585,42.358263],[-71.107667,42.360057],[-71.106541,42.361085],[-71.104306,42.363136],[-71.103733,42.36364],[-71.102432,42.362863],[-71.100783,42.361871],[-71.102478,42.36035],[-71.100125,42.358985],[-71.09934,42.35856],[-71.105203,42.355611],[-71.108437,42.353964],[-71.110387,42.352564],[-71.110591,42.352585],[-71.110303,42.35512],[-71.112039,42.355995]]","07/31/2016 - 08/28/2016, Every day, Daily Average",953,647,1403
"1116","Harborwalk, Waterfront, Boston","[[-71.062911,42.361229],[-71.061856,42.36243],[-71.058261,42.363697],[-71.057757,42.363616],[-71.056105,42.362402],[-71.05542,42.361957],[-71.054925,42.362046],[-71.053826,42.363303],[-71.052111,42.363676],[-71.051647,42.36311],[-71.0512,42.363712],[-71.05109,42.364175],[-71.046389,42.363935],[-71.045918,42.361164],[-71.0455,42.359825],[-71.045566,42.359733],[-71.049595,42.354497],[-71.05106,42.355131],[-71.050851,42.356671],[-71.052158,42.358666],[-71.053518,42.358356],[-71.055759,42.356913],[-71.05771,42.356777],[-71.058737,42.356988],[-71.05829,42.35741],[-71.06151,42.358336],[-71.062642,42.357977],[-71.062875,42.359483],[-71.062911,42.361229]]","1006","0 Gray Gardens East, Neighborhood Nine, Cambridge","[[-71.130224,42.383065],[-71.129777,42.383461],[-71.129316,42.383864],[-71.128513,42.385691],[-71.126943,42.386351],[-71.124206,42.387207],[-71.121656,42.387909],[-71.119464,42.388156],[-71.119556,42.388463],[-71.11761,42.387487],[-71.115584,42.385158],[-71.119405,42.385377],[-71.119464,42.38483],[-71.121375,42.384448],[-71.123272,42.385522],[-71.124235,42.384443],[-71.125537,42.383986],[-71.124887,42.382889],[-71.1267,42.382045],[-71.126117,42.38138],[-71.127503,42.380407],[-71.128855,42.381133],[-71.129775,42.381685],[-71.131023,42.38241],[-71.130224,42.383065]]","07/31/2016 - 08/28/2016, Every day, Daily Average",1254,894,1758
"1116","Harborwalk, Waterfront, Boston","[[-71.062911,42.361229],[-71.061856,42.36243],[-71.058261,42.363697],[-71.057757,42.363616],[-71.056105,42.362402],[-71.05542,42.361957],[-71.054925,42.362046],[-71.053826,42.363303],[-71.052111,42.363676],[-71.051647,42.36311],[-71.0512,42.363712],[-71.05109,42.364175],[-71.046389,42.363935],[-71.045918,42.361164],[-71.0455,42.359825],[-71.045566,42.359733],[-71.049595,42.354497],[-71.05106,42.355131],[-71.050851,42.356671],[-71.052158,42.358666],[-71.053518,42.358356],[-71.055759,42.356913],[-71.05771,42.356777],[-71.058737,42.356988],[-71.05829,42.35741],[-71.06151,42.358336],[-71.062642,42.357977],[-71.062875,42.359483],[-71.062911,42.361229]]","1007","0 Young Street, Lexington","[[-71.220621,42.446322],[-71.219938,42.449147],[-71.220405,42.450625],[-71.218358,42.452084],[-71.217549,42.455505],[-71.215474,42.45796],[-71.214439,42.46012],[-71.21344,42.460054],[-71.215007,42.461815],[-71.21468,42.464436],[-71.212245,42.466349],[-71.21091,42.467415],[-71.210289,42.470915],[-71.204289,42.465871],[-71.206967,42.463624],[-71.202162,42.459818],[-71.198446,42.456982],[-71.196011,42.454275],[-71.195413,42.45359],[-71.193169,42.452674],[-71.189599,42.449795],[-71.185813,42.444982],[-71.182562,42.443637],[-71.177885,42.440201],[-71.182277,42.436279],[-71.184768,42.433275],[-71.189415,42.428339],[-71.191367,42.433691],[-71.196283,42.436177],[-71.197548,42.437729],[-71.203026,42.440113],[-71.209084,42.435568],[-71.216383,42.444568],[-71.218657,42.445969],[-71.220004,42.446374],[-71.220621,42.446322]]","07/31/2016 - 08/28/2016, Every day, Daily Average",1583,1200,2086
"1116","Harborwalk, Waterfront, Boston","[[-71.062911,42.361229],[-71.061856,42.36243],[-71.058261,42.363697],[-71.057757,42.363616],[-71.056105,42.362402],[-71.05542,42.361957],[-71.054925,42.362046],[-71.053826,42.363303],[-71.052111,42.363676],[-71.051647,42.36311],[-71.0512,42.363712],[-71.05109,42.364175],[-71.046389,42.363935],[-71.045918,42.361164],[-71.0455,42.359825],[-71.045566,42.359733],[-71.049595,42.354497],[-71.05106,42.355131],[-71.050851,42.356671],[-71.052158,42.358666],[-71.053518,42.358356],[-71.055759,42.356913],[-71.05771,42.356777],[-71.058737,42.356988],[-71.05829,42.35741],[-71.06151,42.358336],[-71.062642,42.357977],[-71.062875,42.359483],[-71.062911,42.361229]]","1010","0 Coolidge Hill Road, Watertown","[[-71.171374,42.36424],[-71.166857,42.364113],[-71.165849,42.366126],[-71.165829,42.367673],[-71.165025,42.370613],[-71.160266,42.37033],[-71.158926,42.370611],[-71.160027,42.371556],[-71.159978,42.372724],[-71.161025,42.373369],[-71.159661,42.374203],[-71.160942,42.37665],[-71.160189,42.376501],[-71.155466,42.375169],[-71.154468,42.375068],[-71.15382,42.375028],[-71.150378,42.374613],[-71.149864,42.374451],[-71.145937,42.375195],[-71.145695,42.375217],[-71.143831,42.375278],[-71.143925,42.374074],[-71.139992,42.373569],[-71.140599,42.370017],[-71.142945,42.366718],[-71.144248,42.366394],[-71.143501,42.364969],[-71.145098,42.364492],[-71.147507,42.361788],[-71.148565,42.361174],[-71.155303,42.359898],[-71.159598,42.359996],[-71.161633,42.359233],[-71.165066,42.36061],[-71.1672,42.362219],[-71.171445,42.362953],[-71.171374,42.36424]]","07/31/2016 - 08/28/2016, Every day, Daily Average",1230,903,1674
"1116","Harborwalk, Waterfront, Boston","[[-71.062911,42.361229],[-71.061856,42.36243],[-71.058261,42.363697],[-71.057757,42.363616],[-71.056105,42.362402],[-71.05542,42.361957],[-71.054925,42.362046],[-71.053826,42.363303],[-71.052111,42.363676],[-71.051647,42.36311],[-71.0512,42.363712],[-71.05109,42.364175],[-71.046389,42.363935],[-71.045918,42.361164],[-71.0455,42.359825],[-71.045566,42.359733],[-71.049595,42.354497],[-71.05106,42.355131],[-71.050851,42.356671],[-71.052158,42.358666],[-71.053518,42.358356],[-71.055759,42.356913],[-71.05771,42.356777],[-71.058737,42.356988],[-71.05829,42.35741],[-71.06151,42.358336],[-71.062642,42.357977],[-71.062875,42.359483],[-71.062911,42.361229]]","1011","0 Burdean Road, Oak Hill, Newton","[[-71.198167,42.308341],[-71.195478,42.314664],[-71.194388,42.318951],[-71.187721,42.318577],[-71.186954,42.318611],[-71.183161,42.319095],[-71.179064,42.319401],[-71.172481,42.321151],[-71.17172,42.31949],[-71.178935,42.314316],[-71.169612,42.307598],[-71.166297,42.304696],[-71.164804,42.303764],[-71.169808,42.300443],[-71.178636,42.294595],[-71.178971,42.294864],[-71.179986,42.295715],[-71.181035,42.296397],[-71.183557,42.297776],[-71.184948,42.29814],[-71.187487,42.299539],[-71.192097,42.303564],[-71.195731,42.307109],[-71.198167,42.308341]]","07/31/2016 - 08/28/2016, Every day, Daily Average",1689,1303,2188
"1116","Harborwalk, Waterfront, Boston","[[-71.062911,42.361229],[-71.061856,42.36243],[-71.058261,42.363697],[-71.057757,42.363616],[-71.056105,42.362402],[-71.05542,42.361957],[-71.054925,42.362046],[-71.053826,42.363303],[-71.052111,42.363676],[-71.051647,42.36311],[-71.0512,42.363712],[-71.05109,42.364175],[-71.046389,42.363935],[-71.045918,42.361164],[-71.0455,42.359825],[-71.045566,42.359733],[-71.049595,42.354497],[-71.05106,42.355131],[-71.050851,42.356671],[-71.052158,42.358666],[-71.053518,42.358356],[-71.055759,42.356913],[-71.05771,42.356777],[-71.058737,42.356988],[-71.05829,42.35741],[-71.06151,42.358336],[-71.062642,42.357977],[-71.062875,42.359483],[-71.062911,42.361229]]","1012","0 Wilde Road, Waban, Newton","[[-71.258611,42.325282],[-71.25453,42.326441],[-71.2518,42.328365],[-71.250552,42.329042],[-71.248785,42.329902],[-71.246877,42.332126],[-71.244888,42.3337],[-71.238108,42.330313],[-71.233321,42.327832],[-71.231194,42.326252],[-71.229547,42.327457],[-71.228163,42.328234],[-71.226344,42.328995],[-71.218868,42.330564],[-71.218367,42.328327],[-71.221045,42.323251],[-71.218622,42.322346],[-71.220915,42.321003],[-71.226746,42.323585],[-71.226875,42.322617],[-71.225777,42.317066],[-71.228195,42.316833],[-71.23106,42.320736],[-71.237981,42.32168],[-71.240789,42.320898],[-71.246135,42.32096],[-71.2475,42.321486],[-71.249171,42.323568],[-71.25291,42.326663],[-71.25441,42.325549],[-71.257443,42.324496],[-71.258611,42.325282]]","07/31/2016 - 08/28/2016, Every day, Daily Average",1443,1071,1942
"1116","Harborwalk, Waterfront, Boston","[[-71.062911,42.361229],[-71.061856,42.36243],[-71.058261,42.363697],[-71.057757,42.363616],[-71.056105,42.362402],[-71.05542,42.361957],[-71.054925,42.362046],[-71.053826,42.363303],[-71.052111,42.363676],[-71.051647,42.36311],[-71.0512,42.363712],[-71.05109,42.364175],[-71.046389,42.363935],[-71.045918,42.361164],[-71.0455,42.359825],[-71.045566,42.359733],[-71.049595,42.354497],[-71.05106,42.355131],[-71.050851,42.356671],[-71.052158,42.358666],[-71.053518,42.358356],[-71.055759,42.356913],[-71.05771,42.356777],[-71.058737,42.356988],[-71.05829,42.35741],[-71.06151,42.358336],[-71.062642,42.357977],[-71.062875,42.359483],[-71.062911,42.361229]]","1013","100 Seminary Avenue, Auburndale, Newton","[[-71.270292,42.330864],[-71.267565,42.33076],[-71.265572,42.331425],[-71.264599,42.33446],[-71.259647,42.335134],[-71.25867,42.336923],[-71.255739,42.339539],[-71.257946,42.341065],[-71.260597,42.340914],[-71.261674,42.341558],[-71.260229,42.341521],[-71.255097,42.342954],[-71.251931,42.344838],[-71.249824,42.345685],[-71.246671,42.346101],[-71.237605,42.346906],[-71.2396,42.344493],[-71.236415,42.343196],[-71.238625,42.341047],[-71.239556,42.340063],[-71.241037,42.337582],[-71.240689,42.334222],[-71.243948,42.334405],[-71.244888,42.3337],[-71.246877,42.332126],[-71.248785,42.329902],[-71.250552,42.329042],[-71.2518,42.328365],[-71.25453,42.326441],[-71.258611,42.325282],[-71.259323,42.326683],[-71.263889,42.326229],[-71.266163,42.327441],[-71.269919,42.328096],[-71.270292,42.330864]]","07/31/2016 - 08/28/2016, Every day, Daily Average",1249,937,1664
"1116","Harborwalk, Waterfront, Boston","[[-71.062911,42.361229],[-71.061856,42.36243],[-71.058261,42.363697],[-71.057757,42.363616],[-71.056105,42.362402],[-71.05542,42.361957],[-71.054925,42.362046],[-71.053826,42.363303],[-71.052111,42.363676],[-71.051647,42.36311],[-71.0512,42.363712],[-71.05109,42.364175],[-71.046389,42.363935],[-71.045918,42.361164],[-71.0455,42.359825],[-71.045566,42.359733],[-71.049595,42.354497],[-71.05106,42.355131],[-71.050851,42.356671],[-71.052158,42.358666],[-71.053518,42.358356],[-71.055759,42.356913],[-71.05771,42.356777],[-71.058737,42.356988],[-71.05829,42.35741],[-71.06151,42.358336],[-71.062642,42.357977],[-71.062875,42.359483],[-71.062911,42.361229]]","1014","0 Nixon Road, Framingham","[[-71.486768,42.330075],[-71.48341,42.35279],[-71.483298,42.35313],[-71.437293,42.346714],[-71.424714,42.344966],[-71.415469,42.343684],[-71.416111,42.343055],[-71.415172,42.341414],[-71.410313,42.340097],[-71.415704,42.338146],[-71.417943,42.336164],[-71.417825,42.334688],[-71.418312,42.333701],[-71.41913,42.332733],[-71.422858,42.331318],[-71.426406,42.330659],[-71.423468,42.328755],[-71.417861,42.326713],[-71.414701,42.325821],[-71.416864,42.323673],[-71.422805,42.320654],[-71.420378,42.317225],[-71.420006,42.314325],[-71.418313,42.31285],[-71.416875,42.312641],[-71.424004,42.311863],[-71.430489,42.310347],[-71.431711,42.308501],[-71.431262,42.305981],[-71.432947,42.304922],[-71.432774,42.306129],[-71.438817,42.311774],[-71.443579,42.311115],[-71.444675,42.311414],[-71.435361,42.323365],[-71.432064,42.328102],[-71.431459,42.329615],[-71.433853,42.32896],[-71.435881,42.32877],[-71.443579,42.329057],[-71.445553,42.329826],[-71.452526,42.333639],[-71.455014,42.335981],[-71.458484,42.337305],[-71.466707,42.335968],[-71.47166,42.334501],[-71.47427,42.332215],[-71.476598,42.331175],[-71.481695,42.329826],[-71.483666,42.329735],[-71.485089,42.330408],[-71.486744,42.329937],[-71.486768,42.330075]]","07/31/2016 - 08/28/2016, Every day, Daily Average",1760,1339,2312
"1116","Harborwalk, Waterfront, Boston","[[-71.062911,42.361229],[-71.061856,42.36243],[-71.058261,42.363697],[-71.057757,42.363616],[-71.056105,42.362402],[-71.05542,42.361957],[-71.054925,42.362046],[-71.053826,42.363303],[-71.052111,42.363676],[-71.051647,42.36311],[-71.0512,42.363712],[-71.05109,42.364175],[-71.046389,42.363935],[-71.045918,42.361164],[-71.0455,42.359825],[-71.045566,42.359733],[-71.049595,42.354497],[-71.05106,42.355131],[-71.050851,42.356671],[-71.052158,42.358666],[-71.053518,42.358356],[-71.055759,42.356913],[-71.05771,42.356777],[-71.058737,42.356988],[-71.05829,42.35741],[-71.06151,42.358336],[-71.062642,42.357977],[-71.062875,42.359483],[-71.062911,42.361229]]","1016","100 Buckminster Road, Fisher Hill, Brookline","[[-71.150103,42.335281],[-71.148398,42.335798],[-71.148478,42.336254],[-71.147249,42.337135],[-71.146197,42.337398],[-71.146253,42.338709],[-71.144779,42.339657],[-71.144212,42.340022],[-71.141754,42.340396],[-71.141302,42.341073],[-71.13969,42.33989],[-71.139259,42.33824],[-71.138787,42.338361],[-71.138555,42.337692],[-71.13844,42.33736],[-71.133678,42.334581],[-71.13257,42.33273],[-71.131323,42.332939],[-71.13136,42.33152],[-71.1283,42.3297],[-71.13287,42.3289],[-71.13522,42.32847],[-71.14027,42.32687],[-71.14095,42.32775],[-71.14529,42.3338],[-71.14677,42.33485],[-71.14862,42.33455],[-71.150103,42.335281]]","07/31/2016 - 08/28/2016, Every day, Daily Average",1338,963,1857
"1116","Harborwalk, Waterfront, Boston","[[-71.062911,42.361229],[-71.061856,42.36243],[-71.058261,42.363697],[-71.057757,42.363616],[-71.056105,42.362402],[-71.05542,42.361957],[-71.054925,42.362046],[-71.053826,42.363303],[-71.052111,42.363676],[-71.051647,42.36311],[-71.0512,42.363712],[-71.05109,42.364175],[-71.046389,42.363935],[-71.045918,42.361164],[-71.0455,42.359825],[-71.045566,42.359733],[-71.049595,42.354497],[-71.05106,42.355131],[-71.050851,42.356671],[-71.052158,42.358666],[-71.053518,42.358356],[-71.055759,42.356913],[-71.05771,42.356777],[-71.058737,42.356988],[-71.05829,42.35741],[-71.06151,42.358336],[-71.062642,42.357977],[-71.062875,42.359483],[-71.062911,42.361229]]","1017","0 Tudor Road, Needham","[[-71.22988,42.28029],[-71.22374,42.28039],[-71.22391,42.28248],[-71.22424,42.28342],[-71.22282,42.28496],[-71.22279,42.28551],[-71.22214,42.28622],[-71.22205,42.28685],[-71.21956,42.28756],[-71.21935,42.28862],[-71.21478,42.29033],[-71.21668,42.29116],[-71.21777,42.29204],[-71.218439,42.29289],[-71.21986,42.29475],[-71.217807,42.295103],[-71.216398,42.295309],[-71.207763,42.297181],[-71.206273,42.294483],[-71.204869,42.289431],[-71.201313,42.288608],[-71.200208,42.287753],[-71.196318,42.286573],[-71.195453,42.288184],[-71.194187,42.288471],[-71.192645,42.287745],[-71.190934,42.28565],[-71.191155,42.283059],[-71.190258,42.281582],[-71.188167,42.280412],[-71.188719,42.27991],[-71.197011,42.268965],[-71.200007,42.267726],[-71.20317,42.267332],[-71.208394,42.267844],[-71.211174,42.267298],[-71.218025,42.268694],[-71.218125,42.267703],[-71.22015,42.26888],[-71.22582,42.27292],[-71.22974,42.27574],[-71.22846,42.27759],[-71.23032,42.27777],[-71.22988,42.28029]]","07/31/2016 - 08/28/2016, Every day, Daily Average",1869,1474,2368
"1116","Harborwalk, Waterfront, Boston","[[-71.062911,42.361229],[-71.061856,42.36243],[-71.058261,42.363697],[-71.057757,42.363616],[-71.056105,42.362402],[-71.05542,42.361957],[-71.054925,42.362046],[-71.053826,42.363303],[-71.052111,42.363676],[-71.051647,42.36311],[-71.0512,42.363712],[-71.05109,42.364175],[-71.046389,42.363935],[-71.045918,42.361164],[-71.0455,42.359825],[-71.045566,42.359733],[-71.049595,42.354497],[-71.05106,42.355131],[-71.050851,42.356671],[-71.052158,42.358666],[-71.053518,42.358356],[-71.055759,42.356913],[-71.05771,42.356777],[-71.058737,42.356988],[-71.05829,42.35741],[-71.06151,42.358336],[-71.062642,42.357977],[-71.062875,42.359483],[-71.062911,42.361229]]","1018","0 Knollwood Drive, Dover","[[-71.34302,42.221232],[-71.341664,42.221772],[-71.34083,42.224605],[-71.336458,42.227723],[-71.333904,42.23018],[-71.330991,42.231966],[-71.329561,42.23367],[-71.330992,42.23667],[-71.331124,42.238802],[-71.33058,42.241823],[-71.329217,42.245023],[-71.330176,42.246373],[-71.332434,42.247729],[-71.332496,42.249075],[-71.302922,42.248274],[-71.305764,42.259805],[-71.305832,42.260081],[-71.30846,42.270709],[-71.308001,42.271518],[-71.309072,42.273582],[-71.309496,42.275704],[-71.308875,42.276674],[-71.305125,42.278076],[-71.302477,42.28016],[-71.300737,42.282715],[-71.298824,42.282314],[-71.297575,42.281191],[-71.29788,42.279058],[-71.299684,42.276342],[-71.299464,42.274831],[-71.295887,42.274209],[-71.294843,42.273052],[-71.295666,42.272502],[-71.296456,42.27264],[-71.297222,42.272567],[-71.297979,42.272101],[-71.298391,42.271342],[-71.299397,42.270846],[-71.299869,42.270394],[-71.299854,42.269539],[-71.299862,42.269321],[-71.300885,42.267043],[-71.296443,42.267013],[-71.295283,42.266687],[-71.294863,42.265053],[-71.293908,42.266245],[-71.29194,42.267282],[-71.289856,42.265968],[-71.287518,42.265233],[-71.286418,42.266032],[-71.284931,42.264971],[-71.284524,42.263236],[-71.282956,42.26192],[-71.279951,42.260242],[-71.278719,42.26003],[-71.27687,42.261437],[-71.27585,42.260945],[-71.272271,42.26218],[-71.270688,42.261153],[-71.271471,42.259016],[-71.270731,42.257641],[-71.266689,42.255151],[-71.264789,42.255287],[-71.265439,42.259942],[-71.263105,42.259107],[-71.262216,42.257704],[-71.25656,42.255014],[-71.248503,42.255968],[-71.245672,42.259247],[-71.240539,42.259364],[-71.236298,42.259877],[-71.232404,42.258477],[-71.232273,42.258012],[-71.232237,42.256898],[-71.24727,42.214374],[-71.251494,42.202635],[-71.254235,42.202825],[-71.258213,42.204071],[-71.260968,42.204104],[-71.2636,42.203377],[-71.267609,42.200904],[-71.269569,42.200499],[-71.269558,42.200579],[-71.268088,42.20958],[-71.271058,42.215632],[-71.287878,42.215531],[-71.311318,42.215398],[-71.338435,42.215232],[-71.338683,42.216778],[-71.340754,42.217906],[-71.342887,42.219956],[-71.34302,42.221232]]","07/31/2016 - 08/28/2016, Every day, Daily Average",2399,1867,3081
"1116","Harborwalk, Waterfront, Boston","[[-71.062911,42.361229],[-71.061856,42.36243],[-71.058261,42.363697],[-71.057757,42.363616],[-71.056105,42.362402],[-71.05542,42.361957],[-71.054925,42.362046],[-71.053826,42.363303],[-71.052111,42.363676],[-71.051647,42.36311],[-71.0512,42.363712],[-71.05109,42.364175],[-71.046389,42.363935],[-71.045918,42.361164],[-71.0455,42.359825],[-71.045566,42.359733],[-71.049595,42.354497],[-71.05106,42.355131],[-71.050851,42.356671],[-71.052158,42.358666],[-71.053518,42.358356],[-71.055759,42.356913],[-71.05771,42.356777],[-71.058737,42.356988],[-71.05829,42.35741],[-71.06151,42.358336],[-71.062642,42.357977],[-71.062875,42.359483],[-71.062911,42.361229]]","1021","100 Walpole Street, Sharon","[[-71.240093,42.120781],[-71.237817,42.122354],[-71.23119,42.123391],[-71.233278,42.125895],[-71.23342,42.128706],[-71.231803,42.131634],[-71.230247,42.132721],[-71.228068,42.1333],[-71.225989,42.135405],[-71.215306,42.140326],[-71.194455,42.149916],[-71.186885,42.153264],[-71.188627,42.160816],[-71.181877,42.163455],[-71.180853,42.16557],[-71.178494,42.165809],[-71.178013,42.163961],[-71.175759,42.155595],[-71.176298,42.155302],[-71.172603,42.152037],[-71.164762,42.146867],[-71.162841,42.145701],[-71.172143,42.137545],[-71.175926,42.13414],[-71.183901,42.125199],[-71.184718,42.124254],[-71.190081,42.116247],[-71.191202,42.113427],[-71.191619,42.111205],[-71.192159,42.107229],[-71.192248,42.106212],[-71.193485,42.097514],[-71.195859,42.081818],[-71.196374,42.082468],[-71.205934,42.074127],[-71.223446,42.090116],[-71.225315,42.091821],[-71.238811,42.104139],[-71.238829,42.106408],[-71.238917,42.11222],[-71.238958,42.117256],[-71.240093,42.120781]]","07/31/2016 - 08/28/2016, Every day, Daily Average",1993,1490,2665
"1116","Harborwalk, Waterfront, Boston","[[-71.062911,42.361229],[-71.061856,42.36243],[-71.058261,42.363697],[-71.057757,42.363616],[-71.056105,42.362402],[-71.05542,42.361957],[-71.054925,42.362046],[-71.053826,42.363303],[-71.052111,42.363676],[-71.051647,42.36311],[-71.0512,42.363712],[-71.05109,42.364175],[-71.046389,42.363935],[-71.045918,42.361164],[-71.0455,42.359825],[-71.045566,42.359733],[-71.049595,42.354497],[-71.05106,42.355131],[-71.050851,42.356671],[-71.052158,42.358666],[-71.053518,42.358356],[-71.055759,42.356913],[-71.05771,42.356777],[-71.058737,42.356988],[-71.05829,42.35741],[-71.06151,42.358336],[-71.062642,42.357977],[-71.062875,42.359483],[-71.062911,42.361229]]","1023","0 Norman Street, Milton","[[-71.113277,42.258912],[-71.110576,42.261044],[-71.1085,42.261061],[-71.105595,42.260862],[-71.104045,42.259831],[-71.103672,42.259723],[-71.097871,42.262826],[-71.094529,42.266817],[-71.093909,42.267112],[-71.093737,42.267107],[-71.09377,42.26587],[-71.0938,42.26506],[-71.093499,42.263303],[-71.09347,42.26242],[-71.09348,42.2604],[-71.09348,42.25893],[-71.09086,42.25945],[-71.08747,42.25838],[-71.08698,42.25796],[-71.08434,42.25925],[-71.08297,42.25873],[-71.08161,42.25842],[-71.08121,42.25827],[-71.07747,42.25455],[-71.08073,42.25264],[-71.08424,42.25074],[-71.09349,42.24537],[-71.09577,42.24405],[-71.09755,42.24302],[-71.098561,42.244492],[-71.10095,42.24679],[-71.10201,42.2471],[-71.10216,42.24717],[-71.10319,42.24813],[-71.1055,42.25024],[-71.106437,42.249378],[-71.109465,42.25241],[-71.109544,42.255412],[-71.112468,42.258176],[-71.112938,42.258641],[-71.113277,42.258912]]","07/31/2016 - 08/28/2016, Every day, Daily Average",1551,1093,2200
"1116","Harborwalk, Waterfront, Boston","[[-71.062911,42.361229],[-71.061856,42.36243],[-71.058261,42.363697],[-71.057757,42.363616],[-71.056105,42.362402],[-71.05542,42.361957],[-71.054925,42.362046],[-71.053826,42.363303],[-71.052111,42.363676],[-71.051647,42.36311],[-71.0512,42.363712],[-71.05109,42.364175],[-71.046389,42.363935],[-71.045918,42.361164],[-71.0455,42.359825],[-71.045566,42.359733],[-71.049595,42.354497],[-71.05106,42.355131],[-71.050851,42.356671],[-71.052158,42.358666],[-71.053518,42.358356],[-71.055759,42.356913],[-71.05771,42.356777],[-71.058737,42.356988],[-71.05829,42.35741],[-71.06151,42.358336],[-71.062642,42.357977],[-71.062875,42.359483],[-71.062911,42.361229]]","1024","300 Adams Street, Milton","[[-71.068139,42.271003],[-71.067815,42.271396],[-71.065651,42.271052],[-71.063893,42.267998],[-71.061593,42.267299],[-71.053395,42.272297],[-71.055494,42.275698],[-71.053117,42.2773],[-71.048794,42.277699],[-71.044694,42.276198],[-71.042794,42.276998],[-71.041635,42.26839],[-71.041672,42.266427],[-71.039067,42.264599],[-71.037468,42.26348],[-71.034279,42.26124],[-71.031388,42.259212],[-71.032078,42.258349],[-71.034969,42.256757],[-71.038855,42.254609],[-71.039033,42.254518],[-71.051271,42.24778],[-71.05134,42.25056],[-71.05403,42.25196],[-71.05672,42.25103],[-71.05813,42.250893],[-71.059194,42.252999],[-71.058363,42.254652],[-71.060407,42.254711],[-71.06187,42.25807],[-71.05988,42.25837],[-71.061158,42.259207],[-71.05937,42.261951],[-71.0611,42.26244],[-71.063155,42.263751],[-71.06655,42.26669],[-71.06789,42.27036],[-71.068139,42.271003]]","07/31/2016 - 08/28/2016, Every day, Daily Average",860,560,1320
"1116","Harborwalk, Waterfront, Boston","[[-71.062911,42.361229],[-71.061856,42.36243],[-71.058261,42.363697],[-71.057757,42.363616],[-71.056105,42.362402],[-71.05542,42.361957],[-71.054925,42.362046],[-71.053826,42.363303],[-71.052111,42.363676],[-71.051647,42.36311],[-71.0512,42.363712],[-71.05109,42.364175],[-71.046389,42.363935],[-71.045918,42.361164],[-71.0455,42.359825],[-71.045566,42.359733],[-71.049595,42.354497],[-71.05106,42.355131],[-71.050851,42.356671],[-71.052158,42.358666],[-71.053518,42.358356],[-71.055759,42.356913],[-71.05771,42.356777],[-71.058737,42.356988],[-71.05829,42.35741],[-71.06151,42.358336],[-71.062642,42.357977],[-71.062875,42.359483],[-71.062911,42.361229]]","1025","0 Reservoir Drive, Randolph","[[-71.065159,42.205517],[-71.060324,42.206305],[-71.052921,42.205983],[-71.049548,42.206768],[-71.048575,42.201804],[-71.047271,42.194592],[-71.02964,42.19151],[-71.019281,42.18692],[-71.019506,42.186057],[-71.018985,42.183998],[-71.019845,42.182579],[-71.020071,42.18041],[-71.029579,42.177897],[-71.035074,42.175085],[-71.03506,42.17525],[-71.03575,42.1753],[-71.04089,42.17498],[-71.0449,42.17532],[-71.04848,42.17477],[-71.052848,42.182284],[-71.05489,42.18506],[-71.05522,42.18552],[-71.05936,42.19167],[-71.060629,42.194789],[-71.06078,42.19538],[-71.06184,42.19962],[-71.064914,42.205105],[-71.065159,42.205517]]","07/31/2016 - 08/28/2016, Every day, Daily Average",1670,1074,2596
"1116","Harborwalk, Waterfront, Boston","[[-71.062911,42.361229],[-71.061856,42.36243],[-71.058261,42.363697],[-71.057757,42.363616],[-71.056105,42.362402],[-71.05542,42.361957],[-71.054925,42.362046],[-71.053826,42.363303],[-71.052111,42.363676],[-71.051647,42.36311],[-71.0512,42.363712],[-71.05109,42.364175],[-71.046389,42.363935],[-71.045918,42.361164],[-71.0455,42.359825],[-71.045566,42.359733],[-71.049595,42.354497],[-71.05106,42.355131],[-71.050851,42.356671],[-71.052158,42.358666],[-71.053518,42.358356],[-71.055759,42.356913],[-71.05771,42.356777],[-71.058737,42.356988],[-71.05829,42.35741],[-71.06151,42.358336],[-71.062642,42.357977],[-71.062875,42.359483],[-71.062911,42.361229]]","1026","200 South Main Street, Randolph","[[-71.05701,42.16525],[-71.053849,42.165471],[-71.05235,42.16514],[-71.050521,42.165051],[-71.04415,42.1655],[-71.04332,42.16566],[-71.041326,42.162583],[-71.04031,42.16197],[-71.03402,42.15808],[-71.032596,42.157502],[-71.03404,42.155175],[-71.035377,42.155276],[-71.0304,42.15221],[-71.029667,42.150537],[-71.03171,42.144908],[-71.035093,42.135634],[-71.04007,42.13717],[-71.053927,42.151195],[-71.056511,42.153815],[-71.063521,42.160915],[-71.05701,42.16525]]","07/31/2016 - 08/28/2016, Every day, Daily Average",2053,1379,3055
"1116","Harborwalk, Waterfront, Boston","[[-71.062911,42.361229],[-71.061856,42.36243],[-71.058261,42.363697],[-71.057757,42.363616],[-71.056105,42.362402],[-71.05542,42.361957],[-71.054925,42.362046],[-71.053826,42.363303],[-71.052111,42.363676],[-71.051647,42.36311],[-71.0512,42.363712],[-71.05109,42.364175],[-71.046389,42.363935],[-71.045918,42.361164],[-71.0455,42.359825],[-71.045566,42.359733],[-71.049595,42.354497],[-71.05106,42.355131],[-71.050851,42.356671],[-71.052158,42.358666],[-71.053518,42.358356],[-71.055759,42.356913],[-71.05771,42.356777],[-71.058737,42.356988],[-71.05829,42.35741],[-71.06151,42.358336],[-71.062642,42.357977],[-71.062875,42.359483],[-71.062911,42.361229]]","1027","300 Neck Street, North Weymouth, Weymouth","[[-70.967124,42.244256],[-70.96541,42.246791],[-70.9648,42.246727],[-70.960909,42.246091],[-70.960191,42.246799],[-70.959491,42.247799],[-70.956691,42.250233],[-70.953974,42.252594],[-70.952679,42.24876],[-70.94923,42.249973],[-70.944614,42.251596],[-70.943172,42.252103],[-70.93723,42.257732],[-70.927485,42.259315],[-70.92483,42.263339],[-70.926336,42.269792],[-70.917056,42.272542],[-70.912932,42.269792],[-70.909421,42.268286],[-70.908286,42.264715],[-70.90899,42.264399],[-70.91739,42.263899],[-70.918191,42.2601],[-70.917081,42.2556],[-70.91932,42.254703],[-70.932435,42.252644],[-70.933491,42.25],[-70.931191,42.2486],[-70.931029,42.247121],[-70.931019,42.247041],[-70.933557,42.246457],[-70.94003,42.24443],[-70.94121,42.24412],[-70.94378,42.24388],[-70.94744,42.24351],[-70.94901,42.24317],[-70.95538,42.24269],[-70.96089,42.24267],[-70.965962,42.243991],[-70.967124,42.244256]]","07/31/2016 - 08/28/2016, Every day, Daily Average",1810,1459,2244
"1116","Harborwalk, Waterfront, Boston","[[-71.062911,42.361229],[-71.061856,42.36243],[-71.058261,42.363697],[-71.057757,42.363616],[-71.056105,42.362402],[-71.05542,42.361957],[-71.054925,42.362046],[-71.053826,42.363303],[-71.052111,42.363676],[-71.051647,42.36311],[-71.0512,42.363712],[-71.05109,42.364175],[-71.046389,42.363935],[-71.045918,42.361164],[-71.0455,42.359825],[-71.045566,42.359733],[-71.049595,42.354497],[-71.05106,42.355131],[-71.050851,42.356671],[-71.052158,42.358666],[-71.053518,42.358356],[-71.055759,42.356913],[-71.05771,42.356777],[-71.058737,42.356988],[-71.05829,42.35741],[-71.06151,42.358336],[-71.062642,42.357977],[-71.062875,42.359483],[-71.062911,42.361229]]","1029","200 Pine Street, Norwell","[[-70.847243,42.158214],[-70.844686,42.158265],[-70.839202,42.157914],[-70.832718,42.157772],[-70.828332,42.157995],[-70.82431,42.157284],[-70.821106,42.15759],[-70.816305,42.157216],[-70.813434,42.158093],[-70.810025,42.159737],[-70.807177,42.162057],[-70.805683,42.162304],[-70.801015,42.161698],[-70.798039,42.162148],[-70.793749,42.161759],[-70.793725,42.163919],[-70.79574,42.167043],[-70.79884,42.169132],[-70.800006,42.170681],[-70.80248,42.172623],[-70.800222,42.174849],[-70.798577,42.17748],[-70.796908,42.178074],[-70.798847,42.181895],[-70.801933,42.185229],[-70.802817,42.187855],[-70.805388,42.18992],[-70.813023,42.194444],[-70.813416,42.195344],[-70.797079,42.190085],[-70.778858,42.184187],[-70.777864,42.183854],[-70.759806,42.169803],[-70.752394,42.163937],[-70.754319,42.162992],[-70.754255,42.160972],[-70.755391,42.159405],[-70.76019,42.159246],[-70.761447,42.157165],[-70.762541,42.156947],[-70.763949,42.158539],[-70.765311,42.158753],[-70.766706,42.157278],[-70.767023,42.155595],[-70.768863,42.153996],[-70.77159,42.155113],[-70.774424,42.15484],[-70.779323,42.156486],[-70.781962,42.156388],[-70.782444,42.155824],[-70.783053,42.1502],[-70.785401,42.149726],[-70.786278,42.146768],[-70.787512,42.144942],[-70.785455,42.143384],[-70.783084,42.142294],[-70.782778,42.139431],[-70.780534,42.137352],[-70.781203,42.134729],[-70.779891,42.132589],[-70.781757,42.13124],[-70.781337,42.129811],[-70.779263,42.129792],[-70.778833,42.128011],[-70.77944,42.126486],[-70.777855,42.124732],[-70.779241,42.12154],[-70.777528,42.120822],[-70.77768,42.119003],[-70.776853,42.116976],[-70.778384,42.115917],[-70.782543,42.116529],[-70.782047,42.114626],[-70.783253,42.111922],[-70.788361,42.111617],[-70.788164,42.110315],[-70.790167,42.110713],[-70.790071,42.10881],[-70.792074,42.109108],[-70.789481,42.106804],[-70.792185,42.106201],[-70.798885,42.112301],[-70.800685,42.109701],[-70.803502,42.111706],[-70.804747,42.114243],[-70.80833,42.11488],[-70.809803,42.118338],[-70.809053,42.1198],[-70.807955,42.120206],[-70.809237,42.124766],[-70.811382,42.126576],[-70.814945,42.127921],[-70.816109,42.130382],[-70.816406,42.131247],[-70.819329,42.132044],[-70.818709,42.132685],[-70.821019,42.132956],[-70.826202,42.131869],[-70.832165,42.133177],[-70.834539,42.135394],[-70.834579,42.138872],[-70.836388,42.141147],[-70.837385,42.144098],[-70.838604,42.145893],[-70.837988,42.147072],[-70.840187,42.14836],[-70.842847,42.152335],[-70.844842,42.15323],[-70.844655,42.154336],[-70.846968,42.156879],[-70.847243,42.158214]]","07/31/2016 - 08/28/2016, Every day, Daily Average",2228,1586,3129
"1116","Harborwalk, Waterfront, Boston","[[-71.062911,42.361229],[-71.061856,42.36243],[-71.058261,42.363697],[-71.057757,42.363616],[-71.056105,42.362402],[-71.05542,42.361957],[-71.054925,42.362046],[-71.053826,42.363303],[-71.052111,42.363676],[-71.051647,42.36311],[-71.0512,42.363712],[-71.05109,42.364175],[-71.046389,42.363935],[-71.045918,42.361164],[-71.0455,42.359825],[-71.045566,42.359733],[-71.049595,42.354497],[-71.05106,42.355131],[-71.050851,42.356671],[-71.052158,42.358666],[-71.053518,42.358356],[-71.055759,42.356913],[-71.05771,42.356777],[-71.058737,42.356988],[-71.05829,42.35741],[-71.06151,42.358336],[-71.062642,42.357977],[-71.062875,42.359483],[-71.062911,42.361229]]","1033","Fall River Expressway, West Bridgewater","[[-71.069498,42.049715],[-71.058041,42.051126],[-71.044295,42.052832],[-71.036474,42.053776],[-71.025776,42.055089],[-71.025709,42.054789],[-71.023013,42.04237],[-71.017593,42.042832],[-71.019939,42.03793],[-71.014675,42.037667],[-71.013849,42.036355],[-71.00888,42.032103],[-71.008402,42.027867],[-71.008883,42.026173],[-71.011342,42.025894],[-71.015294,42.023573],[-71.021325,42.027114],[-71.027223,42.027212],[-71.031435,42.02461],[-71.030633,42.023041],[-71.03136,42.021637],[-71.030646,42.015908],[-71.030745,42.014195],[-71.02945,42.012313],[-71.029782,42.00979],[-71.028363,42.007102],[-71.023895,42.009002],[-71.022997,42.010565],[-71.022685,42.012883],[-71.01837,42.01309],[-71.015862,42.01386],[-71.013317,42.009969],[-71.010191,42.011212],[-71.005802,42.008298],[-71.003094,42.004807],[-71.001753,42.002074],[-71.002716,41.998041],[-71.028551,41.990356],[-71.054184,41.982716],[-71.054718,41.985057],[-71.063867,42.024802],[-71.069498,42.049715]]","07/31/2016 - 08/28/2016, Every day, Daily Average",2106,1613,2748
"1116","Harborwalk, Waterfront, Boston","[[-71.062911,42.361229],[-71.061856,42.36243],[-71.058261,42.363697],[-71.057757,42.363616],[-71.056105,42.362402],[-71.05542,42.361957],[-71.054925,42.362046],[-71.053826,42.363303],[-71.052111,42.363676],[-71.051647,42.36311],[-71.0512,42.363712],[-71.05109,42.364175],[-71.046389,42.363935],[-71.045918,42.361164],[-71.0455,42.359825],[-71.045566,42.359733],[-71.049595,42.354497],[-71.05106,42.355131],[-71.050851,42.356671],[-71.052158,42.358666],[-71.053518,42.358356],[-71.055759,42.356913],[-71.05771,42.356777],[-71.058737,42.356988],[-71.05829,42.35741],[-71.06151,42.358336],[-71.062642,42.357977],[-71.062875,42.359483],[-71.062911,42.361229]]","1034","100 Armstrong Road, Plymouth","[[-70.753527,41.933241],[-70.735085,41.945521],[-70.724142,41.952626],[-70.721146,41.954084],[-70.716337,41.957838],[-70.714642,41.961353],[-70.704316,41.972085],[-70.699904,41.969272],[-70.697225,41.966963],[-70.69287,41.963116],[-70.686796,41.958875],[-70.685684,41.957904],[-70.682337,41.954539],[-70.680149,41.95199],[-70.678902,41.949886],[-70.689456,41.945735],[-70.692404,41.944212],[-70.696262,41.945323],[-70.701758,41.945003],[-70.702287,41.944903],[-70.703146,41.944578],[-70.706654,41.944113],[-70.710515,41.942732],[-70.711233,41.942265],[-70.718576,41.937613],[-70.722184,41.935294],[-70.726928,41.932914],[-70.72944,41.931384],[-70.731908,41.930965],[-70.736572,41.931206],[-70.741992,41.928568],[-70.747094,41.927844],[-70.750651,41.925942],[-70.753527,41.933241]]","07/31/2016 - 08/28/2016, Every day, Daily Average",3225,2330,4463
"1116","Harborwalk, Waterfront, Boston","[[-71.062911,42.361229],[-71.061856,42.36243],[-71.058261,42.363697],[-71.057757,42.363616],[-71.056105,42.362402],[-71.05542,42.361957],[-71.054925,42.362046],[-71.053826,42.363303],[-71.052111,42.363676],[-71.051647,42.36311],[-71.0512,42.363712],[-71.05109,42.364175],[-71.046389,42.363935],[-71.045918,42.361164],[-71.0455,42.359825],[-71.045566,42.359733],[-71.049595,42.354497],[-71.05106,42.355131],[-71.050851,42.356671],[-71.052158,42.358666],[-71.053518,42.358356],[-71.055759,42.356913],[-71.05771,42.356777],[-71.058737,42.356988],[-71.05829,42.35741],[-71.06151,42.358336],[-71.062642,42.357977],[-71.062875,42.359483],[-71.062911,42.361229]]","1036","Pilgrims Highway, Plymouth","[[-70.620181,41.841139],[-70.619707,41.843299],[-70.618539,41.844277],[-70.614489,41.844168],[-70.612219,41.845262],[-70.607169,41.846121],[-70.604363,41.847834],[-70.601697,41.848019],[-70.597768,41.849284],[-70.595269,41.849404],[-70.592903,41.850351],[-70.591862,41.853885],[-70.591848,41.855859],[-70.589513,41.858795],[-70.586681,41.858532],[-70.585441,41.859167],[-70.583579,41.861699],[-70.579949,41.863595],[-70.578598,41.865002],[-70.576861,41.865255],[-70.574993,41.86667],[-70.571538,41.866703],[-70.568661,41.865558],[-70.563503,41.865002],[-70.563144,41.860324],[-70.56044,41.85842],[-70.555067,41.855838],[-70.550798,41.852624],[-70.547657,41.851134],[-70.544932,41.848126],[-70.544206,41.846474],[-70.541899,41.844954],[-70.540369,41.842896],[-70.541235,41.840838],[-70.540033,41.839452],[-70.53722,41.83879],[-70.535044,41.840856],[-70.53315,41.839693],[-70.536264,41.834659],[-70.542065,41.831263],[-70.543168,41.824446],[-70.54103,41.815754],[-70.537289,41.810859],[-70.545834,41.80346],[-70.545863,41.803433],[-70.548902,41.809983],[-70.551032,41.816153],[-70.552112,41.817785],[-70.552662,41.821329],[-70.55631,41.824564],[-70.561324,41.829738],[-70.561978,41.829947],[-70.565266,41.831202],[-70.566675,41.830712],[-70.568568,41.831196],[-70.571943,41.831314],[-70.573394,41.83216],[-70.575622,41.832303],[-70.577977,41.833642],[-70.578827,41.834853],[-70.58153,41.834733],[-70.582624,41.833601],[-70.58172,41.832158],[-70.582446,41.830683],[-70.585743,41.830441],[-70.586635,41.829804],[-70.587372,41.826759],[-70.589361,41.825675],[-70.589774,41.828555],[-70.594472,41.829791],[-70.616741,41.834661],[-70.616549,41.8372],[-70.619755,41.839412],[-70.620181,41.841139]]","07/31/2016 - 08/28/2016, Every day, Daily Average",3700,2805,4879
"1116","Harborwalk, Waterfront, Boston","[[-71.062911,42.361229],[-71.061856,42.36243],[-71.058261,42.363697],[-71.057757,42.363616],[-71.056105,42.362402],[-71.05542,42.361957],[-71.054925,42.362046],[-71.053826,42.363303],[-71.052111,42.363676],[-71.051647,42.36311],[-71.0512,42.363712],[-71.05109,42.364175],[-71.046389,42.363935],[-71.045918,42.361164],[-71.0455,42.359825],[-71.045566,42.359733],[-71.049595,42.354497],[-71.05106,42.355131],[-71.050851,42.356671],[-71.052158,42.358666],[-71.053518,42.358356],[-71.055759,42.356913],[-71.05771,42.356777],[-71.058737,42.356988],[-71.05829,42.35741],[-71.06151,42.358336],[-71.062642,42.357977],[-71.062875,42.359483],[-71.062911,42.361229]]","1038","0 Old Rutherford Avenue, Charlestown, Boston","[[-71.069987,42.380309],[-71.069106,42.37941],[-71.067827,42.378206],[-71.065503,42.377791],[-71.06497,42.377305],[-71.064259,42.376844],[-71.063092,42.374689],[-71.061873,42.375951],[-71.064063,42.3724],[-71.061885,42.371107],[-71.061079,42.370578],[-71.059795,42.368767],[-71.062994,42.368391],[-71.064095,42.368997],[-71.067091,42.371843],[-71.070528,42.372378],[-71.067907,42.374627],[-71.068217,42.375124],[-71.070901,42.379871],[-71.069987,42.380309]]","07/31/2016 - 08/28/2016, Every day, Daily Average",305,122,758
"1116","Harborwalk, Waterfront, Boston","[[-71.062911,42.361229],[-71.061856,42.36243],[-71.058261,42.363697],[-71.057757,42.363616],[-71.056105,42.362402],[-71.05542,42.361957],[-71.054925,42.362046],[-71.053826,42.363303],[-71.052111,42.363676],[-71.051647,42.36311],[-71.0512,42.363712],[-71.05109,42.364175],[-71.046389,42.363935],[-71.045918,42.361164],[-71.0455,42.359825],[-71.045566,42.359733],[-71.049595,42.354497],[-71.05106,42.355131],[-71.050851,42.356671],[-71.052158,42.358666],[-71.053518,42.358356],[-71.055759,42.356913],[-71.05771,42.356777],[-71.058737,42.356988],[-71.05829,42.35741],[-71.06151,42.358336],[-71.062642,42.357977],[-71.062875,42.359483],[-71.062911,42.361229]]","1039","0 Flint Place, South Boston, Boston","[[-71.035296,42.332293],[-71.033262,42.332329],[-71.03328,42.333146],[-71.0333,42.333978],[-71.033346,42.335661],[-71.029234,42.335729],[-71.031283,42.334832],[-71.031254,42.334002],[-71.031226,42.333186],[-71.031191,42.33236],[-71.031143,42.330653],[-71.034314,42.329492],[-71.035207,42.32935],[-71.035296,42.332293]]","07/31/2016 - 08/28/2016, Every day, Daily Average",799,562,1135
"1116","Harborwalk, Waterfront, Boston","[[-71.062911,42.361229],[-71.061856,42.36243],[-71.058261,42.363697],[-71.057757,42.363616],[-71.056105,42.362402],[-71.05542,42.361957],[-71.054925,42.362046],[-71.053826,42.363303],[-71.052111,42.363676],[-71.051647,42.36311],[-71.0512,42.363712],[-71.05109,42.364175],[-71.046389,42.363935],[-71.045918,42.361164],[-71.0455,42.359825],[-71.045566,42.359733],[-71.049595,42.354497],[-71.05106,42.355131],[-71.050851,42.356671],[-71.052158,42.358666],[-71.053518,42.358356],[-71.055759,42.356913],[-71.05771,42.356777],[-71.058737,42.356988],[-71.05829,42.35741],[-71.06151,42.358336],[-71.062642,42.357977],[-71.062875,42.359483],[-71.062911,42.361229]]","1040","900 Massachusetts Avenue, Dorchester, Boston","[[-71.078654,42.324867],[-71.07818,42.325885],[-71.077363,42.326521],[-71.076624,42.327118],[-71.075248,42.325965],[-71.07521,42.327028],[-71.07499,42.329075],[-71.077472,42.330898],[-71.074357,42.332847],[-71.07337,42.33361],[-71.072152,42.332727],[-71.069226,42.334734],[-71.068385,42.335068],[-71.065414,42.335441],[-71.064613,42.334009],[-71.062798,42.331973],[-71.063553,42.330791],[-71.066431,42.326256],[-71.067507,42.323297],[-71.069136,42.325051],[-71.071479,42.326687],[-71.07266,42.326023],[-71.071638,42.324647],[-71.073922,42.323759],[-71.074641,42.323238],[-71.075811,42.324146],[-71.076664,42.322889],[-71.077516,42.323261],[-71.0796,42.324161],[-71.078654,42.324867]]","07/31/2016 - 08/28/2016, Every day, Daily Average",498,267,927
"1116","Harborwalk, Waterfront, Boston","[[-71.062911,42.361229],[-71.061856,42.36243],[-71.058261,42.363697],[-71.057757,42.363616],[-71.056105,42.362402],[-71.05542,42.361957],[-71.054925,42.362046],[-71.053826,42.363303],[-71.052111,42.363676],[-71.051647,42.36311],[-71.0512,42.363712],[-71.05109,42.364175],[-71.046389,42.363935],[-71.045918,42.361164],[-71.0455,42.359825],[-71.045566,42.359733],[-71.049595,42.354497],[-71.05106,42.355131],[-71.050851,42.356671],[-71.052158,42.358666],[-71.053518,42.358356],[-71.055759,42.356913],[-71.05771,42.356777],[-71.058737,42.356988],[-71.05829,42.35741],[-71.06151,42.358336],[-71.062642,42.357977],[-71.062875,42.359483],[-71.062911,42.361229]]","1041","0 Kendall Street, South End, Boston","[[-71.08843,42.335076],[-71.086386,42.336018],[-71.083983,42.33734],[-71.081969,42.338416],[-71.079266,42.336538],[-71.077621,42.336001],[-71.080297,42.333796],[-71.080625,42.333367],[-71.080943,42.332931],[-71.085345,42.335071],[-71.087462,42.334126],[-71.08843,42.335076]]","07/31/2016 - 08/28/2016, Every day, Daily Average",809,550,1188
"1116","Harborwalk, Waterfront, Boston","[[-71.062911,42.361229],[-71.061856,42.36243],[-71.058261,42.363697],[-71.057757,42.363616],[-71.056105,42.362402],[-71.05542,42.361957],[-71.054925,42.362046],[-71.053826,42.363303],[-71.052111,42.363676],[-71.051647,42.36311],[-71.0512,42.363712],[-71.05109,42.364175],[-71.046389,42.363935],[-71.045918,42.361164],[-71.0455,42.359825],[-71.045566,42.359733],[-71.049595,42.354497],[-71.05106,42.355131],[-71.050851,42.356671],[-71.052158,42.358666],[-71.053518,42.358356],[-71.055759,42.356913],[-71.05771,42.356777],[-71.058737,42.356988],[-71.05829,42.35741],[-71.06151,42.358336],[-71.062642,42.357977],[-71.062875,42.359483],[-71.062911,42.361229]]","1042","0 Townsend Street, Roxbury, Boston","[[-71.094355,42.319756],[-71.093146,42.3208],[-71.095108,42.321923],[-71.095398,42.32325],[-71.093472,42.323288],[-71.092905,42.326878],[-71.091798,42.325981],[-71.090956,42.325022],[-71.090054,42.324688],[-71.088788,42.324218],[-71.0896,42.323394],[-71.091941,42.321692],[-71.092476,42.321307],[-71.091373,42.320423],[-71.090238,42.319213],[-71.091294,42.317605],[-71.091619,42.316997],[-71.092964,42.316751],[-71.093559,42.315515],[-71.094274,42.315634],[-71.097086,42.317028],[-71.094355,42.319756]]","07/31/2016 - 08/28/2016, Every day, Daily Average",963,675,1372
"1116","Harborwalk, Waterfront, Boston","[[-71.062911,42.361229],[-71.061856,42.36243],[-71.058261,42.363697],[-71.057757,42.363616],[-71.056105,42.362402],[-71.05542,42.361957],[-71.054925,42.362046],[-71.053826,42.363303],[-71.052111,42.363676],[-71.051647,42.36311],[-71.0512,42.363712],[-71.05109,42.364175],[-71.046389,42.363935],[-71.045918,42.361164],[-71.0455,42.359825],[-71.045566,42.359733],[-71.049595,42.354497],[-71.05106,42.355131],[-71.050851,42.356671],[-71.052158,42.358666],[-71.053518,42.358356],[-71.055759,42.356913],[-71.05771,42.356777],[-71.058737,42.356988],[-71.05829,42.35741],[-71.06151,42.358336],[-71.062642,42.357977],[-71.062875,42.359483],[-71.062911,42.361229]]","1043","200 Savin Hill Avenue, Dorchester, Boston","[[-71.060746,42.310205],[-71.060454,42.310097],[-71.060224,42.310072],[-71.060061,42.31008],[-71.059993,42.3101],[-71.05981,42.31019],[-71.059509,42.310681],[-71.058881,42.312771],[-71.057207,42.31296],[-71.055387,42.312569],[-71.054983,42.312331],[-71.05315,42.311336],[-71.052165,42.313844],[-71.051981,42.314975],[-71.052172,42.319024],[-71.05257,42.319363],[-71.052124,42.319836],[-71.052456,42.321466],[-71.052093,42.321469],[-71.050925,42.320876],[-71.04985,42.318933],[-71.049794,42.318731],[-71.048297,42.315941],[-71.046455,42.312992],[-71.041422,42.311083],[-71.040149,42.309764],[-71.043346,42.307936],[-71.04539,42.303892],[-71.042205,42.303284],[-71.041687,42.302151],[-71.047753,42.303834],[-71.04893,42.301889],[-71.049268,42.301197],[-71.052564,42.302937],[-71.055432,42.304323],[-71.055973,42.304517],[-71.057388,42.30548],[-71.058397,42.307678],[-71.058419,42.307579],[-71.060596,42.308788],[-71.061387,42.308742],[-71.060746,42.310205]]","07/31/2016 - 08/28/2016, Every day, Daily Average",685,398,1178
"1116","Harborwalk, Waterfront, Boston","[[-71.062911,42.361229],[-71.061856,42.36243],[-71.058261,42.363697],[-71.057757,42.363616],[-71.056105,42.362402],[-71.05542,42.361957],[-71.054925,42.362046],[-71.053826,42.363303],[-71.052111,42.363676],[-71.051647,42.36311],[-71.0512,42.363712],[-71.05109,42.364175],[-71.046389,42.363935],[-71.045918,42.361164],[-71.0455,42.359825],[-71.045566,42.359733],[-71.049595,42.354497],[-71.05106,42.355131],[-71.050851,42.356671],[-71.052158,42.358666],[-71.053518,42.358356],[-71.055759,42.356913],[-71.05771,42.356777],[-71.058737,42.356988],[-71.05829,42.35741],[-71.06151,42.358336],[-71.062642,42.357977],[-71.062875,42.359483],[-71.062911,42.361229]]","1044","0 Ames Street, Mattapan, Boston","[[-71.094542,42.293021],[-71.093173,42.294613],[-71.089779,42.292868],[-71.088132,42.294476],[-71.087997,42.294939],[-71.087839,42.294911],[-71.083074,42.293473],[-71.082485,42.293287],[-71.08061,42.292747],[-71.079534,42.292439],[-71.078147,42.292022],[-71.078199,42.290774],[-71.078537,42.289335],[-71.079187,42.288137],[-71.081252,42.287794],[-71.083295,42.28733],[-71.085775,42.286774],[-71.085991,42.28673],[-71.091106,42.285564],[-71.091147,42.28543],[-71.091569,42.284214],[-71.09286,42.28513],[-71.093196,42.285935],[-71.093415,42.28651],[-71.093887,42.287668],[-71.095759,42.291973],[-71.094542,42.293021]]","07/31/2016 - 08/28/2016, Every day, Daily Average",1579,1060,2350
"1116","Harborwalk, Waterfront, Boston","[[-71.062911,42.361229],[-71.061856,42.36243],[-71.058261,42.363697],[-71.057757,42.363616],[-71.056105,42.362402],[-71.05542,42.361957],[-71.054925,42.362046],[-71.053826,42.363303],[-71.052111,42.363676],[-71.051647,42.36311],[-71.0512,42.363712],[-71.05109,42.364175],[-71.046389,42.363935],[-71.045918,42.361164],[-71.0455,42.359825],[-71.045566,42.359733],[-71.049595,42.354497],[-71.05106,42.355131],[-71.050851,42.356671],[-71.052158,42.358666],[-71.053518,42.358356],[-71.055759,42.356913],[-71.05771,42.356777],[-71.058737,42.356988],[-71.05829,42.35741],[-71.06151,42.358336],[-71.062642,42.357977],[-71.062875,42.359483],[-71.062911,42.361229]]","1045","0 Brockton Street, Mattapan, Boston","[[-71.10858,42.275395],[-71.107535,42.278202],[-71.104652,42.276802],[-71.104123,42.276217],[-71.09832,42.28163],[-71.097928,42.281262],[-71.098332,42.279577],[-71.098124,42.277644],[-71.096913,42.276031],[-71.093683,42.274351],[-71.093695,42.272877],[-71.093881,42.267634],[-71.093909,42.267112],[-71.094529,42.266817],[-71.097871,42.262826],[-71.099676,42.264841],[-71.099623,42.265501],[-71.101243,42.266829],[-71.104367,42.269534],[-71.103358,42.271002],[-71.106563,42.271768],[-71.108415,42.273505],[-71.109191,42.274363],[-71.10858,42.275395]]","07/31/2016 - 08/28/2016, Every day, Daily Average",1728,1235,2416
"1116","Harborwalk, Waterfront, Boston","[[-71.062911,42.361229],[-71.061856,42.36243],[-71.058261,42.363697],[-71.057757,42.363616],[-71.056105,42.362402],[-71.05542,42.361957],[-71.054925,42.362046],[-71.053826,42.363303],[-71.052111,42.363676],[-71.051647,42.36311],[-71.0512,42.363712],[-71.05109,42.364175],[-71.046389,42.363935],[-71.045918,42.361164],[-71.0455,42.359825],[-71.045566,42.359733],[-71.049595,42.354497],[-71.05106,42.355131],[-71.050851,42.356671],[-71.052158,42.358666],[-71.053518,42.358356],[-71.055759,42.356913],[-71.05771,42.356777],[-71.058737,42.356988],[-71.05829,42.35741],[-71.06151,42.358336],[-71.062642,42.357977],[-71.062875,42.359483],[-71.062911,42.361229]]","1047","0 Ardale Street, Roslindale, Boston","[[-71.147752,42.286563],[-71.147746,42.286654],[-71.147322,42.287412],[-71.145124,42.288114],[-71.143052,42.288604],[-71.139746,42.291299],[-71.137305,42.293356],[-71.13601,42.294429],[-71.132978,42.296829],[-71.130068,42.298184],[-71.129326,42.296497],[-71.130606,42.294377],[-71.13055,42.293705],[-71.127596,42.291098],[-71.126396,42.290198],[-71.123125,42.293772],[-71.123077,42.293735],[-71.125604,42.290034],[-71.125814,42.288615],[-71.126312,42.288149],[-71.127045,42.28746],[-71.127659,42.287057],[-71.137424,42.286251],[-71.13933,42.286166],[-71.140547,42.286135],[-71.147775,42.285995],[-71.147752,42.286563]]","07/31/2016 - 08/28/2016, Every day, Daily Average",1586,1225,2051
"1116","Harborwalk, Waterfront, Boston","[[-71.062911,42.361229],[-71.061856,42.36243],[-71.058261,42.363697],[-71.057757,42.363616],[-71.056105,42.362402],[-71.05542,42.361957],[-71.054925,42.362046],[-71.053826,42.363303],[-71.052111,42.363676],[-71.051647,42.36311],[-71.0512,42.363712],[-71.05109,42.364175],[-71.046389,42.363935],[-71.045918,42.361164],[-71.0455,42.359825],[-71.045566,42.359733],[-71.049595,42.354497],[-71.05106,42.355131],[-71.050851,42.356671],[-71.052158,42.358666],[-71.053518,42.358356],[-71.055759,42.356913],[-71.05771,42.356777],[-71.058737,42.356988],[-71.05829,42.35741],[-71.06151,42.358336],[-71.062642,42.357977],[-71.062875,42.359483],[-71.062911,42.361229]]","1048","Airport Road Terminal C - Departure Level, East Boston, Boston","[[-71.034449,42.372711],[-71.032987,42.37279],[-71.027727,42.377211],[-71.025128,42.379753],[-71.021562,42.380143],[-71.016008,42.380919],[-71.013472,42.379547],[-71.013454,42.380871],[-71.011268,42.380653],[-71.002914,42.378534],[-71.000206,42.377754],[-70.999494,42.377648],[-70.997994,42.378197],[-70.993811,42.377122],[-70.995969,42.376404],[-70.99721,42.374209],[-70.997751,42.374522],[-70.999007,42.372294],[-70.998497,42.368221],[-70.998942,42.364762],[-70.999046,42.364765],[-70.999199,42.362975],[-70.996639,42.361557],[-70.993666,42.36253],[-70.986965,42.362586],[-70.98629,42.362196],[-70.985785,42.358285],[-70.985954,42.358274],[-70.98955,42.354495],[-70.99587,42.353255],[-70.998519,42.353824],[-70.998632,42.355326],[-71.000025,42.355716],[-71.001606,42.35541],[-71.002095,42.354325],[-71.00275,42.34979],[-71.006877,42.347039],[-71.007853,42.345204],[-71.008538,42.345196],[-71.016578,42.350386],[-71.018251,42.351841],[-71.023468,42.353999],[-71.02716,42.356075],[-71.026428,42.35726],[-71.027919,42.358002],[-71.026294,42.363845],[-71.028866,42.365751],[-71.033387,42.367734],[-71.030998,42.370043],[-71.033923,42.371932],[-71.034742,42.372461],[-71.034449,42.372711]]","07/31/2016 - 08/28/2016, Every day, Daily Average",313,189,517
"1116","Harborwalk, Waterfront, Boston","[[-71.062911,42.361229],[-71.061856,42.36243],[-71.058261,42.363697],[-71.057757,42.363616],[-71.056105,42.362402],[-71.05542,42.361957],[-71.054925,42.362046],[-71.053826,42.363303],[-71.052111,42.363676],[-71.051647,42.36311],[-71.0512,42.363712],[-71.05109,42.364175],[-71.046389,42.363935],[-71.045918,42.361164],[-71.0455,42.359825],[-71.045566,42.359733],[-71.049595,42.354497],[-71.05106,42.355131],[-71.050851,42.356671],[-71.052158,42.358666],[-71.053518,42.358356],[-71.055759,42.356913],[-71.05771,42.356777],[-71.058737,42.356988],[-71.05829,42.35741],[-71.06151,42.358336],[-71.062642,42.357977],[-71.062875,42.359483],[-71.062911,42.361229]]","1054","0 Old Common, Millbury","[[-71.834572,42.157256],[-71.825493,42.159977],[-71.825959,42.16582],[-71.831426,42.164353],[-71.810194,42.191491],[-71.796329,42.209236],[-71.797049,42.209978],[-71.783096,42.216131],[-71.783254,42.21376],[-71.779671,42.206491],[-71.776988,42.203142],[-71.774393,42.202109],[-71.770144,42.198344],[-71.765849,42.197949],[-71.763807,42.197048],[-71.762915,42.195765],[-71.762263,42.194869],[-71.765018,42.193398],[-71.765591,42.190879],[-71.764039,42.189277],[-71.76652,42.187594],[-71.763091,42.184081],[-71.760762,42.185926],[-71.758795,42.189274],[-71.755661,42.187701],[-71.752695,42.187164],[-71.746788,42.187336],[-71.751697,42.191369],[-71.75177,42.193029],[-71.741452,42.192347],[-71.738783,42.193021],[-71.734746,42.195318],[-71.730839,42.195735],[-71.724786,42.197365],[-71.723535,42.191484],[-71.733961,42.186775],[-71.733771,42.183504],[-71.740533,42.179206],[-71.744114,42.182505],[-71.757242,42.176678],[-71.75737,42.176627],[-71.783033,42.165347],[-71.786836,42.163676],[-71.829444,42.144928],[-71.824852,42.155332],[-71.83048,42.156082],[-71.834105,42.15499],[-71.834572,42.157256]]","07/31/2016 - 08/28/2016, Every day, Daily Average",3240,2288,4587
"1116","Harborwalk, Waterfront, Boston","[[-71.062911,42.361229],[-71.061856,42.36243],[-71.058261,42.363697],[-71.057757,42.363616],[-71.056105,42.362402],[-71.05542,42.361957],[-71.054925,42.362046],[-71.053826,42.363303],[-71.052111,42.363676],[-71.051647,42.36311],[-71.0512,42.363712],[-71.05109,42.364175],[-71.046389,42.363935],[-71.045918,42.361164],[-71.0455,42.359825],[-71.045566,42.359733],[-71.049595,42.354497],[-71.05106,42.355131],[-71.050851,42.356671],[-71.052158,42.358666],[-71.053518,42.358356],[-71.055759,42.356913],[-71.05771,42.356777],[-71.058737,42.356988],[-71.05829,42.35741],[-71.06151,42.358336],[-71.062642,42.357977],[-71.062875,42.359483],[-71.062911,42.361229]]","1056","0 Valley Road, Southborough","[[-71.537316,42.327969],[-71.516527,42.330336],[-71.511238,42.328805],[-71.508216,42.327928],[-71.486768,42.330075],[-71.486744,42.329937],[-71.485109,42.323164],[-71.485007,42.320994],[-71.485585,42.314076],[-71.486125,42.310885],[-71.489897,42.303655],[-71.493182,42.297282],[-71.497046,42.289829],[-71.499015,42.286062],[-71.499575,42.284992],[-71.505882,42.272938],[-71.506088,42.264423],[-71.50761,42.264026],[-71.510226,42.265234],[-71.513048,42.267148],[-71.515002,42.267704],[-71.519205,42.267544],[-71.522184,42.266444],[-71.522386,42.26643],[-71.52311,42.268652],[-71.522838,42.270841],[-71.525201,42.27815],[-71.526649,42.291667],[-71.527769,42.30176],[-71.52945,42.305807],[-71.531403,42.310338],[-71.531609,42.312873],[-71.530806,42.315783],[-71.530221,42.319511],[-71.530774,42.322555],[-71.531977,42.323896],[-71.537316,42.327969]]","07/31/2016 - 08/28/2016, Every day, Daily Average",2129,1634,2772
"1116","Harborwalk, Waterfront, Boston","[[-71.062911,42.361229],[-71.061856,42.36243],[-71.058261,42.363697],[-71.057757,42.363616],[-71.056105,42.362402],[-71.05542,42.361957],[-71.054925,42.362046],[-71.053826,42.363303],[-71.052111,42.363676],[-71.051647,42.36311],[-71.0512,42.363712],[-71.05109,42.364175],[-71.046389,42.363935],[-71.045918,42.361164],[-71.0455,42.359825],[-71.045566,42.359733],[-71.049595,42.354497],[-71.05106,42.355131],[-71.050851,42.356671],[-71.052158,42.358666],[-71.053518,42.358356],[-71.055759,42.356913],[-71.05771,42.356777],[-71.058737,42.356988],[-71.05829,42.35741],[-71.06151,42.358336],[-71.062642,42.357977],[-71.062875,42.359483],[-71.062911,42.361229]]","1062","0 Rantoul Street, Beverly","[[-70.890951,42.544284],[-70.889151,42.54625],[-70.888155,42.549696],[-70.886401,42.550633],[-70.884261,42.550377],[-70.883551,42.552168],[-70.87876,42.552062],[-70.878741,42.55187],[-70.877865,42.549729],[-70.878234,42.548997],[-70.87849,42.548664],[-70.880176,42.545811],[-70.875863,42.54336],[-70.878523,42.539441],[-70.880361,42.537369],[-70.887192,42.537943],[-70.887527,42.536382],[-70.8881,42.539],[-70.890294,42.539296],[-70.894394,42.540696],[-70.890951,42.544284]]","07/31/2016 - 08/28/2016, Every day, Daily Average",2212,1844,2652
"1116","Harborwalk, Waterfront, Boston","[[-71.062911,42.361229],[-71.061856,42.36243],[-71.058261,42.363697],[-71.057757,42.363616],[-71.056105,42.362402],[-71.05542,42.361957],[-71.054925,42.362046],[-71.053826,42.363303],[-71.052111,42.363676],[-71.051647,42.36311],[-71.0512,42.363712],[-71.05109,42.364175],[-71.046389,42.363935],[-71.045918,42.361164],[-71.0455,42.359825],[-71.045566,42.359733],[-71.049595,42.354497],[-71.05106,42.355131],[-71.050851,42.356671],[-71.052158,42.358666],[-71.053518,42.358356],[-71.055759,42.356913],[-71.05771,42.356777],[-71.058737,42.356988],[-71.05829,42.35741],[-71.06151,42.358336],[-71.062642,42.357977],[-71.062875,42.359483],[-71.062911,42.361229]]","1063","1000 Boston Road, Haverhill","[[-71.131395,42.772763],[-71.130029,42.774049],[-71.128306,42.774145],[-71.126213,42.773206],[-71.12452,42.770514],[-71.12248,42.768973],[-71.120786,42.768437],[-71.114212,42.76822],[-71.109886,42.766708],[-71.107382,42.764498],[-71.104904,42.763224],[-71.103702,42.76259],[-71.099602,42.76239],[-71.099506,42.758845],[-71.099692,42.758363],[-71.098613,42.758462],[-71.096874,42.75863],[-71.089339,42.760844],[-71.085169,42.763745],[-71.084262,42.761138],[-71.084943,42.759713],[-71.083759,42.758863],[-71.080636,42.758796],[-71.081375,42.756511],[-71.083918,42.752619],[-71.084244,42.752095],[-71.085079,42.747917],[-71.085163,42.742965],[-71.084182,42.736565],[-71.088064,42.736144],[-71.092467,42.737],[-71.097834,42.73522],[-71.108632,42.735281],[-71.112286,42.738322],[-71.114242,42.739991],[-71.115603,42.741191],[-71.115676,42.741945],[-71.116262,42.74389],[-71.119345,42.747575],[-71.122178,42.750091],[-71.125581,42.752044],[-71.127588,42.75467],[-71.130463,42.759726],[-71.130645,42.76085],[-71.129745,42.765937],[-71.131603,42.770746],[-71.131395,42.772763]]","07/31/2016 - 08/28/2016, Every day, Daily Average",2145,1710,2689
"1116","Harborwalk, Waterfront, Boston","[[-71.062911,42.361229],[-71.061856,42.36243],[-71.058261,42.363697],[-71.057757,42.363616],[-71.056105,42.362402],[-71.05542,42.361957],[-71.054925,42.362046],[-71.053826,42.363303],[-71.052111,42.363676],[-71.051647,42.36311],[-71.0512,42.363712],[-71.05109,42.364175],[-71.046389,42.363935],[-71.045918,42.361164],[-71.0455,42.359825],[-71.045566,42.359733],[-71.049595,42.354497],[-71.05106,42.355131],[-71.050851,42.356671],[-71.052158,42.358666],[-71.053518,42.358356],[-71.055759,42.356913],[-71.05771,42.356777],[-71.058737,42.356988],[-71.05829,42.35741],[-71.06151,42.358336],[-71.062642,42.357977],[-71.062875,42.359483],[-71.062911,42.361229]]","1064","0 Glen Forest Lane, Methuen","[[-71.210476,42.704451],[-71.20908,42.705527],[-71.204289,42.706688],[-71.205402,42.707891],[-71.20308,42.709691],[-71.197126,42.714529],[-71.196861,42.715191],[-71.196711,42.714526],[-71.196885,42.712522],[-71.194205,42.709362],[-71.190924,42.71074],[-71.190258,42.704625],[-71.189269,42.69852],[-71.188858,42.696247],[-71.193246,42.698132],[-71.203418,42.699076],[-71.209942,42.70062],[-71.210476,42.704451]]","07/31/2016 - 08/28/2016, Every day, Daily Average",1610,1319,1964
"1116","Harborwalk, Waterfront, Boston","[[-71.062911,42.361229],[-71.061856,42.36243],[-71.058261,42.363697],[-71.057757,42.363616],[-71.056105,42.362402],[-71.05542,42.361957],[-71.054925,42.362046],[-71.053826,42.363303],[-71.052111,42.363676],[-71.051647,42.36311],[-71.0512,42.363712],[-71.05109,42.364175],[-71.046389,42.363935],[-71.045918,42.361164],[-71.0455,42.359825],[-71.045566,42.359733],[-71.049595,42.354497],[-71.05106,42.355131],[-71.050851,42.356671],[-71.052158,42.358666],[-71.053518,42.358356],[-71.055759,42.356913],[-71.05771,42.356777],[-71.058737,42.356988],[-71.05829,42.35741],[-71.06151,42.358336],[-71.062642,42.357977],[-71.062875,42.359483],[-71.062911,42.361229]]","1065","0 Volk Road, Dedham","[[-71.197011,42.268965],[-71.188719,42.27991],[-71.188167,42.280412],[-71.187231,42.280064],[-71.185246,42.279513],[-71.183701,42.275615],[-71.177587,42.276595],[-71.174565,42.275576],[-71.174847,42.273729],[-71.174555,42.272881],[-71.173288,42.270906],[-71.17458,42.267824],[-71.171019,42.265118],[-71.168627,42.263081],[-71.167224,42.262055],[-71.163427,42.258927],[-71.163099,42.2588],[-71.161574,42.257546],[-71.164631,42.255126],[-71.166399,42.256172],[-71.171033,42.254966],[-71.171657,42.252904],[-71.172665,42.25291],[-71.176277,42.25259],[-71.178185,42.251486],[-71.179822,42.252576],[-71.181272,42.254489],[-71.183263,42.25458],[-71.18409,42.257109],[-71.18561,42.257577],[-71.188095,42.256776],[-71.190057,42.257724],[-71.188149,42.259903],[-71.189007,42.260853],[-71.190429,42.2608],[-71.190765,42.259429],[-71.191934,42.259095],[-71.191776,42.260344],[-71.192981,42.261448],[-71.191452,42.263001],[-71.189822,42.26281],[-71.191356,42.26564],[-71.190859,42.266318],[-71.189555,42.265129],[-71.189381,42.266784],[-71.19128,42.268176],[-71.189851,42.268339],[-71.189683,42.270714],[-71.190831,42.270802],[-71.195555,42.269765],[-71.197011,42.268965]]","07/31/2016 - 08/28/2016, Every day, Daily Average",2166,1683,2786
"1116","Harborwalk, Waterfront, Boston","[[-71.062911,42.361229],[-71.061856,42.36243],[-71.058261,42.363697],[-71.057757,42.363616],[-71.056105,42.362402],[-71.05542,42.361957],[-71.054925,42.362046],[-71.053826,42.363303],[-71.052111,42.363676],[-71.051647,42.36311],[-71.0512,42.363712],[-71.05109,42.364175],[-71.046389,42.363935],[-71.045918,42.361164],[-71.0455,42.359825],[-71.045566,42.359733],[-71.049595,42.354497],[-71.05106,42.355131],[-71.050851,42.356671],[-71.052158,42.358666],[-71.053518,42.358356],[-71.055759,42.356913],[-71.05771,42.356777],[-71.058737,42.356988],[-71.05829,42.35741],[-71.06151,42.358336],[-71.062642,42.357977],[-71.062875,42.359483],[-71.062911,42.361229]]","1066","0 Warner Trail Road, Wrentham","[[-71.35093,42.04645],[-71.34978,42.04792],[-71.33888,42.05558],[-71.33491,42.05952],[-71.33288,42.06253],[-71.32785,42.06687],[-71.31008,42.08111],[-71.30745,42.08384],[-71.30375,42.086961],[-71.285131,42.08241],[-71.287707,42.076933],[-71.28756,42.073894],[-71.287099,42.063707],[-71.289424,42.059136],[-71.289083,42.045041],[-71.304451,42.040674],[-71.305379,42.040462],[-71.31405,42.037978],[-71.318427,42.038179],[-71.32623,42.0382],[-71.32973,42.03851],[-71.33556,42.03954],[-71.34276,42.0401],[-71.34702,42.04065],[-71.35084,42.04153],[-71.356932,42.043983],[-71.35093,42.04645]]","07/31/2016 - 08/28/2016, Every day, Daily Average",2666,2064,3442
"1116","Harborwalk, Waterfront, Boston","[[-71.062911,42.361229],[-71.061856,42.36243],[-71.058261,42.363697],[-71.057757,42.363616],[-71.056105,42.362402],[-71.05542,42.361957],[-71.054925,42.362046],[-71.053826,42.363303],[-71.052111,42.363676],[-71.051647,42.36311],[-71.0512,42.363712],[-71.05109,42.364175],[-71.046389,42.363935],[-71.045918,42.361164],[-71.0455,42.359825],[-71.045566,42.359733],[-71.049595,42.354497],[-71.05106,42.355131],[-71.050851,42.356671],[-71.052158,42.358666],[-71.053518,42.358356],[-71.055759,42.356913],[-71.05771,42.356777],[-71.058737,42.356988],[-71.05829,42.35741],[-71.06151,42.358336],[-71.062642,42.357977],[-71.062875,42.359483],[-71.062911,42.361229]]","1068","1300 Bennington Street, East Boston, Boston","[[-70.999388,42.388331],[-70.995347,42.389362],[-70.996729,42.390291],[-70.994454,42.393316],[-70.987974,42.392817],[-70.987289,42.388734],[-70.986053,42.388116],[-70.986621,42.387138],[-70.988281,42.387107],[-70.994239,42.384647],[-70.994681,42.382709],[-71.00076,42.384512],[-71.000018,42.385629],[-70.996423,42.384351],[-70.995645,42.385088],[-71.001134,42.387097],[-70.999388,42.388331]]","07/31/2016 - 08/28/2016, Every day, Daily Average",748,509,1098
"1116","Harborwalk, Waterfront, Boston","[[-71.062911,42.361229],[-71.061856,42.36243],[-71.058261,42.363697],[-71.057757,42.363616],[-71.056105,42.362402],[-71.05542,42.361957],[-71.054925,42.362046],[-71.053826,42.363303],[-71.052111,42.363676],[-71.051647,42.36311],[-71.0512,42.363712],[-71.05109,42.364175],[-71.046389,42.363935],[-71.045918,42.361164],[-71.0455,42.359825],[-71.045566,42.359733],[-71.049595,42.354497],[-71.05106,42.355131],[-71.050851,42.356671],[-71.052158,42.358666],[-71.053518,42.358356],[-71.055759,42.356913],[-71.05771,42.356777],[-71.058737,42.356988],[-71.05829,42.35741],[-71.06151,42.358336],[-71.062642,42.357977],[-71.062875,42.359483],[-71.062911,42.361229]]","1075","0 Oakview Terrace, Jamaica Plain, Boston","[[-71.111669,42.31954],[-71.110693,42.320753],[-71.110319,42.32191],[-71.108452,42.322389],[-71.106788,42.321156],[-71.105131,42.319278],[-71.105795,42.318404],[-71.106673,42.317268],[-71.107236,42.316377],[-71.110121,42.316584],[-71.112764,42.317917],[-71.111669,42.31954]]","07/31/2016 - 08/28/2016, Every day, Daily Average",1262,969,1643
"1116","Harborwalk, Waterfront, Boston","[[-71.062911,42.361229],[-71.061856,42.36243],[-71.058261,42.363697],[-71.057757,42.363616],[-71.056105,42.362402],[-71.05542,42.361957],[-71.054925,42.362046],[-71.053826,42.363303],[-71.052111,42.363676],[-71.051647,42.36311],[-71.0512,42.363712],[-71.05109,42.364175],[-71.046389,42.363935],[-71.045918,42.361164],[-71.0455,42.359825],[-71.045566,42.359733],[-71.049595,42.354497],[-71.05106,42.355131],[-71.050851,42.356671],[-71.052158,42.358666],[-71.053518,42.358356],[-71.055759,42.356913],[-71.05771,42.356777],[-71.058737,42.356988],[-71.05829,42.35741],[-71.06151,42.358336],[-71.062642,42.357977],[-71.062875,42.359483],[-71.062911,42.361229]]","1077","400 Moody Street, South Side, Waltham","[[-71.243681,42.368847],[-71.240963,42.371649],[-71.236581,42.373153],[-71.236609,42.373008],[-71.23484,42.37248],[-71.233116,42.37284],[-71.231322,42.370472],[-71.233716,42.371018],[-71.234277,42.368309],[-71.234486,42.367395],[-71.234945,42.365992],[-71.238121,42.365847],[-71.240901,42.36637],[-71.243136,42.366801],[-71.242436,42.368458],[-71.243681,42.368847]]","07/31/2016 - 08/28/2016, Every day, Daily Average",1542,1233,1928
"1116","Harborwalk, Waterfront, Boston","[[-71.062911,42.361229],[-71.061856,42.36243],[-71.058261,42.363697],[-71.057757,42.363616],[-71.056105,42.362402],[-71.05542,42.361957],[-71.054925,42.362046],[-71.053826,42.363303],[-71.052111,42.363676],[-71.051647,42.36311],[-71.0512,42.363712],[-71.05109,42.364175],[-71.046389,42.363935],[-71.045918,42.361164],[-71.0455,42.359825],[-71.045566,42.359733],[-71.049595,42.354497],[-71.05106,42.355131],[-71.050851,42.356671],[-71.052158,42.358666],[-71.053518,42.358356],[-71.055759,42.356913],[-71.05771,42.356777],[-71.058737,42.356988],[-71.05829,42.35741],[-71.06151,42.358336],[-71.062642,42.357977],[-71.062875,42.359483],[-71.062911,42.361229]]","1078","0 Wellesley Street, South Medford, Medford","[[-71.113384,42.410519],[-71.110122,42.41031],[-71.109157,42.408113],[-71.108887,42.407472],[-71.108239,42.40584],[-71.107927,42.405129],[-71.107587,42.404324],[-71.106883,42.402857],[-71.105934,42.401798],[-71.104466,42.400684],[-71.09955,42.397075],[-71.100514,42.396226],[-71.10178,42.396649],[-71.104463,42.39758],[-71.11075,42.399703],[-71.11401,42.400988],[-71.114894,42.40218],[-71.113229,42.403044],[-71.11644,42.407323],[-71.113384,42.410519]]","07/31/2016 - 08/28/2016, Every day, Daily Average",881,610,1271
"1116","Harborwalk, Waterfront, Boston","[[-71.062911,42.361229],[-71.061856,42.36243],[-71.058261,42.363697],[-71.057757,42.363616],[-71.056105,42.362402],[-71.05542,42.361957],[-71.054925,42.362046],[-71.053826,42.363303],[-71.052111,42.363676],[-71.051647,42.36311],[-71.0512,42.363712],[-71.05109,42.364175],[-71.046389,42.363935],[-71.045918,42.361164],[-71.0455,42.359825],[-71.045566,42.359733],[-71.049595,42.354497],[-71.05106,42.355131],[-71.050851,42.356671],[-71.052158,42.358666],[-71.053518,42.358356],[-71.055759,42.356913],[-71.05771,42.356777],[-71.058737,42.356988],[-71.05829,42.35741],[-71.06151,42.358336],[-71.062642,42.357977],[-71.062875,42.359483],[-71.062911,42.361229]]","1079","0 Brent Road, Lexington","[[-71.262445,42.474923],[-71.261515,42.476246],[-71.256553,42.478559],[-71.251986,42.485015],[-71.244171,42.488536],[-71.24089,42.490033],[-71.223204,42.475395],[-71.213376,42.467286],[-71.212245,42.466349],[-71.21468,42.464436],[-71.215007,42.461815],[-71.21344,42.460054],[-71.214439,42.46012],[-71.215474,42.45796],[-71.217549,42.455505],[-71.218358,42.452084],[-71.220405,42.450625],[-71.219938,42.449147],[-71.220621,42.446322],[-71.222007,42.446803],[-71.227587,42.448479],[-71.230047,42.45042],[-71.230723,42.453518],[-71.231911,42.45891],[-71.230436,42.459835],[-71.230953,42.461814],[-71.232779,42.463431],[-71.232113,42.465208],[-71.232831,42.4685],[-71.235462,42.471561],[-71.237629,42.472986],[-71.24118,42.472166],[-71.244906,42.47027],[-71.246745,42.472463],[-71.251997,42.47663],[-71.254981,42.475668],[-71.261058,42.473285],[-71.263299,42.473587],[-71.262445,42.474923]]","07/31/2016 - 08/28/2016, Every day, Daily Average",1479,1120,1952
"1116","Harborwalk, Waterfront, Boston","[[-71.062911,42.361229],[-71.061856,42.36243],[-71.058261,42.363697],[-71.057757,42.363616],[-71.056105,42.362402],[-71.05542,42.361957],[-71.054925,42.362046],[-71.053826,42.363303],[-71.052111,42.363676],[-71.051647,42.36311],[-71.0512,42.363712],[-71.05109,42.364175],[-71.046389,42.363935],[-71.045918,42.361164],[-71.0455,42.359825],[-71.045566,42.359733],[-71.049595,42.354497],[-71.05106,42.355131],[-71.050851,42.356671],[-71.052158,42.358666],[-71.053518,42.358356],[-71.055759,42.356913],[-71.05771,42.356777],[-71.058737,42.356988],[-71.05829,42.35741],[-71.06151,42.358336],[-71.062642,42.357977],[-71.062875,42.359483],[-71.062911,42.361229]]","1080","0 Teaberry Lane, Braintree","[[-71.02202,42.170559],[-71.019211,42.178025],[-71.018398,42.179224],[-71.011941,42.184199],[-71.008151,42.186793],[-71.00851,42.18606],[-70.99625,42.1833],[-70.99162,42.1866],[-70.98638,42.18877],[-70.985756,42.191282],[-70.984644,42.194112],[-70.98518,42.1997],[-70.98485,42.20321],[-70.971719,42.199877],[-70.973636,42.18719],[-70.973665,42.186992],[-70.974062,42.184339],[-70.976565,42.168331],[-71.002723,42.16836],[-71.006386,42.168309],[-71.007024,42.168405],[-71.021656,42.168987],[-71.02202,42.170559]]","07/31/2016 - 08/28/2016, Every day, Daily Average",1357,951,1934
"1116","Harborwalk, Waterfront, Boston","[[-71.062911,42.361229],[-71.061856,42.36243],[-71.058261,42.363697],[-71.057757,42.363616],[-71.056105,42.362402],[-71.05542,42.361957],[-71.054925,42.362046],[-71.053826,42.363303],[-71.052111,42.363676],[-71.051647,42.36311],[-71.0512,42.363712],[-71.05109,42.364175],[-71.046389,42.363935],[-71.045918,42.361164],[-71.0455,42.359825],[-71.045566,42.359733],[-71.049595,42.354497],[-71.05106,42.355131],[-71.050851,42.356671],[-71.052158,42.358666],[-71.053518,42.358356],[-71.055759,42.356913],[-71.05771,42.356777],[-71.058737,42.356988],[-71.05829,42.35741],[-71.06151,42.358336],[-71.062642,42.357977],[-71.062875,42.359483],[-71.062911,42.361229]]","1084","100 Main Street, Sandwich, Sandwich","[[-70.523281,41.768193],[-70.520661,41.771345],[-70.520331,41.773638],[-70.519678,41.787582],[-70.51946,41.792814],[-70.517411,41.790953],[-70.517315,41.790899],[-70.494727,41.778352],[-70.494519,41.778237],[-70.494365,41.776812],[-70.494354,41.776709],[-70.494224,41.775507],[-70.494048,41.773883],[-70.475713,41.763842],[-70.479623,41.763112],[-70.479704,41.762248],[-70.477066,41.760253],[-70.478471,41.758672],[-70.480427,41.757704],[-70.480495,41.755094],[-70.482093,41.754193],[-70.482504,41.749789],[-70.483484,41.743621],[-70.486316,41.743394],[-70.488893,41.745],[-70.494647,41.742996],[-70.493668,41.741422],[-70.492998,41.739131],[-70.495998,41.739272],[-70.500485,41.739839],[-70.504509,41.741001],[-70.507921,41.742584],[-70.51123,41.744908],[-70.512743,41.746359],[-70.516284,41.751072],[-70.518852,41.753677],[-70.522312,41.756151],[-70.526214,41.758131],[-70.523281,41.768193]]","07/31/2016 - 08/28/2016, Every day, Daily Average",4211,3266,5429
"1116","Harborwalk, Waterfront, Boston","[[-71.062911,42.361229],[-71.061856,42.36243],[-71.058261,42.363697],[-71.057757,42.363616],[-71.056105,42.362402],[-71.05542,42.361957],[-71.054925,42.362046],[-71.053826,42.363303],[-71.052111,42.363676],[-71.051647,42.36311],[-71.0512,42.363712],[-71.05109,42.364175],[-71.046389,42.363935],[-71.045918,42.361164],[-71.0455,42.359825],[-71.045566,42.359733],[-71.049595,42.354497],[-71.05106,42.355131],[-71.050851,42.356671],[-71.052158,42.358666],[-71.053518,42.358356],[-71.055759,42.356913],[-71.05771,42.356777],[-71.058737,42.356988],[-71.05829,42.35741],[-71.06151,42.358336],[-71.062642,42.357977],[-71.062875,42.359483],[-71.062911,42.361229]]","1089","200 Buck Knoll Road, Raynham","[[-71.076574,41.922823],[-71.07393,41.921743],[-71.06813,41.921599],[-71.063638,41.924093],[-71.06223,41.928833],[-71.062935,41.932271],[-71.063772,41.93352],[-71.05295,41.939746],[-71.051098,41.943358],[-71.045709,41.947152],[-71.044887,41.948916],[-71.044615,41.956322],[-71.042627,41.959516],[-71.021046,41.946407],[-71.017616,41.944451],[-71.010005,41.939655],[-70.999946,41.929874],[-70.999705,41.929592],[-70.996804,41.927404],[-70.995638,41.92551],[-70.996438,41.923778],[-70.997176,41.919287],[-70.996912,41.916356],[-70.995448,41.915102],[-70.99398,41.915934],[-70.993459,41.916222],[-70.992198,41.915983],[-70.991645,41.914966],[-70.990826,41.910873],[-70.990916,41.908854],[-70.991602,41.907365],[-70.992864,41.906438],[-70.993738,41.905813],[-70.99395,41.905217],[-70.995871,41.903249],[-70.996966,41.900801],[-70.999705,41.896908],[-70.994453,41.897036],[-70.99363,41.894349],[-70.993725,41.891119],[-70.992113,41.889738],[-70.994983,41.885107],[-70.997727,41.884238],[-71.003479,41.883065],[-71.003455,41.885032],[-71.005839,41.885192],[-71.00862,41.890511],[-71.011875,41.890044],[-71.013428,41.892421],[-71.017782,41.889358],[-71.019882,41.889341],[-71.021762,41.888855],[-71.023544,41.887067],[-71.025457,41.886293],[-71.030025,41.886026],[-71.032082,41.886736],[-71.033778,41.886364],[-71.037615,41.88341],[-71.03777,41.885205],[-71.038729,41.885771],[-71.041074,41.8853],[-71.041983,41.884086],[-71.043245,41.884809],[-71.04253,41.886255],[-71.044554,41.885364],[-71.047912,41.886943],[-71.04868,41.889059],[-71.046861,41.891033],[-71.044768,41.891492],[-71.047241,41.893477],[-71.044763,41.895073],[-71.04347,41.894043],[-71.041711,41.895121],[-71.044288,41.897588],[-71.045453,41.899741],[-71.045309,41.901749],[-71.048406,41.904762],[-71.053887,41.904603],[-71.054316,41.902541],[-71.055939,41.901172],[-71.057462,41.902141],[-71.063423,41.903327],[-71.063654,41.903611],[-71.07958,41.92302],[-71.076574,41.922823]]","07/31/2016 - 08/28/2016, Every day, Daily Average",2578,1978,3358
"1116","Harborwalk, Waterfront, Boston","[[-71.062911,42.361229],[-71.061856,42.36243],[-71.058261,42.363697],[-71.057757,42.363616],[-71.056105,42.362402],[-71.05542,42.361957],[-71.054925,42.362046],[-71.053826,42.363303],[-71.052111,42.363676],[-71.051647,42.36311],[-71.0512,42.363712],[-71.05109,42.364175],[-71.046389,42.363935],[-71.045918,42.361164],[-71.0455,42.359825],[-71.045566,42.359733],[-71.049595,42.354497],[-71.05106,42.355131],[-71.050851,42.356671],[-71.052158,42.358666],[-71.053518,42.358356],[-71.055759,42.356913],[-71.05771,42.356777],[-71.058737,42.356988],[-71.05829,42.35741],[-71.06151,42.358336],[-71.062642,42.357977],[-71.062875,42.359483],[-71.062911,42.361229]]","1094","0 Sherbrook Place, Lynn","[[-70.975158,42.47969],[-70.972447,42.481457],[-70.971626,42.481627],[-70.969548,42.48283],[-70.969165,42.48352],[-70.968877,42.485188],[-70.964918,42.486982],[-70.967992,42.488789],[-70.971279,42.48888],[-70.972898,42.48797],[-70.974594,42.489895],[-70.971734,42.49124],[-70.972057,42.491651],[-70.970022,42.496365],[-70.96892,42.497675],[-70.967863,42.497055],[-70.965353,42.498609],[-70.964584,42.500396],[-70.959531,42.497834],[-70.95714,42.496528],[-70.950858,42.49498],[-70.951196,42.490696],[-70.950378,42.487948],[-70.95093,42.487645],[-70.950767,42.485432],[-70.952248,42.485102],[-70.95547,42.487262],[-70.960073,42.487193],[-70.960421,42.486093],[-70.960273,42.485013],[-70.963685,42.483193],[-70.96403,42.48278],[-70.964899,42.481676],[-70.967328,42.480253],[-70.970304,42.478766],[-70.973019,42.477384],[-70.975158,42.47969]]","07/31/2016 - 08/28/2016, Every day, Daily Average",1804,1363,2387
"1116","Harborwalk, Waterfront, Boston","[[-71.062911,42.361229],[-71.061856,42.36243],[-71.058261,42.363697],[-71.057757,42.363616],[-71.056105,42.362402],[-71.05542,42.361957],[-71.054925,42.362046],[-71.053826,42.363303],[-71.052111,42.363676],[-71.051647,42.36311],[-71.0512,42.363712],[-71.05109,42.364175],[-71.046389,42.363935],[-71.045918,42.361164],[-71.0455,42.359825],[-71.045566,42.359733],[-71.049595,42.354497],[-71.05106,42.355131],[-71.050851,42.356671],[-71.052158,42.358666],[-71.053518,42.358356],[-71.055759,42.356913],[-71.05771,42.356777],[-71.058737,42.356988],[-71.05829,42.35741],[-71.06151,42.358336],[-71.062642,42.357977],[-71.062875,42.359483],[-71.062911,42.361229]]","1095","0 Oxford Street, Lynn","[[-70.949177,42.466837],[-70.946917,42.466782],[-70.942945,42.468115],[-70.944228,42.468997],[-70.945443,42.46974],[-70.943729,42.471385],[-70.941639,42.469116],[-70.938586,42.470231],[-70.937551,42.468731],[-70.939004,42.468001],[-70.937838,42.466611],[-70.938822,42.466156],[-70.939825,42.46568],[-70.941729,42.464736],[-70.943772,42.463796],[-70.944937,42.463234],[-70.947352,42.462068],[-70.949684,42.463357],[-70.948505,42.464411],[-70.948059,42.464827],[-70.949871,42.46579],[-70.949177,42.466837]]","07/31/2016 - 08/28/2016, Every day, Daily Average",1714,1357,2164
"1116","Harborwalk, Waterfront, Boston","[[-71.062911,42.361229],[-71.061856,42.36243],[-71.058261,42.363697],[-71.057757,42.363616],[-71.056105,42.362402],[-71.05542,42.361957],[-71.054925,42.362046],[-71.053826,42.363303],[-71.052111,42.363676],[-71.051647,42.36311],[-71.0512,42.363712],[-71.05109,42.364175],[-71.046389,42.363935],[-71.045918,42.361164],[-71.0455,42.359825],[-71.045566,42.359733],[-71.049595,42.354497],[-71.05106,42.355131],[-71.050851,42.356671],[-71.052158,42.358666],[-71.053518,42.358356],[-71.055759,42.356913],[-71.05771,42.356777],[-71.058737,42.356988],[-71.05829,42.35741],[-71.06151,42.358336],[-71.062642,42.357977],[-71.062875,42.359483],[-71.062911,42.361229]]","1096","400 Cabot Street, Beverly","[[-70.894365,42.570319],[-70.893207,42.571959],[-70.891261,42.570025],[-70.885394,42.570904],[-70.885021,42.575272],[-70.881239,42.575147],[-70.880744,42.574784],[-70.878448,42.569682],[-70.879193,42.563403],[-70.878017,42.564239],[-70.874506,42.560473],[-70.87797,42.559109],[-70.880313,42.557787],[-70.878622,42.557071],[-70.878209,42.55612],[-70.87876,42.552062],[-70.883551,42.552168],[-70.884261,42.550377],[-70.886401,42.550633],[-70.888155,42.549696],[-70.886967,42.550612],[-70.88667,42.553005],[-70.888995,42.555198],[-70.88884,42.556676],[-70.888461,42.557873],[-70.889439,42.560099],[-70.892162,42.561289],[-70.893919,42.564821],[-70.894156,42.567443],[-70.894365,42.570319]]","07/31/2016 - 08/28/2016, Every day, Daily Average",2025,1633,2510
"1116","Harborwalk, Waterfront, Boston","[[-71.062911,42.361229],[-71.061856,42.36243],[-71.058261,42.363697],[-71.057757,42.363616],[-71.056105,42.362402],[-71.05542,42.361957],[-71.054925,42.362046],[-71.053826,42.363303],[-71.052111,42.363676],[-71.051647,42.36311],[-71.0512,42.363712],[-71.05109,42.364175],[-71.046389,42.363935],[-71.045918,42.361164],[-71.0455,42.359825],[-71.045566,42.359733],[-71.049595,42.354497],[-71.05106,42.355131],[-71.050851,42.356671],[-71.052158,42.358666],[-71.053518,42.358356],[-71.055759,42.356913],[-71.05771,42.356777],[-71.058737,42.356988],[-71.05829,42.35741],[-71.06151,42.358336],[-71.062642,42.357977],[-71.062875,42.359483],[-71.062911,42.361229]]","1099","0 Station Street, Brookline","[[-71.12052,42.33597],[-71.118251,42.33708],[-71.11372,42.33573],[-71.11169,42.33474],[-71.111488,42.334591],[-71.112445,42.333642],[-71.115079,42.328486],[-71.11834,42.32935],[-71.11778,42.33119],[-71.11775,42.33153],[-71.11774,42.33161],[-71.11749,42.33165],[-71.118223,42.332249],[-71.11874,42.33321],[-71.11932,42.33484],[-71.12052,42.33597]]","07/31/2016 - 08/28/2016, Every day, Daily Average",1196,856,1669
"1116","Harborwalk, Waterfront, Boston","[[-71.062911,42.361229],[-71.061856,42.36243],[-71.058261,42.363697],[-71.057757,42.363616],[-71.056105,42.362402],[-71.05542,42.361957],[-71.054925,42.362046],[-71.053826,42.363303],[-71.052111,42.363676],[-71.051647,42.36311],[-71.0512,42.363712],[-71.05109,42.364175],[-71.046389,42.363935],[-71.045918,42.361164],[-71.0455,42.359825],[-71.045566,42.359733],[-71.049595,42.354497],[-71.05106,42.355131],[-71.050851,42.356671],[-71.052158,42.358666],[-71.053518,42.358356],[-71.055759,42.356913],[-71.05771,42.356777],[-71.058737,42.356988],[-71.05829,42.35741],[-71.06151,42.358336],[-71.062642,42.357977],[-71.062875,42.359483],[-71.062911,42.361229]]","1100","0 Lowell Street, Andover, Andover","[[-71.17401,42.671161],[-71.173873,42.671811],[-71.172209,42.674469],[-71.172135,42.675046],[-71.17209,42.675708],[-71.172533,42.678081],[-71.165722,42.679245],[-71.160911,42.680054],[-71.15104,42.681655],[-71.149994,42.681346],[-71.134529,42.676837],[-71.134444,42.676813],[-71.128827,42.67445],[-71.127504,42.672689],[-71.126835,42.671815],[-71.130127,42.666111],[-71.130774,42.665456],[-71.135005,42.662698],[-71.136593,42.66318],[-71.142006,42.662563],[-71.14472,42.662706],[-71.147976,42.661454],[-71.149996,42.65933],[-71.153346,42.659851],[-71.166479,42.660477],[-71.173879,42.668543],[-71.17401,42.671161]]","07/31/2016 - 08/28/2016, Every day, Daily Average",1716,1353,2174
"1116","Harborwalk, Waterfront, Boston","[[-71.062911,42.361229],[-71.061856,42.36243],[-71.058261,42.363697],[-71.057757,42.363616],[-71.056105,42.362402],[-71.05542,42.361957],[-71.054925,42.362046],[-71.053826,42.363303],[-71.052111,42.363676],[-71.051647,42.36311],[-71.0512,42.363712],[-71.05109,42.364175],[-71.046389,42.363935],[-71.045918,42.361164],[-71.0455,42.359825],[-71.045566,42.359733],[-71.049595,42.354497],[-71.05106,42.355131],[-71.050851,42.356671],[-71.052158,42.358666],[-71.053518,42.358356],[-71.055759,42.356913],[-71.05771,42.356777],[-71.058737,42.356988],[-71.05829,42.35741],[-71.06151,42.358336],[-71.062642,42.357977],[-71.062875,42.359483],[-71.062911,42.361229]]","1101","0 Hay Street, Newbury","[[-70.963363,42.765357],[-70.959624,42.766361],[-70.958291,42.765652],[-70.956828,42.767088],[-70.952696,42.768989],[-70.951699,42.768861],[-70.94655,42.771838],[-70.942417,42.774846],[-70.933611,42.778735],[-70.929259,42.7798],[-70.92625,42.781026],[-70.917423,42.787495],[-70.905122,42.797441],[-70.898036,42.79836],[-70.897221,42.797081],[-70.893668,42.794938],[-70.890814,42.794305],[-70.87778,42.797378],[-70.875466,42.797951],[-70.874836,42.798078],[-70.868358,42.799967],[-70.863071,42.801518],[-70.841045,42.795908],[-70.835018,42.798802],[-70.820792,42.80563],[-70.8082,42.811552],[-70.80522,42.781798],[-70.795024,42.753174],[-70.8095,42.750091],[-70.820256,42.750843],[-70.823676,42.751547],[-70.829638,42.750473],[-70.83096,42.75113],[-70.831111,42.753567],[-70.832884,42.75409],[-70.835228,42.752176],[-70.838315,42.750803],[-70.839986,42.75224],[-70.842615,42.750367],[-70.84655,42.749909],[-70.848176,42.751613],[-70.848463,42.752968],[-70.851016,42.753092],[-70.855363,42.750135],[-70.86113,42.749037],[-70.864814,42.748915],[-70.86959,42.748763],[-70.872732,42.75035],[-70.875506,42.748823],[-70.876121,42.74764],[-70.877384,42.748915],[-70.879702,42.747668],[-70.881168,42.751301],[-70.882248,42.751207],[-70.88281,42.749837],[-70.884434,42.748837],[-70.884991,42.74754],[-70.886035,42.748464],[-70.88905,42.749556],[-70.890426,42.74899],[-70.889063,42.747998],[-70.889762,42.747156],[-70.891172,42.748028],[-70.893251,42.747611],[-70.891372,42.745579],[-70.891598,42.74477],[-70.894552,42.744312],[-70.893882,42.745328],[-70.894715,42.747035],[-70.895823,42.747167],[-70.89706,42.743589],[-70.898748,42.742399],[-70.922321,42.735299],[-70.924125,42.735992],[-70.930737,42.738557],[-70.942492,42.744515],[-70.947114,42.746832],[-70.947563,42.747014],[-70.959693,42.753833],[-70.967169,42.758326],[-70.963363,42.765357]]","07/31/2016 - 08/28/2016, Every day, Daily Average",2579,2057,3231
"1116","Harborwalk, Waterfront, Boston","[[-71.062911,42.361229],[-71.061856,42.36243],[-71.058261,42.363697],[-71.057757,42.363616],[-71.056105,42.362402],[-71.05542,42.361957],[-71.054925,42.362046],[-71.053826,42.363303],[-71.052111,42.363676],[-71.051647,42.36311],[-71.0512,42.363712],[-71.05109,42.364175],[-71.046389,42.363935],[-71.045918,42.361164],[-71.0455,42.359825],[-71.045566,42.359733],[-71.049595,42.354497],[-71.05106,42.355131],[-71.050851,42.356671],[-71.052158,42.358666],[-71.053518,42.358356],[-71.055759,42.356913],[-71.05771,42.356777],[-71.058737,42.356988],[-71.05829,42.35741],[-71.06151,42.358336],[-71.062642,42.357977],[-71.062875,42.359483],[-71.062911,42.361229]]","1102","0 Greenlodge Street, Dedham","[[-71.154967,42.197044],[-71.152002,42.198948],[-71.146366,42.204373],[-71.145784,42.206224],[-71.148112,42.205571],[-71.147997,42.20958],[-71.14597,42.209247],[-71.14479,42.209747],[-71.146206,42.211162],[-71.142678,42.211488],[-71.143553,42.212992],[-71.142002,42.214074],[-71.143555,42.215135],[-71.143129,42.216858],[-71.141274,42.218104],[-71.142148,42.218978],[-71.141861,42.220913],[-71.140033,42.22308],[-71.14113,42.223617],[-71.139239,42.22422],[-71.139473,42.225636],[-71.137497,42.225748],[-71.137169,42.226755],[-71.134822,42.227027],[-71.134534,42.227754],[-71.131586,42.22725],[-71.131322,42.228256],[-71.130808,42.22788],[-71.130201,42.227383],[-71.10293,42.200681],[-71.088928,42.186552],[-71.09502,42.18583],[-71.10053,42.18235],[-71.10529,42.1814],[-71.11176,42.182],[-71.11401,42.18153],[-71.121431,42.17922],[-71.12919,42.17637],[-71.131412,42.176495],[-71.13187,42.17615],[-71.13612,42.17381],[-71.13829,42.17279],[-71.14076,42.17529],[-71.14742,42.18417],[-71.14793,42.187179],[-71.15018,42.19127],[-71.15335,42.195591],[-71.154967,42.197044]]","07/31/2016 - 08/28/2016, Every day, Daily Average",1525,1108,2097
"1116","Harborwalk, Waterfront, Boston","[[-71.062911,42.361229],[-71.061856,42.36243],[-71.058261,42.363697],[-71.057757,42.363616],[-71.056105,42.362402],[-71.05542,42.361957],[-71.054925,42.362046],[-71.053826,42.363303],[-71.052111,42.363676],[-71.051647,42.36311],[-71.0512,42.363712],[-71.05109,42.364175],[-71.046389,42.363935],[-71.045918,42.361164],[-71.0455,42.359825],[-71.045566,42.359733],[-71.049595,42.354497],[-71.05106,42.355131],[-71.050851,42.356671],[-71.052158,42.358666],[-71.053518,42.358356],[-71.055759,42.356913],[-71.05771,42.356777],[-71.058737,42.356988],[-71.05829,42.35741],[-71.06151,42.358336],[-71.062642,42.357977],[-71.062875,42.359483],[-71.062911,42.361229]]","1103","100 Kendrick Avenue, Quincy","[[-71.00591,42.23455],[-71.00396,42.23788],[-71.00324,42.23976],[-71.00355,42.24189],[-71.00336,42.24395],[-71.00305,42.24412],[-71.00266,42.24429],[-71.00019,42.24541],[-70.99595,42.24276],[-70.992558,42.244266],[-70.99026,42.24374],[-70.98693,42.24434],[-70.98483,42.24398],[-70.983706,42.243398],[-70.98381,42.24213],[-70.983929,42.239564],[-70.98412,42.23906],[-70.98184,42.23777],[-70.979909,42.23621],[-70.981151,42.235742],[-70.988725,42.234456],[-70.996191,42.233204],[-71.002103,42.232219],[-71.005482,42.230848],[-71.00603,42.23344],[-71.00591,42.23455]]","07/31/2016 - 08/28/2016, Every day, Daily Average",1442,1040,1999
"1116","Harborwalk, Waterfront, Boston","[[-71.062911,42.361229],[-71.061856,42.36243],[-71.058261,42.363697],[-71.057757,42.363616],[-71.056105,42.362402],[-71.05542,42.361957],[-71.054925,42.362046],[-71.053826,42.363303],[-71.052111,42.363676],[-71.051647,42.36311],[-71.0512,42.363712],[-71.05109,42.364175],[-71.046389,42.363935],[-71.045918,42.361164],[-71.0455,42.359825],[-71.045566,42.359733],[-71.049595,42.354497],[-71.05106,42.355131],[-71.050851,42.356671],[-71.052158,42.358666],[-71.053518,42.358356],[-71.055759,42.356913],[-71.05771,42.356777],[-71.058737,42.356988],[-71.05829,42.35741],[-71.06151,42.358336],[-71.062642,42.357977],[-71.062875,42.359483],[-71.062911,42.361229]]","1104","100 Grove Street, Braintree","[[-71.022346,42.170656],[-71.02007,42.17778],[-71.020071,42.18041],[-71.019845,42.182579],[-71.018985,42.183998],[-71.019506,42.186057],[-71.019281,42.18692],[-71.015099,42.189471],[-71.012873,42.192609],[-71.012498,42.1956],[-71.010681,42.198899],[-71.008226,42.197481],[-71.005508,42.195926],[-71.004964,42.196135],[-71.004495,42.196111],[-71.002089,42.200024],[-70.999629,42.200554],[-70.999545,42.201798],[-70.997325,42.203384],[-70.997232,42.205075],[-70.994535,42.206942],[-70.99203,42.20527],[-70.98485,42.20321],[-70.98518,42.1997],[-70.984644,42.194112],[-70.985756,42.191282],[-70.98638,42.18877],[-70.99162,42.1866],[-70.99625,42.1833],[-71.00851,42.18606],[-71.008151,42.186793],[-71.011941,42.184199],[-71.018398,42.179224],[-71.019211,42.178025],[-71.02202,42.170559],[-71.022346,42.170656]]","07/31/2016 - 08/28/2016, Every day, Daily Average",1305,909,1871
"1116","Harborwalk, Waterfront, Boston","[[-71.062911,42.361229],[-71.061856,42.36243],[-71.058261,42.363697],[-71.057757,42.363616],[-71.056105,42.362402],[-71.05542,42.361957],[-71.054925,42.362046],[-71.053826,42.363303],[-71.052111,42.363676],[-71.051647,42.36311],[-71.0512,42.363712],[-71.05109,42.364175],[-71.046389,42.363935],[-71.045918,42.361164],[-71.0455,42.359825],[-71.045566,42.359733],[-71.049595,42.354497],[-71.05106,42.355131],[-71.050851,42.356671],[-71.052158,42.358666],[-71.053518,42.358356],[-71.055759,42.356913],[-71.05771,42.356777],[-71.058737,42.356988],[-71.05829,42.35741],[-71.06151,42.358336],[-71.062642,42.357977],[-71.062875,42.359483],[-71.062911,42.361229]]","1107","0 Winthrop Street, Kingston","[[-70.800525,42.016442],[-70.796764,42.020544],[-70.793352,42.021006],[-70.775527,42.023167],[-70.769698,42.022098],[-70.749752,42.019818],[-70.73124,42.017707],[-70.728091,42.013828],[-70.727888,42.013588],[-70.726333,42.01187],[-70.724204,42.009427],[-70.724635,42.007411],[-70.72194,42.00321],[-70.72255,42.002849],[-70.711021,42.003201],[-70.710034,41.999544],[-70.706443,42.000729],[-70.700025,41.998256],[-70.698837,41.991897],[-70.698981,41.987103],[-70.693429,41.983072],[-70.69382,41.982677],[-70.694617,41.98208],[-70.698362,41.982895],[-70.702567,41.984443],[-70.707667,41.987482],[-70.713498,41.987298],[-70.717433,41.988093],[-70.723627,41.990047],[-70.724594,41.991049],[-70.726308,41.992264],[-70.727672,41.9929],[-70.733567,41.993411],[-70.741618,41.995115],[-70.743801,41.99535],[-70.748301,41.993677],[-70.749082,41.994199],[-70.756283,41.996502],[-70.757984,41.997403],[-70.759784,41.995703],[-70.763784,41.998703],[-70.768184,41.996703],[-70.778284,41.998403],[-70.787584,42.001503],[-70.785777,42.003583],[-70.788005,42.012572],[-70.793289,42.013409],[-70.800384,42.016102],[-70.800525,42.016442]]","07/31/2016 - 08/28/2016, Every day, Daily Average",2972,2131,4143
"1116","Harborwalk, Waterfront, Boston","[[-71.062911,42.361229],[-71.061856,42.36243],[-71.058261,42.363697],[-71.057757,42.363616],[-71.056105,42.362402],[-71.05542,42.361957],[-71.054925,42.362046],[-71.053826,42.363303],[-71.052111,42.363676],[-71.051647,42.36311],[-71.0512,42.363712],[-71.05109,42.364175],[-71.046389,42.363935],[-71.045918,42.361164],[-71.0455,42.359825],[-71.045566,42.359733],[-71.049595,42.354497],[-71.05106,42.355131],[-71.050851,42.356671],[-71.052158,42.358666],[-71.053518,42.358356],[-71.055759,42.356913],[-71.05771,42.356777],[-71.058737,42.356988],[-71.05829,42.35741],[-71.06151,42.358336],[-71.062642,42.357977],[-71.062875,42.359483],[-71.062911,42.361229]]","1110","Cambridge Street, Allston, Boston","[[-71.129718,42.356654],[-71.128027,42.357261],[-71.12318,42.358998],[-71.124627,42.362565],[-71.123039,42.363751],[-71.129755,42.363198],[-71.126453,42.365623],[-71.123735,42.36832],[-71.118584,42.367159],[-71.11811,42.366466],[-71.117516,42.360034],[-71.118356,42.356926],[-71.118213,42.355266],[-71.117045,42.353976],[-71.114457,42.352551],[-71.111472,42.351878],[-71.110732,42.351819],[-71.110936,42.350446],[-71.113784,42.35078],[-71.115808,42.351017],[-71.120286,42.351557],[-71.121311,42.351675],[-71.12126,42.351872],[-71.120832,42.353824],[-71.120729,42.354615],[-71.131396,42.356105],[-71.129718,42.356654]]","07/31/2016 - 08/28/2016, Every day, Daily Average",784,513,1197
"1116","Harborwalk, Waterfront, Boston","[[-71.062911,42.361229],[-71.061856,42.36243],[-71.058261,42.363697],[-71.057757,42.363616],[-71.056105,42.362402],[-71.05542,42.361957],[-71.054925,42.362046],[-71.053826,42.363303],[-71.052111,42.363676],[-71.051647,42.36311],[-71.0512,42.363712],[-71.05109,42.364175],[-71.046389,42.363935],[-71.045918,42.361164],[-71.0455,42.359825],[-71.045566,42.359733],[-71.049595,42.354497],[-71.05106,42.355131],[-71.050851,42.356671],[-71.052158,42.358666],[-71.053518,42.358356],[-71.055759,42.356913],[-71.05771,42.356777],[-71.058737,42.356988],[-71.05829,42.35741],[-71.06151,42.358336],[-71.062642,42.357977],[-71.062875,42.359483],[-71.062911,42.361229]]","1111","Northwest Expressway, Tyngsborough","[[-71.497478,42.641667],[-71.496484,42.649802],[-71.496296,42.649769],[-71.49246,42.649102],[-71.488937,42.649223],[-71.482511,42.65103],[-71.479484,42.658794],[-71.474784,42.649889],[-71.457188,42.658369],[-71.458666,42.659741],[-71.454902,42.660048],[-71.455438,42.661211],[-71.449754,42.661827],[-71.446956,42.663168],[-71.447835,42.66661],[-71.448618,42.667735],[-71.451527,42.669758],[-71.452369,42.669386],[-71.452343,42.669743],[-71.446418,42.67041],[-71.447285,42.677496],[-71.447962,42.680605],[-71.450282,42.685296],[-71.451466,42.68536],[-71.452088,42.687154],[-71.456121,42.686352],[-71.457027,42.690657],[-71.459532,42.690421],[-71.461033,42.691969],[-71.456336,42.695849],[-71.457699,42.700662],[-71.451714,42.70052],[-71.449174,42.70046],[-71.432348,42.700061],[-71.432306,42.70006],[-71.431181,42.698035],[-71.429537,42.696764],[-71.427672,42.695637],[-71.422736,42.694245],[-71.41569,42.690873],[-71.414055,42.689001],[-71.412659,42.686412],[-71.412594,42.683905],[-71.41378,42.682719],[-71.418016,42.682623],[-71.418684,42.682096],[-71.420914,42.676761],[-71.420774,42.674114],[-71.419626,42.672245],[-71.418261,42.671494],[-71.406516,42.666829],[-71.404865,42.66565],[-71.401769,42.661717],[-71.39966,42.657973],[-71.396747,42.657394],[-71.39418,42.653746],[-71.389208,42.649004],[-71.394341,42.648474],[-71.396968,42.649637],[-71.398995,42.652467],[-71.400631,42.652024],[-71.40211,42.651603],[-71.401288,42.649488],[-71.398312,42.645502],[-71.398959,42.644883],[-71.402734,42.646695],[-71.403966,42.648419],[-71.405309,42.648138],[-71.409764,42.648785],[-71.411978,42.647974],[-71.412309,42.64941],[-71.417652,42.653821],[-71.42214,42.651671],[-71.465165,42.631008],[-71.493541,42.617418],[-71.498593,42.638792],[-71.497478,42.641667]]","07/31/2016 - 08/28/2016, Every day, Daily Average",2355,2000,2772
"1116","Harborwalk, Waterfront, Boston","[[-71.062911,42.361229],[-71.061856,42.36243],[-71.058261,42.363697],[-71.057757,42.363616],[-71.056105,42.362402],[-71.05542,42.361957],[-71.054925,42.362046],[-71.053826,42.363303],[-71.052111,42.363676],[-71.051647,42.36311],[-71.0512,42.363712],[-71.05109,42.364175],[-71.046389,42.363935],[-71.045918,42.361164],[-71.0455,42.359825],[-71.045566,42.359733],[-71.049595,42.354497],[-71.05106,42.355131],[-71.050851,42.356671],[-71.052158,42.358666],[-71.053518,42.358356],[-71.055759,42.356913],[-71.05771,42.356777],[-71.058737,42.356988],[-71.05829,42.35741],[-71.06151,42.358336],[-71.062642,42.357977],[-71.062875,42.359483],[-71.062911,42.361229]]","1112","1400 Shawsheen Street, Tewksbury","[[-71.215498,42.618051],[-71.21408,42.620369],[-71.210457,42.62066],[-71.208618,42.622044],[-71.204704,42.623402],[-71.201444,42.625734],[-71.200732,42.627746],[-71.199042,42.62951],[-71.176213,42.618724],[-71.175996,42.618621],[-71.172108,42.616751],[-71.171488,42.616384],[-71.172618,42.615203],[-71.176702,42.614253],[-71.177733,42.608988],[-71.181101,42.608682],[-71.180481,42.607709],[-71.165009,42.597955],[-71.165557,42.597622],[-71.175223,42.592207],[-71.180546,42.583622],[-71.186003,42.584985],[-71.186711,42.584915],[-71.186381,42.589311],[-71.184646,42.593615],[-71.182646,42.595092],[-71.184787,42.59761],[-71.186729,42.597582],[-71.189648,42.599438],[-71.190675,42.601847],[-71.192786,42.600802],[-71.193062,42.599741],[-71.193559,42.600014],[-71.193944,42.600796],[-71.191542,42.603091],[-71.193549,42.607265],[-71.195708,42.609705],[-71.195953,42.609948],[-71.201906,42.61246],[-71.202335,42.612525],[-71.209193,42.612269],[-71.215167,42.612717],[-71.215135,42.616372],[-71.215498,42.618051]]","07/31/2016 - 08/28/2016, Every day, Daily Average",1259,992,1597
"1116","Harborwalk, Waterfront, Boston","[[-71.062911,42.361229],[-71.061856,42.36243],[-71.058261,42.363697],[-71.057757,42.363616],[-71.056105,42.362402],[-71.05542,42.361957],[-71.054925,42.362046],[-71.053826,42.363303],[-71.052111,42.363676],[-71.051647,42.36311],[-71.0512,42.363712],[-71.05109,42.364175],[-71.046389,42.363935],[-71.045918,42.361164],[-71.0455,42.359825],[-71.045566,42.359733],[-71.049595,42.354497],[-71.05106,42.355131],[-71.050851,42.356671],[-71.052158,42.358666],[-71.053518,42.358356],[-71.055759,42.356913],[-71.05771,42.356777],[-71.058737,42.356988],[-71.05829,42.35741],[-71.06151,42.358336],[-71.062642,42.357977],[-71.062875,42.359483],[-71.062911,42.361229]]","1113","200 Rangeway Road, North Billerica, Billerica","[[-71.332543,42.560756],[-71.319629,42.575868],[-71.317788,42.578025],[-71.310764,42.586258],[-71.308402,42.582357],[-71.301588,42.56693],[-71.300705,42.56532],[-71.297006,42.560265],[-71.296962,42.561679],[-71.297093,42.562995],[-71.297431,42.564627],[-71.297259,42.566538],[-71.296796,42.569331],[-71.294551,42.572153],[-71.282705,42.574109],[-71.281471,42.574661],[-71.280271,42.574076],[-71.279904,42.573949],[-71.281881,42.572477],[-71.281799,42.56903],[-71.281945,42.567191],[-71.284138,42.56428],[-71.284109,42.560173],[-71.282559,42.557648],[-71.282604,42.557461],[-71.282134,42.554556],[-71.284785,42.551849],[-71.285756,42.551206],[-71.287233,42.547896],[-71.291056,42.545492],[-71.295982,42.541545],[-71.296763,42.536728],[-71.299443,42.534874],[-71.304383,42.529767],[-71.30461,42.529285],[-71.307538,42.529999],[-71.307185,42.533221],[-71.308749,42.53396],[-71.314577,42.539273],[-71.318369,42.542792],[-71.314385,42.549554],[-71.319618,42.55407],[-71.324706,42.556018],[-71.33309,42.560115],[-71.332543,42.560756]]","07/31/2016 - 08/28/2016, Every day, Daily Average",1798,1405,2299
"1116","Harborwalk, Waterfront, Boston","[[-71.062911,42.361229],[-71.061856,42.36243],[-71.058261,42.363697],[-71.057757,42.363616],[-71.056105,42.362402],[-71.05542,42.361957],[-71.054925,42.362046],[-71.053826,42.363303],[-71.052111,42.363676],[-71.051647,42.36311],[-71.0512,42.363712],[-71.05109,42.364175],[-71.046389,42.363935],[-71.045918,42.361164],[-71.0455,42.359825],[-71.045566,42.359733],[-71.049595,42.354497],[-71.05106,42.355131],[-71.050851,42.356671],[-71.052158,42.358666],[-71.053518,42.358356],[-71.055759,42.356913],[-71.05771,42.356777],[-71.058737,42.356988],[-71.05829,42.35741],[-71.06151,42.358336],[-71.062642,42.357977],[-71.062875,42.359483],[-71.062911,42.361229]]","1115","0 Boutwell Street, Wilmington","[[-71.216833,42.561886],[-71.215144,42.568026],[-71.215273,42.569967],[-71.215128,42.570536],[-71.206125,42.566729],[-71.191989,42.5613],[-71.185672,42.556855],[-71.178845,42.551992],[-71.174345,42.546637],[-71.174075,42.546392],[-71.17392,42.546247],[-71.170731,42.543639],[-71.161202,42.53594],[-71.153986,42.529985],[-71.151336,42.527365],[-71.149188,42.524279],[-71.153052,42.522512],[-71.15808,42.520547],[-71.170063,42.515597],[-71.177693,42.521884],[-71.192915,42.53449],[-71.195119,42.535664],[-71.197738,42.538414],[-71.199802,42.539546],[-71.205032,42.544473],[-71.206914,42.545711],[-71.209384,42.545798],[-71.212372,42.547544],[-71.210523,42.548055],[-71.20983,42.551444],[-71.211391,42.553071],[-71.208956,42.554485],[-71.211428,42.556267],[-71.218083,42.561384],[-71.216833,42.561886]]","07/31/2016 - 08/28/2016, Every day, Daily Average",1545,1255,1901
"1116","Harborwalk, Waterfront, Boston","[[-71.062911,42.361229],[-71.061856,42.36243],[-71.058261,42.363697],[-71.057757,42.363616],[-71.056105,42.362402],[-71.05542,42.361957],[-71.054925,42.362046],[-71.053826,42.363303],[-71.052111,42.363676],[-71.051647,42.36311],[-71.0512,42.363712],[-71.05109,42.364175],[-71.046389,42.363935],[-71.045918,42.361164],[-71.0455,42.359825],[-71.045566,42.359733],[-71.049595,42.354497],[-71.05106,42.355131],[-71.050851,42.356671],[-71.052158,42.358666],[-71.053518,42.358356],[-71.055759,42.356913],[-71.05771,42.356777],[-71.058737,42.356988],[-71.05829,42.35741],[-71.06151,42.358336],[-71.062642,42.357977],[-71.062875,42.359483],[-71.062911,42.361229]]","1117","0 Gold Star Street, East Boston, Boston","[[-71.013395,42.382899],[-71.010149,42.3851],[-71.010842,42.386132],[-71.008046,42.38712],[-71.011829,42.390088],[-71.012662,42.390976],[-71.013048,42.391468],[-71.011609,42.393493],[-71.008579,42.393387],[-71.005972,42.392821],[-71.004015,42.392589],[-70.998233,42.390266],[-70.995047,42.393566],[-70.994454,42.393316],[-70.996729,42.390291],[-70.995347,42.389362],[-70.999388,42.388331],[-71.001134,42.387097],[-70.995645,42.385088],[-70.996423,42.384351],[-71.000018,42.385629],[-71.00076,42.384512],[-70.994681,42.382709],[-70.994648,42.38115],[-70.997994,42.378197],[-70.999494,42.377648],[-71.000206,42.377754],[-71.002914,42.378534],[-71.011268,42.380653],[-71.013395,42.382899]]","07/31/2016 - 08/28/2016, Every day, Daily Average",588,373,926
"1116","Harborwalk, Waterfront, Boston","[[-71.062911,42.361229],[-71.061856,42.36243],[-71.058261,42.363697],[-71.057757,42.363616],[-71.056105,42.362402],[-71.05542,42.361957],[-71.054925,42.362046],[-71.053826,42.363303],[-71.052111,42.363676],[-71.051647,42.36311],[-71.0512,42.363712],[-71.05109,42.364175],[-71.046389,42.363935],[-71.045918,42.361164],[-71.0455,42.359825],[-71.045566,42.359733],[-71.049595,42.354497],[-71.05106,42.355131],[-71.050851,42.356671],[-71.052158,42.358666],[-71.053518,42.358356],[-71.055759,42.356913],[-71.05771,42.356777],[-71.058737,42.356988],[-71.05829,42.35741],[-71.06151,42.358336],[-71.062642,42.357977],[-71.062875,42.359483],[-71.062911,42.361229]]","1118","0 McGreevey Way, Mission Hill, Boston","[[-71.09979,42.335401],[-71.100306,42.335941],[-71.098133,42.336783],[-71.095745,42.337727],[-71.090518,42.335665],[-71.093084,42.333506],[-71.094446,42.332386],[-71.095351,42.331554],[-71.097185,42.331782],[-71.099319,42.332276],[-71.101321,42.33296],[-71.09979,42.335401]]","07/31/2016 - 08/28/2016, Every day, Daily Average",1057,763,1462
"1116","Harborwalk, Waterfront, Boston","[[-71.062911,42.361229],[-71.061856,42.36243],[-71.058261,42.363697],[-71.057757,42.363616],[-71.056105,42.362402],[-71.05542,42.361957],[-71.054925,42.362046],[-71.053826,42.363303],[-71.052111,42.363676],[-71.051647,42.36311],[-71.0512,42.363712],[-71.05109,42.364175],[-71.046389,42.363935],[-71.045918,42.361164],[-71.0455,42.359825],[-71.045566,42.359733],[-71.049595,42.354497],[-71.05106,42.355131],[-71.050851,42.356671],[-71.052158,42.358666],[-71.053518,42.358356],[-71.055759,42.356913],[-71.05771,42.356777],[-71.058737,42.356988],[-71.05829,42.35741],[-71.06151,42.358336],[-71.062642,42.357977],[-71.062875,42.359483],[-71.062911,42.361229]]","1119","0 Coleus Park, Dorchester, Boston","[[-71.080312,42.312418],[-71.080088,42.312691],[-71.079683,42.313219],[-71.078823,42.314608],[-71.077005,42.313713],[-71.074649,42.312841],[-71.073171,42.312222],[-71.071623,42.311881],[-71.070217,42.311334],[-71.072334,42.310213],[-71.072564,42.310067],[-71.072822,42.309471],[-71.073346,42.30847],[-71.073912,42.307681],[-71.075233,42.308273],[-71.076076,42.307568],[-71.079585,42.30988],[-71.082012,42.310256],[-71.080312,42.312418]]","07/31/2016 - 08/28/2016, Every day, Daily Average",1131,728,1756
"1116","Harborwalk, Waterfront, Boston","[[-71.062911,42.361229],[-71.061856,42.36243],[-71.058261,42.363697],[-71.057757,42.363616],[-71.056105,42.362402],[-71.05542,42.361957],[-71.054925,42.362046],[-71.053826,42.363303],[-71.052111,42.363676],[-71.051647,42.36311],[-71.0512,42.363712],[-71.05109,42.364175],[-71.046389,42.363935],[-71.045918,42.361164],[-71.0455,42.359825],[-71.045566,42.359733],[-71.049595,42.354497],[-71.05106,42.355131],[-71.050851,42.356671],[-71.052158,42.358666],[-71.053518,42.358356],[-71.055759,42.356913],[-71.05771,42.356777],[-71.058737,42.356988],[-71.05829,42.35741],[-71.06151,42.358336],[-71.062642,42.357977],[-71.062875,42.359483],[-71.062911,42.361229]]","1120","0 Melville Avenue, Dorchester, Dorchester Center, Boston","[[-71.072117,42.295513],[-71.071149,42.295728],[-71.070249,42.295996],[-71.066976,42.296875],[-71.066413,42.297022],[-71.06432,42.299205],[-71.060163,42.300302],[-71.060653,42.298647],[-71.061371,42.296066],[-71.062259,42.29301],[-71.06459,42.292347],[-71.065544,42.292043],[-71.067578,42.291426],[-71.070757,42.290269],[-71.07162,42.290402],[-71.071769,42.292298],[-71.071866,42.293289],[-71.071913,42.293933],[-71.072117,42.295513]]","07/31/2016 - 08/28/2016, Every day, Daily Average",1210,831,1759
"1116","Harborwalk, Waterfront, Boston","[[-71.062911,42.361229],[-71.061856,42.36243],[-71.058261,42.363697],[-71.057757,42.363616],[-71.056105,42.362402],[-71.05542,42.361957],[-71.054925,42.362046],[-71.053826,42.363303],[-71.052111,42.363676],[-71.051647,42.36311],[-71.0512,42.363712],[-71.05109,42.364175],[-71.046389,42.363935],[-71.045918,42.361164],[-71.0455,42.359825],[-71.045566,42.359733],[-71.049595,42.354497],[-71.05106,42.355131],[-71.050851,42.356671],[-71.052158,42.358666],[-71.053518,42.358356],[-71.055759,42.356913],[-71.05771,42.356777],[-71.058737,42.356988],[-71.05829,42.35741],[-71.06151,42.358336],[-71.062642,42.357977],[-71.062875,42.359483],[-71.062911,42.361229]]","1121","100 Woodley Avenue, West Roxbury, Boston","[[-71.161574,42.257546],[-71.158407,42.260028],[-71.157052,42.261202],[-71.155786,42.262454],[-71.150086,42.267577],[-71.146434,42.264583],[-71.146999,42.26142],[-71.145529,42.259229],[-71.144116,42.25932],[-71.142834,42.255943],[-71.144171,42.254107],[-71.146103,42.252988],[-71.146196,42.253998],[-71.146597,42.255597],[-71.150386,42.25746],[-71.152312,42.258336],[-71.155958,42.256485],[-71.158584,42.255155],[-71.161574,42.257546]]","07/31/2016 - 08/28/2016, Every day, Daily Average",1956,1560,2451
"1116","Harborwalk, Waterfront, Boston","[[-71.062911,42.361229],[-71.061856,42.36243],[-71.058261,42.363697],[-71.057757,42.363616],[-71.056105,42.362402],[-71.05542,42.361957],[-71.054925,42.362046],[-71.053826,42.363303],[-71.052111,42.363676],[-71.051647,42.36311],[-71.0512,42.363712],[-71.05109,42.364175],[-71.046389,42.363935],[-71.045918,42.361164],[-71.0455,42.359825],[-71.045566,42.359733],[-71.049595,42.354497],[-71.05106,42.355131],[-71.050851,42.356671],[-71.052158,42.358666],[-71.053518,42.358356],[-71.055759,42.356913],[-71.05771,42.356777],[-71.058737,42.356988],[-71.05829,42.35741],[-71.06151,42.358336],[-71.062642,42.357977],[-71.062875,42.359483],[-71.062911,42.361229]]","1122","100 Webster Avenue, Chelsea","[[-71.036236,42.402564],[-71.034457,42.403301],[-71.029294,42.404011],[-71.027514,42.404889],[-71.026327,42.406002],[-71.020436,42.404775],[-71.020853,42.403511],[-71.018126,42.403378],[-71.019162,42.40247],[-71.019735,42.401968],[-71.020457,42.402434],[-71.024158,42.399322],[-71.026753,42.397834],[-71.028433,42.399468],[-71.029168,42.399058],[-71.030996,42.400217],[-71.032188,42.399399],[-71.035357,42.402119],[-71.036232,42.402455],[-71.036236,42.402564]]","07/31/2016 - 08/28/2016, Every day, Daily Average",677,429,1068
"1116","Harborwalk, Waterfront, Boston","[[-71.062911,42.361229],[-71.061856,42.36243],[-71.058261,42.363697],[-71.057757,42.363616],[-71.056105,42.362402],[-71.05542,42.361957],[-71.054925,42.362046],[-71.053826,42.363303],[-71.052111,42.363676],[-71.051647,42.36311],[-71.0512,42.363712],[-71.05109,42.364175],[-71.046389,42.363935],[-71.045918,42.361164],[-71.0455,42.359825],[-71.045566,42.359733],[-71.049595,42.354497],[-71.05106,42.355131],[-71.050851,42.356671],[-71.052158,42.358666],[-71.053518,42.358356],[-71.055759,42.356913],[-71.05771,42.356777],[-71.058737,42.356988],[-71.05829,42.35741],[-71.06151,42.358336],[-71.062642,42.357977],[-71.062875,42.359483],[-71.062911,42.361229]]","1123","Conifer Path, Jamaica Hills / Pond, Boston","[[-71.130606,42.294377],[-71.129326,42.296497],[-71.130068,42.298184],[-71.129622,42.298529],[-71.127925,42.300157],[-71.124992,42.303489],[-71.124672,42.305194],[-71.123084,42.305163],[-71.121047,42.308386],[-71.121671,42.308656],[-71.121463,42.308685],[-71.12025,42.308347],[-71.119521,42.306715],[-71.120069,42.305194],[-71.119789,42.304054],[-71.118445,42.302813],[-71.117661,42.302553],[-71.120197,42.300947],[-71.120108,42.299735],[-71.117422,42.300205],[-71.115434,42.298903],[-71.121294,42.295199],[-71.122172,42.294556],[-71.123077,42.293735],[-71.123125,42.293772],[-71.126396,42.290198],[-71.127596,42.291098],[-71.13055,42.293705],[-71.130606,42.294377]]","07/31/2016 - 08/28/2016, Every day, Daily Average",1453,1119,1885
"1116","Harborwalk, Waterfront, Boston","[[-71.062911,42.361229],[-71.061856,42.36243],[-71.058261,42.363697],[-71.057757,42.363616],[-71.056105,42.362402],[-71.05542,42.361957],[-71.054925,42.362046],[-71.053826,42.363303],[-71.052111,42.363676],[-71.051647,42.36311],[-71.0512,42.363712],[-71.05109,42.364175],[-71.046389,42.363935],[-71.045918,42.361164],[-71.0455,42.359825],[-71.045566,42.359733],[-71.049595,42.354497],[-71.05106,42.355131],[-71.050851,42.356671],[-71.052158,42.358666],[-71.053518,42.358356],[-71.055759,42.356913],[-71.05771,42.356777],[-71.058737,42.356988],[-71.05829,42.35741],[-71.06151,42.358336],[-71.062642,42.357977],[-71.062875,42.359483],[-71.062911,42.361229]]","1126","0 Stark Avenue, Wakefield","[[-71.069736,42.497965],[-71.069319,42.499702],[-71.067293,42.502803],[-71.064571,42.502537],[-71.06312,42.502776],[-71.060932,42.503255],[-71.057774,42.50291],[-71.055732,42.501698],[-71.05057,42.500185],[-71.042349,42.498344],[-71.040089,42.495603],[-71.041869,42.493298],[-71.043538,42.494551],[-71.048374,42.494553],[-71.052362,42.495186],[-71.051677,42.491866],[-71.055927,42.491161],[-71.060975,42.486221],[-71.064165,42.486533],[-71.064776,42.482937],[-71.066257,42.482453],[-71.067383,42.48369],[-71.068085,42.484371],[-71.069034,42.486303],[-71.069427,42.489686],[-71.069322,42.490795],[-71.070305,42.495553],[-71.069736,42.497965]]","07/31/2016 - 08/28/2016, Every day, Daily Average",1443,1112,1871
"1116","Harborwalk, Waterfront, Boston","[[-71.062911,42.361229],[-71.061856,42.36243],[-71.058261,42.363697],[-71.057757,42.363616],[-71.056105,42.362402],[-71.05542,42.361957],[-71.054925,42.362046],[-71.053826,42.363303],[-71.052111,42.363676],[-71.051647,42.36311],[-71.0512,42.363712],[-71.05109,42.364175],[-71.046389,42.363935],[-71.045918,42.361164],[-71.0455,42.359825],[-71.045566,42.359733],[-71.049595,42.354497],[-71.05106,42.355131],[-71.050851,42.356671],[-71.052158,42.358666],[-71.053518,42.358356],[-71.055759,42.356913],[-71.05771,42.356777],[-71.058737,42.356988],[-71.05829,42.35741],[-71.06151,42.358336],[-71.062642,42.357977],[-71.062875,42.359483],[-71.062911,42.361229]]","1127","100 South Border Road, Medford","[[-71.131905,42.4339],[-71.128963,42.435603],[-71.128377,42.436917],[-71.127097,42.438966],[-71.12518,42.439332],[-71.121976,42.439786],[-71.124005,42.443827],[-71.121346,42.44867],[-71.119402,42.453445],[-71.104722,42.448847],[-71.085696,42.444695],[-71.086346,42.440108],[-71.088566,42.441219],[-71.091454,42.440462],[-71.093627,42.442529],[-71.09633,42.441081],[-71.098917,42.438274],[-71.099326,42.438863],[-71.102524,42.437776],[-71.101171,42.433095],[-71.102175,42.430582],[-71.102505,42.430074],[-71.102557,42.428794],[-71.10271,42.427982],[-71.103377,42.425926],[-71.103712,42.422604],[-71.104199,42.418745],[-71.104161,42.417374],[-71.1041,42.416355],[-71.104024,42.414904],[-71.104016,42.414769],[-71.10396,42.413712],[-71.110344,42.417027],[-71.110501,42.417078],[-71.115153,42.418991],[-71.117942,42.419096],[-71.1179,42.421341],[-71.121033,42.423904],[-71.122905,42.425352],[-71.123324,42.425656],[-71.125752,42.427363],[-71.126508,42.427794],[-71.12947,42.429582],[-71.131012,42.431714],[-71.131905,42.4339]]","07/31/2016 - 08/28/2016, Every day, Daily Average",624,412,943
"1116","Harborwalk, Waterfront, Boston","[[-71.062911,42.361229],[-71.061856,42.36243],[-71.058261,42.363697],[-71.057757,42.363616],[-71.056105,42.362402],[-71.05542,42.361957],[-71.054925,42.362046],[-71.053826,42.363303],[-71.052111,42.363676],[-71.051647,42.36311],[-71.0512,42.363712],[-71.05109,42.364175],[-71.046389,42.363935],[-71.045918,42.361164],[-71.0455,42.359825],[-71.045566,42.359733],[-71.049595,42.354497],[-71.05106,42.355131],[-71.050851,42.356671],[-71.052158,42.358666],[-71.053518,42.358356],[-71.055759,42.356913],[-71.05771,42.356777],[-71.058737,42.356988],[-71.05829,42.35741],[-71.06151,42.358336],[-71.062642,42.357977],[-71.062875,42.359483],[-71.062911,42.361229]]","1128","0 Lowden Avenue, Powder House Square, Somerville","[[-71.120896,42.398528],[-71.118915,42.399435],[-71.116962,42.400913],[-71.117062,42.401181],[-71.116909,42.401303],[-71.117419,42.405829],[-71.115469,42.405048],[-71.114894,42.40218],[-71.11401,42.400988],[-71.11075,42.399703],[-71.110446,42.399318],[-71.108861,42.397193],[-71.110739,42.394497],[-71.11109,42.394013],[-71.113676,42.39483],[-71.116034,42.395227],[-71.120152,42.396238],[-71.122166,42.396674],[-71.120896,42.398528]]","07/31/2016 - 08/28/2016, Every day, Daily Average",956,682,1338
"1116","Harborwalk, Waterfront, Boston","[[-71.062911,42.361229],[-71.061856,42.36243],[-71.058261,42.363697],[-71.057757,42.363616],[-71.056105,42.362402],[-71.05542,42.361957],[-71.054925,42.362046],[-71.053826,42.363303],[-71.052111,42.363676],[-71.051647,42.36311],[-71.0512,42.363712],[-71.05109,42.364175],[-71.046389,42.363935],[-71.045918,42.361164],[-71.0455,42.359825],[-71.045566,42.359733],[-71.049595,42.354497],[-71.05106,42.355131],[-71.050851,42.356671],[-71.052158,42.358666],[-71.053518,42.358356],[-71.055759,42.356913],[-71.05771,42.356777],[-71.058737,42.356988],[-71.05829,42.35741],[-71.06151,42.358336],[-71.062642,42.357977],[-71.062875,42.359483],[-71.062911,42.361229]]","1129","0 Shepard Street, Neighborhood Nine, Cambridge","[[-71.1267,42.382045],[-71.124887,42.382889],[-71.125537,42.383986],[-71.124235,42.384443],[-71.123272,42.385522],[-71.121375,42.384448],[-71.119464,42.38483],[-71.119569,42.383786],[-71.119739,42.382222],[-71.119798,42.381746],[-71.119983,42.379983],[-71.12019,42.377701],[-71.119617,42.376249],[-71.118822,42.374355],[-71.119483,42.373458],[-71.120387,42.373291],[-71.123323,42.37554],[-71.122151,42.376534],[-71.123718,42.378337],[-71.124186,42.378966],[-71.126117,42.38138],[-71.1267,42.382045]]","07/31/2016 - 08/28/2016, Every day, Daily Average",1226,910,1650
"1116","Harborwalk, Waterfront, Boston","[[-71.062911,42.361229],[-71.061856,42.36243],[-71.058261,42.363697],[-71.057757,42.363616],[-71.056105,42.362402],[-71.05542,42.361957],[-71.054925,42.362046],[-71.053826,42.363303],[-71.052111,42.363676],[-71.051647,42.36311],[-71.0512,42.363712],[-71.05109,42.364175],[-71.046389,42.363935],[-71.045918,42.361164],[-71.0455,42.359825],[-71.045566,42.359733],[-71.049595,42.354497],[-71.05106,42.355131],[-71.050851,42.356671],[-71.052158,42.358666],[-71.053518,42.358356],[-71.055759,42.356913],[-71.05771,42.356777],[-71.058737,42.356988],[-71.05829,42.35741],[-71.06151,42.358336],[-71.062642,42.357977],[-71.062875,42.359483],[-71.062911,42.361229]]","1130","0 Louise Road, Belmont","[[-71.175491,42.39577],[-71.17549,42.396038],[-71.168423,42.395965],[-71.158785,42.395871],[-71.156302,42.395852],[-71.158387,42.394593],[-71.157255,42.390948],[-71.157984,42.387043],[-71.160332,42.386444],[-71.161895,42.386473],[-71.163247,42.386361],[-71.165259,42.385999],[-71.165593,42.386041],[-71.167535,42.386402],[-71.169405,42.386436],[-71.171645,42.38654],[-71.174932,42.386245],[-71.174818,42.386822],[-71.173838,42.38945],[-71.174135,42.392393],[-71.174557,42.392787],[-71.176556,42.395137],[-71.175491,42.39577]]","07/31/2016 - 08/28/2016, Every day, Daily Average",1392,1074,1803
"1116","Harborwalk, Waterfront, Boston","[[-71.062911,42.361229],[-71.061856,42.36243],[-71.058261,42.363697],[-71.057757,42.363616],[-71.056105,42.362402],[-71.05542,42.361957],[-71.054925,42.362046],[-71.053826,42.363303],[-71.052111,42.363676],[-71.051647,42.36311],[-71.0512,42.363712],[-71.05109,42.364175],[-71.046389,42.363935],[-71.045918,42.361164],[-71.0455,42.359825],[-71.045566,42.359733],[-71.049595,42.354497],[-71.05106,42.355131],[-71.050851,42.356671],[-71.052158,42.358666],[-71.053518,42.358356],[-71.055759,42.356913],[-71.05771,42.356777],[-71.058737,42.356988],[-71.05829,42.35741],[-71.06151,42.358336],[-71.062642,42.357977],[-71.062875,42.359483],[-71.062911,42.361229]]","1131","Yankee Division Highway, Lexington","[[-71.272695,42.459704],[-71.267088,42.468057],[-71.265314,42.470601],[-71.264777,42.471396],[-71.263299,42.473587],[-71.261058,42.473285],[-71.254981,42.475668],[-71.251997,42.47663],[-71.246745,42.472463],[-71.244906,42.47027],[-71.24118,42.472166],[-71.237629,42.472986],[-71.235462,42.471561],[-71.232831,42.4685],[-71.232113,42.465208],[-71.232779,42.463431],[-71.230953,42.461814],[-71.230436,42.459835],[-71.231911,42.45891],[-71.230723,42.453518],[-71.230047,42.45042],[-71.230495,42.45019],[-71.232754,42.449532],[-71.237141,42.449111],[-71.24731,42.447176],[-71.254186,42.447092],[-71.255542,42.447272],[-71.258295,42.448972],[-71.260059,42.449176],[-71.264926,42.447323],[-71.27052,42.448333],[-71.271039,42.451044],[-71.272695,42.459704]]","07/31/2016 - 08/28/2016, Every day, Daily Average",1526,1201,1937
"1116","Harborwalk, Waterfront, Boston","[[-71.062911,42.361229],[-71.061856,42.36243],[-71.058261,42.363697],[-71.057757,42.363616],[-71.056105,42.362402],[-71.05542,42.361957],[-71.054925,42.362046],[-71.053826,42.363303],[-71.052111,42.363676],[-71.051647,42.36311],[-71.0512,42.363712],[-71.05109,42.364175],[-71.046389,42.363935],[-71.045918,42.361164],[-71.0455,42.359825],[-71.045566,42.359733],[-71.049595,42.354497],[-71.05106,42.355131],[-71.050851,42.356671],[-71.052158,42.358666],[-71.053518,42.358356],[-71.055759,42.356913],[-71.05771,42.356777],[-71.058737,42.356988],[-71.05829,42.35741],[-71.06151,42.358336],[-71.062642,42.357977],[-71.062875,42.359483],[-71.062911,42.361229]]","1135","100 Main Street, Southborough","[[-71.585168,42.310977],[-71.57825,42.315017],[-71.570308,42.319661],[-71.569085,42.320373],[-71.551126,42.326395],[-71.537316,42.327969],[-71.531977,42.323896],[-71.530774,42.322555],[-71.530221,42.319511],[-71.530806,42.315783],[-71.531609,42.312873],[-71.531403,42.310338],[-71.52945,42.305807],[-71.527769,42.30176],[-71.526649,42.291667],[-71.525201,42.27815],[-71.522838,42.270841],[-71.52311,42.268652],[-71.522386,42.26643],[-71.525054,42.265826],[-71.52654,42.266333],[-71.531626,42.26619],[-71.537906,42.264615],[-71.540054,42.262716],[-71.5417,42.263981],[-71.543716,42.263986],[-71.544624,42.264848],[-71.549466,42.266124],[-71.542937,42.26718],[-71.542879,42.269799],[-71.546111,42.272901],[-71.562528,42.28884],[-71.580091,42.305891],[-71.585168,42.310977]]","07/31/2016 - 08/28/2016, Every day, Daily Average",2305,1741,3050
"1116","Harborwalk, Waterfront, Boston","[[-71.062911,42.361229],[-71.061856,42.36243],[-71.058261,42.363697],[-71.057757,42.363616],[-71.056105,42.362402],[-71.05542,42.361957],[-71.054925,42.362046],[-71.053826,42.363303],[-71.052111,42.363676],[-71.051647,42.36311],[-71.0512,42.363712],[-71.05109,42.364175],[-71.046389,42.363935],[-71.045918,42.361164],[-71.0455,42.359825],[-71.045566,42.359733],[-71.049595,42.354497],[-71.05106,42.355131],[-71.050851,42.356671],[-71.052158,42.358666],[-71.053518,42.358356],[-71.055759,42.356913],[-71.05771,42.356777],[-71.058737,42.356988],[-71.05829,42.35741],[-71.06151,42.358336],[-71.062642,42.357977],[-71.062875,42.359483],[-71.062911,42.361229]]","1137","0 Marion Avenue, Woburn","[[-71.168914,42.490547],[-71.16849,42.497475],[-71.158786,42.499133],[-71.158103,42.499219],[-71.148539,42.500471],[-71.144762,42.500944],[-71.14271,42.50031],[-71.138964,42.499969],[-71.136602,42.498759],[-71.134927,42.498742],[-71.136463,42.502029],[-71.125436,42.502844],[-71.120999,42.502524],[-71.11976,42.500292],[-71.121496,42.498538],[-71.124051,42.495534],[-71.124448,42.495142],[-71.129301,42.491187],[-71.132466,42.489041],[-71.135734,42.487734],[-71.136797,42.487431],[-71.141176,42.487358],[-71.144382,42.489247],[-71.150465,42.490753],[-71.153524,42.490551],[-71.152037,42.485691],[-71.156349,42.487045],[-71.159854,42.48483],[-71.170186,42.488979],[-71.168914,42.490547]]","07/31/2016 - 08/28/2016, Every day, Daily Average",1257,888,1779
"1116","Harborwalk, Waterfront, Boston","[[-71.062911,42.361229],[-71.061856,42.36243],[-71.058261,42.363697],[-71.057757,42.363616],[-71.056105,42.362402],[-71.05542,42.361957],[-71.054925,42.362046],[-71.053826,42.363303],[-71.052111,42.363676],[-71.051647,42.36311],[-71.0512,42.363712],[-71.05109,42.364175],[-71.046389,42.363935],[-71.045918,42.361164],[-71.0455,42.359825],[-71.045566,42.359733],[-71.049595,42.354497],[-71.05106,42.355131],[-71.050851,42.356671],[-71.052158,42.358666],[-71.053518,42.358356],[-71.055759,42.356913],[-71.05771,42.356777],[-71.058737,42.356988],[-71.05829,42.35741],[-71.06151,42.358336],[-71.062642,42.357977],[-71.062875,42.359483],[-71.062911,42.361229]]","1138","0 Loring Avenue, Winchester","[[-71.150538,42.464265],[-71.146008,42.465801],[-71.137902,42.468581],[-71.133926,42.469942],[-71.123772,42.473395],[-71.125775,42.466566],[-71.126543,42.465336],[-71.129124,42.466226],[-71.131445,42.467518],[-71.134688,42.459266],[-71.135687,42.455976],[-71.137012,42.453019],[-71.137307,42.453307],[-71.138384,42.456957],[-71.138897,42.456871],[-71.144778,42.459446],[-71.146267,42.460769],[-71.147179,42.460573],[-71.148584,42.460676],[-71.150538,42.464265]]","07/31/2016 - 08/28/2016, Every day, Daily Average",1141,842,1544
"1116","Harborwalk, Waterfront, Boston","[[-71.062911,42.361229],[-71.061856,42.36243],[-71.058261,42.363697],[-71.057757,42.363616],[-71.056105,42.362402],[-71.05542,42.361957],[-71.054925,42.362046],[-71.053826,42.363303],[-71.052111,42.363676],[-71.051647,42.36311],[-71.0512,42.363712],[-71.05109,42.364175],[-71.046389,42.363935],[-71.045918,42.361164],[-71.0455,42.359825],[-71.045566,42.359733],[-71.049595,42.354497],[-71.05106,42.355131],[-71.050851,42.356671],[-71.052158,42.358666],[-71.053518,42.358356],[-71.055759,42.356913],[-71.05771,42.356777],[-71.058737,42.356988],[-71.05829,42.35741],[-71.06151,42.358336],[-71.062642,42.357977],[-71.062875,42.359483],[-71.062911,42.361229]]","1140","300 Mystic Avenue, South Medford, Medford","[[-71.110344,42.417027],[-71.10396,42.413712],[-71.104016,42.414769],[-71.103299,42.414751],[-71.101066,42.41296],[-71.099771,42.408299],[-71.094087,42.404637],[-71.095485,42.400052],[-71.096259,42.40031],[-71.098312,42.398537],[-71.09955,42.397075],[-71.104466,42.400684],[-71.105934,42.401798],[-71.106883,42.402857],[-71.107587,42.404324],[-71.107927,42.405129],[-71.108239,42.40584],[-71.108887,42.407472],[-71.109157,42.408113],[-71.110122,42.41031],[-71.106658,42.411127],[-71.105902,42.412863],[-71.107698,42.415302],[-71.110344,42.417027]]","07/31/2016 - 08/28/2016, Every day, Daily Average",537,326,882
"1116","Harborwalk, Waterfront, Boston","[[-71.062911,42.361229],[-71.061856,42.36243],[-71.058261,42.363697],[-71.057757,42.363616],[-71.056105,42.362402],[-71.05542,42.361957],[-71.054925,42.362046],[-71.053826,42.363303],[-71.052111,42.363676],[-71.051647,42.36311],[-71.0512,42.363712],[-71.05109,42.364175],[-71.046389,42.363935],[-71.045918,42.361164],[-71.0455,42.359825],[-71.045566,42.359733],[-71.049595,42.354497],[-71.05106,42.355131],[-71.050851,42.356671],[-71.052158,42.358666],[-71.053518,42.358356],[-71.055759,42.356913],[-71.05771,42.356777],[-71.058737,42.356988],[-71.05829,42.35741],[-71.06151,42.358336],[-71.062642,42.357977],[-71.062875,42.359483],[-71.062911,42.361229]]","1141","0 Forest Street, Malden","[[-71.067772,42.43484],[-71.067079,42.438979],[-71.067657,42.440411],[-71.055441,42.441644],[-71.050169,42.442162],[-71.049206,42.441724],[-71.048175,42.439452],[-71.049715,42.439432],[-71.050298,42.437098],[-71.050204,42.436083],[-71.052328,42.435971],[-71.053272,42.435165],[-71.054247,42.43502],[-71.056641,42.434769],[-71.057789,42.434693],[-71.059499,42.434254],[-71.058319,42.431959],[-71.058015,42.430913],[-71.059593,42.430218],[-71.063433,42.428316],[-71.064004,42.428036],[-71.066707,42.427026],[-71.06761,42.43081],[-71.067885,42.431679],[-71.067772,42.43484]]","07/31/2016 - 08/28/2016, Every day, Daily Average",1133,853,1503
"1116","Harborwalk, Waterfront, Boston","[[-71.062911,42.361229],[-71.061856,42.36243],[-71.058261,42.363697],[-71.057757,42.363616],[-71.056105,42.362402],[-71.05542,42.361957],[-71.054925,42.362046],[-71.053826,42.363303],[-71.052111,42.363676],[-71.051647,42.36311],[-71.0512,42.363712],[-71.05109,42.364175],[-71.046389,42.363935],[-71.045918,42.361164],[-71.0455,42.359825],[-71.045566,42.359733],[-71.049595,42.354497],[-71.05106,42.355131],[-71.050851,42.356671],[-71.052158,42.358666],[-71.053518,42.358356],[-71.055759,42.356913],[-71.05771,42.356777],[-71.058737,42.356988],[-71.05829,42.35741],[-71.06151,42.358336],[-71.062642,42.357977],[-71.062875,42.359483],[-71.062911,42.361229]]","1142","200 Massachusetts Avenue, Arlington","[[-71.153287,42.415441],[-71.150699,42.414378],[-71.147187,42.413049],[-71.144338,42.411877],[-71.143274,42.411435],[-71.142476,42.4111],[-71.14153,42.410688],[-71.137452,42.408721],[-71.13706,42.408543],[-71.133833,42.407026],[-71.134463,42.405733],[-71.134514,42.404172],[-71.134921,42.402562],[-71.136277,42.401083],[-71.136969,42.401488],[-71.140239,42.404169],[-71.141734,42.405351],[-71.142264,42.405763],[-71.146119,42.404533],[-71.146843,42.404331],[-71.148585,42.404064],[-71.150044,42.403772],[-71.150586,42.405406],[-71.150927,42.406712],[-71.151339,42.407349],[-71.150534,42.407075],[-71.149879,42.406119],[-71.148522,42.406104],[-71.149045,42.407522],[-71.149886,42.408843],[-71.149831,42.410402],[-71.151797,42.411536],[-71.153205,42.411282],[-71.155702,42.41349],[-71.153287,42.415441]]","07/31/2016 - 08/28/2016, Every day, Daily Average",1148,810,1625
"1116","Harborwalk, Waterfront, Boston","[[-71.062911,42.361229],[-71.061856,42.36243],[-71.058261,42.363697],[-71.057757,42.363616],[-71.056105,42.362402],[-71.05542,42.361957],[-71.054925,42.362046],[-71.053826,42.363303],[-71.052111,42.363676],[-71.051647,42.36311],[-71.0512,42.363712],[-71.05109,42.364175],[-71.046389,42.363935],[-71.045918,42.361164],[-71.0455,42.359825],[-71.045566,42.359733],[-71.049595,42.354497],[-71.05106,42.355131],[-71.050851,42.356671],[-71.052158,42.358666],[-71.053518,42.358356],[-71.055759,42.356913],[-71.05771,42.356777],[-71.058737,42.356988],[-71.05829,42.35741],[-71.06151,42.358336],[-71.062642,42.357977],[-71.062875,42.359483],[-71.062911,42.361229]]","1143","300 Crescent Street, South Side, Waltham","[[-71.253068,42.355704],[-71.251459,42.359293],[-71.249372,42.361996],[-71.246202,42.362096],[-71.245392,42.36667],[-71.243681,42.368847],[-71.242436,42.368458],[-71.243136,42.366801],[-71.240901,42.36637],[-71.238121,42.365847],[-71.234945,42.365992],[-71.234486,42.367395],[-71.232708,42.367144],[-71.231469,42.366834],[-71.228581,42.365662],[-71.226245,42.363887],[-71.226638,42.363775],[-71.231027,42.362465],[-71.236588,42.360805],[-71.239325,42.35999],[-71.243076,42.358875],[-71.251132,42.356531],[-71.25223,42.356046],[-71.253068,42.355704]]","07/31/2016 - 08/28/2016, Every day, Daily Average",1455,1160,1824
"1116","Harborwalk, Waterfront, Boston","[[-71.062911,42.361229],[-71.061856,42.36243],[-71.058261,42.363697],[-71.057757,42.363616],[-71.056105,42.362402],[-71.05542,42.361957],[-71.054925,42.362046],[-71.053826,42.363303],[-71.052111,42.363676],[-71.051647,42.36311],[-71.0512,42.363712],[-71.05109,42.364175],[-71.046389,42.363935],[-71.045918,42.361164],[-71.0455,42.359825],[-71.045566,42.359733],[-71.049595,42.354497],[-71.05106,42.355131],[-71.050851,42.356671],[-71.052158,42.358666],[-71.053518,42.358356],[-71.055759,42.356913],[-71.05771,42.356777],[-71.058737,42.356988],[-71.05829,42.35741],[-71.06151,42.358336],[-71.062642,42.357977],[-71.062875,42.359483],[-71.062911,42.361229]]","1144","0 Scout Road, East Walpole, Walpole","[[-71.250049,42.14997],[-71.249049,42.151664],[-71.24862,42.15208],[-71.248042,42.152504],[-71.243049,42.15787],[-71.24042,42.16014],[-71.23963,42.16088],[-71.2388,42.16154],[-71.23625,42.16288],[-71.234172,42.164498],[-71.231199,42.166169],[-71.229052,42.167825],[-71.226106,42.171801],[-71.225353,42.170849],[-71.221878,42.171096],[-71.22146,42.170448],[-71.220037,42.168405],[-71.213434,42.168702],[-71.212092,42.16722],[-71.210919,42.166706],[-71.209157,42.164875],[-71.208387,42.164132],[-71.204065,42.16023],[-71.20246,42.160087],[-71.201147,42.158378],[-71.194455,42.149916],[-71.215306,42.140326],[-71.218864,42.140363],[-71.22227,42.14226],[-71.226038,42.144458],[-71.23013,42.14572],[-71.236803,42.147849],[-71.23987,42.14734],[-71.24654,42.14716],[-71.252111,42.14703],[-71.250049,42.14997]]","07/31/2016 - 08/28/2016, Every day, Daily Average",2005,1433,2803
"1116","Harborwalk, Waterfront, Boston","[[-71.062911,42.361229],[-71.061856,42.36243],[-71.058261,42.363697],[-71.057757,42.363616],[-71.056105,42.362402],[-71.05542,42.361957],[-71.054925,42.362046],[-71.053826,42.363303],[-71.052111,42.363676],[-71.051647,42.36311],[-71.0512,42.363712],[-71.05109,42.364175],[-71.046389,42.363935],[-71.045918,42.361164],[-71.0455,42.359825],[-71.045566,42.359733],[-71.049595,42.354497],[-71.05106,42.355131],[-71.050851,42.356671],[-71.052158,42.358666],[-71.053518,42.358356],[-71.055759,42.356913],[-71.05771,42.356777],[-71.058737,42.356988],[-71.05829,42.35741],[-71.06151,42.358336],[-71.062642,42.357977],[-71.062875,42.359483],[-71.062911,42.361229]]","1146","200 Low Street, Newburyport","[[-70.9205,42.79107],[-70.916878,42.797874],[-70.91535,42.802604],[-70.914762,42.807164],[-70.915661,42.817422],[-70.916285,42.823734],[-70.915737,42.82836],[-70.914236,42.831459],[-70.91179,42.83451],[-70.908311,42.833645],[-70.906692,42.833714],[-70.904198,42.83389],[-70.897557,42.832618],[-70.894533,42.830867],[-70.890069,42.826309],[-70.884629,42.824107],[-70.880552,42.821999],[-70.877497,42.819791],[-70.879624,42.818523],[-70.881195,42.816956],[-70.883741,42.815609],[-70.886602,42.814091],[-70.887177,42.81349],[-70.889209,42.809793],[-70.890413,42.809295],[-70.885787,42.807747],[-70.882348,42.807234],[-70.884765,42.800627],[-70.887539,42.797143],[-70.890814,42.794305],[-70.893668,42.794938],[-70.897221,42.797081],[-70.898036,42.79836],[-70.905122,42.797441],[-70.917423,42.787495],[-70.9205,42.79107]]","07/31/2016 - 08/28/2016, Every day, Daily Average",2699,2229,3267
"1116","Harborwalk, Waterfront, Boston","[[-71.062911,42.361229],[-71.061856,42.36243],[-71.058261,42.363697],[-71.057757,42.363616],[-71.056105,42.362402],[-71.05542,42.361957],[-71.054925,42.362046],[-71.053826,42.363303],[-71.052111,42.363676],[-71.051647,42.36311],[-71.0512,42.363712],[-71.05109,42.364175],[-71.046389,42.363935],[-71.045918,42.361164],[-71.0455,42.359825],[-71.045566,42.359733],[-71.049595,42.354497],[-71.05106,42.355131],[-71.050851,42.356671],[-71.052158,42.358666],[-71.053518,42.358356],[-71.055759,42.356913],[-71.05771,42.356777],[-71.058737,42.356988],[-71.05829,42.35741],[-71.06151,42.358336],[-71.062642,42.357977],[-71.062875,42.359483],[-71.062911,42.361229]]","1150","Overlook Trail, Lynn","[[-71.011592,42.501685],[-71.001636,42.50699],[-70.996886,42.507012],[-70.995308,42.505572],[-70.988372,42.509214],[-70.992742,42.512198],[-70.98934,42.511686],[-70.986911,42.511774],[-70.978321,42.507461],[-70.964584,42.500396],[-70.965353,42.498609],[-70.967863,42.497055],[-70.96892,42.497675],[-70.970022,42.496365],[-70.972057,42.491651],[-70.971734,42.49124],[-70.974594,42.489895],[-70.972898,42.48797],[-70.971279,42.48888],[-70.967992,42.488789],[-70.964918,42.486982],[-70.968877,42.485188],[-70.969165,42.48352],[-70.969548,42.48283],[-70.971626,42.481627],[-70.972447,42.481457],[-70.975158,42.47969],[-70.973019,42.477384],[-70.974449,42.474839],[-70.977767,42.47299],[-70.97818,42.471486],[-70.980394,42.471696],[-70.979634,42.473026],[-70.981392,42.474701],[-70.983178,42.473818],[-70.984465,42.475033],[-70.98288,42.476884],[-70.985993,42.476415],[-70.990624,42.474181],[-70.994922,42.474905],[-71.001706,42.49279],[-71.003081,42.496407],[-71.011592,42.501685]]","07/31/2016 - 08/28/2016, Every day, Daily Average",1769,1283,2437
"1116","Harborwalk, Waterfront, Boston","[[-71.062911,42.361229],[-71.061856,42.36243],[-71.058261,42.363697],[-71.057757,42.363616],[-71.056105,42.362402],[-71.05542,42.361957],[-71.054925,42.362046],[-71.053826,42.363303],[-71.052111,42.363676],[-71.051647,42.36311],[-71.0512,42.363712],[-71.05109,42.364175],[-71.046389,42.363935],[-71.045918,42.361164],[-71.0455,42.359825],[-71.045566,42.359733],[-71.049595,42.354497],[-71.05106,42.355131],[-71.050851,42.356671],[-71.052158,42.358666],[-71.053518,42.358356],[-71.055759,42.356913],[-71.05771,42.356777],[-71.058737,42.356988],[-71.05829,42.35741],[-71.06151,42.358336],[-71.062642,42.357977],[-71.062875,42.359483],[-71.062911,42.361229]]","1151","0 Saugus Avenue, Saugus","[[-71.013058,42.443967],[-71.010333,42.448685],[-71.006276,42.449183],[-71.005572,42.449809],[-71.004814,42.450025],[-71.001298,42.449962],[-70.998876,42.449916],[-70.996516,42.449695],[-70.995923,42.44968],[-70.994192,42.450264],[-70.987307,42.443189],[-70.980673,42.449525],[-70.984919,42.452259],[-70.98981,42.452637],[-70.991497,42.453293],[-70.990427,42.45489],[-70.989058,42.459659],[-70.988264,42.458794],[-70.98565,42.460168],[-70.987227,42.457485],[-70.986694,42.454596],[-70.985969,42.457225],[-70.983108,42.45861],[-70.979494,42.456196],[-70.983353,42.453808],[-70.983828,42.452376],[-70.979083,42.450863],[-70.968594,42.444396],[-70.971594,42.442696],[-70.975194,42.436896],[-70.979894,42.432396],[-70.982294,42.431296],[-70.983708,42.431663],[-70.99012,42.434877],[-70.992023,42.434135],[-70.997234,42.431051],[-70.997347,42.431066],[-71.001094,42.431296],[-71.003275,42.42971],[-71.004595,42.429814],[-71.004595,42.431715],[-71.003302,42.432703],[-71.00592,42.433044],[-71.008626,42.434353],[-71.011158,42.433143],[-71.011716,42.433705],[-71.010385,42.434053],[-71.011579,42.436179],[-71.010295,42.438696],[-71.011995,42.439696],[-71.009495,42.441196],[-71.012395,42.443096],[-71.013058,42.443967]]","07/31/2016 - 08/28/2016, Every day, Daily Average",1071,764,1500
"1116","Harborwalk, Waterfront, Boston","[[-71.062911,42.361229],[-71.061856,42.36243],[-71.058261,42.363697],[-71.057757,42.363616],[-71.056105,42.362402],[-71.05542,42.361957],[-71.054925,42.362046],[-71.053826,42.363303],[-71.052111,42.363676],[-71.051647,42.36311],[-71.0512,42.363712],[-71.05109,42.364175],[-71.046389,42.363935],[-71.045918,42.361164],[-71.0455,42.359825],[-71.045566,42.359733],[-71.049595,42.354497],[-71.05106,42.355131],[-71.050851,42.356671],[-71.052158,42.358666],[-71.053518,42.358356],[-71.055759,42.356913],[-71.05771,42.356777],[-71.058737,42.356988],[-71.05829,42.35741],[-71.06151,42.358336],[-71.062642,42.357977],[-71.062875,42.359483],[-71.062911,42.361229]]","1154","0 Newport Park Road, Manchester-by-the-Sea","[[-70.723148,42.568157],[-70.721223,42.569933],[-70.72064,42.569659],[-70.720476,42.568882],[-70.720532,42.568406],[-70.721151,42.567764],[-70.721038,42.567164],[-70.720898,42.56673],[-70.721207,42.566481],[-70.721516,42.566351],[-70.721656,42.566088],[-70.722921,42.566502],[-70.723736,42.567019],[-70.723148,42.568157]]","07/31/2016 - 08/28/2016, Every day, Daily Average",2540,1995,3232
"1116","Harborwalk, Waterfront, Boston","[[-71.062911,42.361229],[-71.061856,42.36243],[-71.058261,42.363697],[-71.057757,42.363616],[-71.056105,42.362402],[-71.05542,42.361957],[-71.054925,42.362046],[-71.053826,42.363303],[-71.052111,42.363676],[-71.051647,42.36311],[-71.0512,42.363712],[-71.05109,42.364175],[-71.046389,42.363935],[-71.045918,42.361164],[-71.0455,42.359825],[-71.045566,42.359733],[-71.049595,42.354497],[-71.05106,42.355131],[-71.050851,42.356671],[-71.052158,42.358666],[-71.053518,42.358356],[-71.055759,42.356913],[-71.05771,42.356777],[-71.058737,42.356988],[-71.05829,42.35741],[-71.06151,42.358336],[-71.062642,42.357977],[-71.062875,42.359483],[-71.062911,42.361229]]","1155","600 Great Pond Road, North Andover","[[-71.118509,42.711943],[-71.117517,42.714083],[-71.11457,42.715726],[-71.113201,42.716956],[-71.111551,42.720128],[-71.111404,42.723278],[-71.112321,42.72614],[-71.112271,42.728883],[-71.113337,42.732266],[-71.113628,42.734914],[-71.112286,42.738322],[-71.108632,42.735281],[-71.096463,42.724097],[-71.095023,42.726252],[-71.093668,42.726742],[-71.091753,42.72427],[-71.095362,42.722025],[-71.09175,42.718122],[-71.090594,42.718699],[-71.075134,42.704498],[-71.064491,42.694717],[-71.066987,42.694758],[-71.068532,42.694184],[-71.070368,42.692146],[-71.07156,42.689207],[-71.073395,42.688521],[-71.076133,42.688268],[-71.081069,42.684764],[-71.083944,42.683378],[-71.086223,42.682808],[-71.090646,42.682289],[-71.092149,42.68095],[-71.094586,42.68002],[-71.097928,42.678442],[-71.099594,42.679233],[-71.099589,42.674842],[-71.101955,42.670993],[-71.099582,42.667739],[-71.103176,42.666287],[-71.105078,42.665997],[-71.106204,42.665032],[-71.1063,42.664659],[-71.106745,42.664406],[-71.106962,42.663893],[-71.107268,42.662634],[-71.105302,42.659388],[-71.106025,42.658836],[-71.114817,42.665206],[-71.113803,42.670046],[-71.113018,42.671601],[-71.114771,42.675788],[-71.115177,42.677045],[-71.116018,42.678836],[-71.116118,42.679295],[-71.113844,42.679788],[-71.110887,42.682587],[-71.110856,42.684911],[-71.1103,42.690624],[-71.110493,42.691288],[-71.110599,42.691502],[-71.110696,42.694552],[-71.111109,42.698406],[-71.112917,42.70234],[-71.117491,42.70662],[-71.117685,42.709482],[-71.118509,42.711943]]","07/31/2016 - 08/28/2016, Every day, Daily Average",2007,1702,2365
"1116","Harborwalk, Waterfront, Boston","[[-71.062911,42.361229],[-71.061856,42.36243],[-71.058261,42.363697],[-71.057757,42.363616],[-71.056105,42.362402],[-71.05542,42.361957],[-71.054925,42.362046],[-71.053826,42.363303],[-71.052111,42.363676],[-71.051647,42.36311],[-71.0512,42.363712],[-71.05109,42.364175],[-71.046389,42.363935],[-71.045918,42.361164],[-71.0455,42.359825],[-71.045566,42.359733],[-71.049595,42.354497],[-71.05106,42.355131],[-71.050851,42.356671],[-71.052158,42.358666],[-71.053518,42.358356],[-71.055759,42.356913],[-71.05771,42.356777],[-71.058737,42.356988],[-71.05829,42.35741],[-71.06151,42.358336],[-71.062642,42.357977],[-71.062875,42.359483],[-71.062911,42.361229]]","1157","100 Blue Ledge Drive, Roslindale, Boston","[[-71.140653,42.275179],[-71.140269,42.275474],[-71.138649,42.276901],[-71.136998,42.278323],[-71.134785,42.276898],[-71.134626,42.276784],[-71.131642,42.274908],[-71.132703,42.274037],[-71.136592,42.27151],[-71.14065,42.274047],[-71.140653,42.275179]]","07/31/2016 - 08/28/2016, Every day, Daily Average",1891,1435,2491
"1116","Harborwalk, Waterfront, Boston","[[-71.062911,42.361229],[-71.061856,42.36243],[-71.058261,42.363697],[-71.057757,42.363616],[-71.056105,42.362402],[-71.05542,42.361957],[-71.054925,42.362046],[-71.053826,42.363303],[-71.052111,42.363676],[-71.051647,42.36311],[-71.0512,42.363712],[-71.05109,42.364175],[-71.046389,42.363935],[-71.045918,42.361164],[-71.0455,42.359825],[-71.045566,42.359733],[-71.049595,42.354497],[-71.05106,42.355131],[-71.050851,42.356671],[-71.052158,42.358666],[-71.053518,42.358356],[-71.055759,42.356913],[-71.05771,42.356777],[-71.058737,42.356988],[-71.05829,42.35741],[-71.06151,42.358336],[-71.062642,42.357977],[-71.062875,42.359483],[-71.062911,42.361229]]","1160","100 Austin Street, Hyde Park, Boston","[[-71.132138,42.271951],[-71.131121,42.273047],[-71.129434,42.27346],[-71.128245,42.274245],[-71.125794,42.273468],[-71.124914,42.272699],[-71.123587,42.271416],[-71.121776,42.270676],[-71.12144,42.270386],[-71.120607,42.270284],[-71.11827,42.266595],[-71.118027,42.264354],[-71.1181,42.264355],[-71.118161,42.264348],[-71.118247,42.264309],[-71.118285,42.264211],[-71.118271,42.264112],[-71.118251,42.264045],[-71.118038,42.263905],[-71.118957,42.261923],[-71.122036,42.262921],[-71.122972,42.263348],[-71.12326,42.26207],[-71.123565,42.262206],[-71.12613,42.263534],[-71.127334,42.264503],[-71.131617,42.268649],[-71.132138,42.271951]]","07/31/2016 - 08/28/2016, Every day, Daily Average",1790,1363,2349
"1116","Harborwalk, Waterfront, Boston","[[-71.062911,42.361229],[-71.061856,42.36243],[-71.058261,42.363697],[-71.057757,42.363616],[-71.056105,42.362402],[-71.05542,42.361957],[-71.054925,42.362046],[-71.053826,42.363303],[-71.052111,42.363676],[-71.051647,42.36311],[-71.0512,42.363712],[-71.05109,42.364175],[-71.046389,42.363935],[-71.045918,42.361164],[-71.0455,42.359825],[-71.045566,42.359733],[-71.049595,42.354497],[-71.05106,42.355131],[-71.050851,42.356671],[-71.052158,42.358666],[-71.053518,42.358356],[-71.055759,42.356913],[-71.05771,42.356777],[-71.058737,42.356988],[-71.05829,42.35741],[-71.06151,42.358336],[-71.062642,42.357977],[-71.062875,42.359483],[-71.062911,42.361229]]","1162","300 North Road, North Chelmsford, Chelmsford","[[-71.402016,42.617719],[-71.400462,42.620229],[-71.398067,42.621701],[-71.396561,42.622542],[-71.389853,42.627212],[-71.382147,42.632582],[-71.37895,42.635568],[-71.376556,42.637932],[-71.374252,42.639419],[-71.369495,42.637583],[-71.364738,42.637598],[-71.364345,42.636698],[-71.363847,42.635461],[-71.363103,42.633677],[-71.359945,42.626008],[-71.364515,42.623151],[-71.365633,42.623089],[-71.365223,42.622241],[-71.366375,42.621666],[-71.370554,42.61941],[-71.374145,42.618451],[-71.379044,42.619479],[-71.380424,42.620097],[-71.386947,42.620047],[-71.392002,42.620152],[-71.397263,42.619667],[-71.401437,42.617197],[-71.402016,42.617719]]","07/31/2016 - 08/28/2016, Every day, Daily Average",2126,1745,2589
"1116","Harborwalk, Waterfront, Boston","[[-71.062911,42.361229],[-71.061856,42.36243],[-71.058261,42.363697],[-71.057757,42.363616],[-71.056105,42.362402],[-71.05542,42.361957],[-71.054925,42.362046],[-71.053826,42.363303],[-71.052111,42.363676],[-71.051647,42.36311],[-71.0512,42.363712],[-71.05109,42.364175],[-71.046389,42.363935],[-71.045918,42.361164],[-71.0455,42.359825],[-71.045566,42.359733],[-71.049595,42.354497],[-71.05106,42.355131],[-71.050851,42.356671],[-71.052158,42.358666],[-71.053518,42.358356],[-71.055759,42.356913],[-71.05771,42.356777],[-71.058737,42.356988],[-71.05829,42.35741],[-71.06151,42.358336],[-71.062642,42.357977],[-71.062875,42.359483],[-71.062911,42.361229]]","1163","300 East Eagle Street, Eagle Hill, Boston","[[-71.039306,42.386624],[-71.039262,42.386831],[-71.038357,42.386529],[-71.031995,42.384597],[-71.027712,42.384041],[-71.022672,42.386265],[-71.022179,42.385393],[-71.022664,42.383916],[-71.021698,42.383539],[-71.023606,42.381372],[-71.022636,42.381739],[-71.021562,42.380143],[-71.025128,42.379753],[-71.027727,42.377211],[-71.029191,42.378128],[-71.02982,42.379051],[-71.030235,42.379663],[-71.034511,42.378069],[-71.034924,42.378685],[-71.032781,42.379486],[-71.033423,42.380522],[-71.033395,42.382611],[-71.039315,42.382606],[-71.039306,42.386624]]","07/31/2016 - 08/28/2016, Every day, Daily Average",466,255,850
"1116","Harborwalk, Waterfront, Boston","[[-71.062911,42.361229],[-71.061856,42.36243],[-71.058261,42.363697],[-71.057757,42.363616],[-71.056105,42.362402],[-71.05542,42.361957],[-71.054925,42.362046],[-71.053826,42.363303],[-71.052111,42.363676],[-71.051647,42.36311],[-71.0512,42.363712],[-71.05109,42.364175],[-71.046389,42.363935],[-71.045918,42.361164],[-71.0455,42.359825],[-71.045566,42.359733],[-71.049595,42.354497],[-71.05106,42.355131],[-71.050851,42.356671],[-71.052158,42.358666],[-71.053518,42.358356],[-71.055759,42.356913],[-71.05771,42.356777],[-71.058737,42.356988],[-71.05829,42.35741],[-71.06151,42.358336],[-71.062642,42.357977],[-71.062875,42.359483],[-71.062911,42.361229]]","1164","0 West Howell Street, Dorchester, Boston","[[-71.066431,42.326256],[-71.063553,42.330791],[-71.058241,42.329734],[-71.058265,42.328629],[-71.056915,42.328035],[-71.056868,42.326867],[-71.05685,42.326289],[-71.052904,42.32287],[-71.052456,42.321466],[-71.052124,42.319836],[-71.05257,42.319363],[-71.052746,42.319303],[-71.053854,42.318942],[-71.056724,42.318663],[-71.056726,42.31849],[-71.058834,42.3186],[-71.059596,42.318869],[-71.060846,42.319911],[-71.061481,42.3205],[-71.062131,42.320557],[-71.065383,42.321234],[-71.06594,42.321499],[-71.067507,42.323297],[-71.066431,42.326256]]","07/31/2016 - 08/28/2016, Every day, Daily Average",574,315,1042
"1116","Harborwalk, Waterfront, Boston","[[-71.062911,42.361229],[-71.061856,42.36243],[-71.058261,42.363697],[-71.057757,42.363616],[-71.056105,42.362402],[-71.05542,42.361957],[-71.054925,42.362046],[-71.053826,42.363303],[-71.052111,42.363676],[-71.051647,42.36311],[-71.0512,42.363712],[-71.05109,42.364175],[-71.046389,42.363935],[-71.045918,42.361164],[-71.0455,42.359825],[-71.045566,42.359733],[-71.049595,42.354497],[-71.05106,42.355131],[-71.050851,42.356671],[-71.052158,42.358666],[-71.053518,42.358356],[-71.055759,42.356913],[-71.05771,42.356777],[-71.058737,42.356988],[-71.05829,42.35741],[-71.06151,42.358336],[-71.062642,42.357977],[-71.062875,42.359483],[-71.062911,42.361229]]","1165","900 American Legion Highway, Roslindale, Boston","[[-71.124914,42.272699],[-71.121456,42.273776],[-71.121435,42.274639],[-71.120303,42.27842],[-71.120378,42.278776],[-71.119993,42.278819],[-71.119534,42.276868],[-71.117207,42.275871],[-71.115734,42.277295],[-71.116377,42.278859],[-71.115342,42.278039],[-71.114188,42.2771],[-71.110374,42.275065],[-71.109191,42.274363],[-71.108415,42.273505],[-71.106563,42.271768],[-71.103358,42.271002],[-71.104367,42.269534],[-71.101243,42.266829],[-71.099623,42.265501],[-71.099676,42.264841],[-71.097871,42.262826],[-71.103672,42.259723],[-71.104045,42.259831],[-71.105595,42.260862],[-71.1085,42.261061],[-71.106903,42.261928],[-71.107743,42.262975],[-71.10842,42.262591],[-71.110828,42.266065],[-71.111622,42.267359],[-71.110995,42.269039],[-71.116427,42.267112],[-71.11827,42.266595],[-71.120607,42.270284],[-71.12144,42.270386],[-71.121776,42.270676],[-71.123587,42.271416],[-71.124914,42.272699]]","07/31/2016 - 08/28/2016, Every day, Daily Average",1703,1278,2267
"1116","Harborwalk, Waterfront, Boston","[[-71.062911,42.361229],[-71.061856,42.36243],[-71.058261,42.363697],[-71.057757,42.363616],[-71.056105,42.362402],[-71.05542,42.361957],[-71.054925,42.362046],[-71.053826,42.363303],[-71.052111,42.363676],[-71.051647,42.36311],[-71.0512,42.363712],[-71.05109,42.364175],[-71.046389,42.363935],[-71.045918,42.361164],[-71.0455,42.359825],[-71.045566,42.359733],[-71.049595,42.354497],[-71.05106,42.355131],[-71.050851,42.356671],[-71.052158,42.358666],[-71.053518,42.358356],[-71.055759,42.356913],[-71.05771,42.356777],[-71.058737,42.356988],[-71.05829,42.35741],[-71.06151,42.358336],[-71.062642,42.357977],[-71.062875,42.359483],[-71.062911,42.361229]]","1170","0 Garden Avenue, Wilmington","[[-71.214108,42.570534],[-71.211144,42.573305],[-71.198854,42.56752],[-71.192646,42.564583],[-71.1908,42.567273],[-71.188538,42.570868],[-71.180546,42.583622],[-71.175223,42.592207],[-71.165557,42.597622],[-71.167937,42.583757],[-71.171618,42.561636],[-71.171941,42.56013],[-71.175379,42.549139],[-71.175277,42.54819],[-71.174075,42.546392],[-71.174345,42.546637],[-71.178845,42.551992],[-71.185672,42.556855],[-71.191989,42.5613],[-71.206125,42.566729],[-71.215128,42.570536],[-71.214108,42.570534]]","07/31/2016 - 08/28/2016, Every day, Daily Average",1302,1002,1691
"1116","Harborwalk, Waterfront, Boston","[[-71.062911,42.361229],[-71.061856,42.36243],[-71.058261,42.363697],[-71.057757,42.363616],[-71.056105,42.362402],[-71.05542,42.361957],[-71.054925,42.362046],[-71.053826,42.363303],[-71.052111,42.363676],[-71.051647,42.36311],[-71.0512,42.363712],[-71.05109,42.364175],[-71.046389,42.363935],[-71.045918,42.361164],[-71.0455,42.359825],[-71.045566,42.359733],[-71.049595,42.354497],[-71.05106,42.355131],[-71.050851,42.356671],[-71.052158,42.358666],[-71.053518,42.358356],[-71.055759,42.356913],[-71.05771,42.356777],[-71.058737,42.356988],[-71.05829,42.35741],[-71.06151,42.358336],[-71.062642,42.357977],[-71.062875,42.359483],[-71.062911,42.361229]]","1171","Dike Road, Stoneham","[[-71.114673,42.463365],[-71.109625,42.473892],[-71.112116,42.473818],[-71.112156,42.474268],[-71.113168,42.478697],[-71.110627,42.478772],[-71.109736,42.478981],[-71.103903,42.483118],[-71.101118,42.485823],[-71.100119,42.486166],[-71.099297,42.486314],[-71.099661,42.485065],[-71.094606,42.481327],[-71.09331,42.479262],[-71.094071,42.476841],[-71.094844,42.475822],[-71.094799,42.474559],[-71.097037,42.473755],[-71.097925,42.46974],[-71.096627,42.467383],[-71.100485,42.467214],[-71.100847,42.46578],[-71.101668,42.463049],[-71.10135,42.460206],[-71.102237,42.459037],[-71.102352,42.457186],[-71.104722,42.448847],[-71.119402,42.453445],[-71.114673,42.463365]]","07/31/2016 - 08/28/2016, Every day, Daily Average",754,524,1084
"1116","Harborwalk, Waterfront, Boston","[[-71.062911,42.361229],[-71.061856,42.36243],[-71.058261,42.363697],[-71.057757,42.363616],[-71.056105,42.362402],[-71.05542,42.361957],[-71.054925,42.362046],[-71.053826,42.363303],[-71.052111,42.363676],[-71.051647,42.36311],[-71.0512,42.363712],[-71.05109,42.364175],[-71.046389,42.363935],[-71.045918,42.361164],[-71.0455,42.359825],[-71.045566,42.359733],[-71.049595,42.354497],[-71.05106,42.355131],[-71.050851,42.356671],[-71.052158,42.358666],[-71.053518,42.358356],[-71.055759,42.356913],[-71.05771,42.356777],[-71.058737,42.356988],[-71.05829,42.35741],[-71.06151,42.358336],[-71.062642,42.357977],[-71.062875,42.359483],[-71.062911,42.361229]]","1173","300 Lafayette Street, Salem","[[-70.898261,42.507267],[-70.897394,42.508796],[-70.897182,42.511389],[-70.896587,42.511345],[-70.894468,42.510897],[-70.891855,42.511146],[-70.885993,42.512399],[-70.885719,42.512237],[-70.886045,42.510412],[-70.886366,42.508611],[-70.88185,42.505632],[-70.878729,42.505325],[-70.879544,42.50375],[-70.882245,42.502707],[-70.886761,42.498447],[-70.885726,42.497706],[-70.886004,42.496299],[-70.887312,42.497418],[-70.890931,42.498413],[-70.896048,42.502984],[-70.897858,42.504736],[-70.898261,42.507267]]","07/31/2016 - 08/28/2016, Every day, Daily Average",2359,1860,2990
"1116","Harborwalk, Waterfront, Boston","[[-71.062911,42.361229],[-71.061856,42.36243],[-71.058261,42.363697],[-71.057757,42.363616],[-71.056105,42.362402],[-71.05542,42.361957],[-71.054925,42.362046],[-71.053826,42.363303],[-71.052111,42.363676],[-71.051647,42.36311],[-71.0512,42.363712],[-71.05109,42.364175],[-71.046389,42.363935],[-71.045918,42.361164],[-71.0455,42.359825],[-71.045566,42.359733],[-71.049595,42.354497],[-71.05106,42.355131],[-71.050851,42.356671],[-71.052158,42.358666],[-71.053518,42.358356],[-71.055759,42.356913],[-71.05771,42.356777],[-71.058737,42.356988],[-71.05829,42.35741],[-71.06151,42.358336],[-71.062642,42.357977],[-71.062875,42.359483],[-71.062911,42.361229]]","1174","600 Lynn Fells Parkway, Melrose","[[-71.064669,42.456147],[-71.06312,42.458771],[-71.062235,42.46074],[-71.061844,42.463835],[-71.061423,42.466899],[-71.061137,42.469421],[-71.061269,42.472651],[-71.061329,42.474223],[-71.056658,42.475208],[-71.053496,42.475895],[-71.047789,42.469589],[-71.046878,42.468674],[-71.044729,42.465724],[-71.041596,42.462395],[-71.040044,42.460706],[-71.042377,42.45995],[-71.047082,42.459214],[-71.053,42.458304],[-71.061207,42.456977],[-71.064048,42.456208],[-71.064669,42.456147]]","07/31/2016 - 08/28/2016, Every day, Daily Average",1305,990,1718
"1116","Harborwalk, Waterfront, Boston","[[-71.062911,42.361229],[-71.061856,42.36243],[-71.058261,42.363697],[-71.057757,42.363616],[-71.056105,42.362402],[-71.05542,42.361957],[-71.054925,42.362046],[-71.053826,42.363303],[-71.052111,42.363676],[-71.051647,42.36311],[-71.0512,42.363712],[-71.05109,42.364175],[-71.046389,42.363935],[-71.045918,42.361164],[-71.0455,42.359825],[-71.045566,42.359733],[-71.049595,42.354497],[-71.05106,42.355131],[-71.050851,42.356671],[-71.052158,42.358666],[-71.053518,42.358356],[-71.055759,42.356913],[-71.05771,42.356777],[-71.058737,42.356988],[-71.05829,42.35741],[-71.06151,42.358336],[-71.062642,42.357977],[-71.062875,42.359483],[-71.062911,42.361229]]","1175","0 Fellsmere Road, Malden","[[-71.089062,42.429115],[-71.08836,42.429054],[-71.087263,42.43414],[-71.086852,42.43677],[-71.083177,42.433898],[-71.082271,42.433016],[-71.08177,42.431228],[-71.076787,42.43164],[-71.074826,42.431958],[-71.072307,42.432058],[-71.072106,42.432014],[-71.072993,42.429874],[-71.073968,42.427322],[-71.081065,42.426562],[-71.082356,42.426392],[-71.088287,42.424955],[-71.088665,42.424784],[-71.08943,42.426724],[-71.089062,42.429115]]","07/31/2016 - 08/28/2016, Every day, Daily Average",892,630,1261
"1116","Harborwalk, Waterfront, Boston","[[-71.062911,42.361229],[-71.061856,42.36243],[-71.058261,42.363697],[-71.057757,42.363616],[-71.056105,42.362402],[-71.05542,42.361957],[-71.054925,42.362046],[-71.053826,42.363303],[-71.052111,42.363676],[-71.051647,42.36311],[-71.0512,42.363712],[-71.05109,42.364175],[-71.046389,42.363935],[-71.045918,42.361164],[-71.0455,42.359825],[-71.045566,42.359733],[-71.049595,42.354497],[-71.05106,42.355131],[-71.050851,42.356671],[-71.052158,42.358666],[-71.053518,42.358356],[-71.055759,42.356913],[-71.05771,42.356777],[-71.058737,42.356988],[-71.05829,42.35741],[-71.06151,42.358336],[-71.062642,42.357977],[-71.062875,42.359483],[-71.062911,42.361229]]","1177","0 Louds Avenue, Weymouth","[[-70.971719,42.199877],[-70.969457,42.214923],[-70.969071,42.217412],[-70.967684,42.220662],[-70.96809,42.221519],[-70.966936,42.22188],[-70.96453,42.22392],[-70.96262,42.22421],[-70.95714,42.22473],[-70.95621,42.22496],[-70.95514,42.22153],[-70.95145,42.22268],[-70.94878,42.22203],[-70.94954,42.21927],[-70.94852,42.2178],[-70.9492,42.21569],[-70.95017,42.21496],[-70.94826,42.21183],[-70.94604,42.21026],[-70.94363,42.20969],[-70.94303,42.20782],[-70.943249,42.20512],[-70.94557,42.201446],[-70.94602,42.20081],[-70.950271,42.200676],[-70.95583,42.199491],[-70.95811,42.20106],[-70.95896,42.20499],[-70.96561,42.20356],[-70.96653,42.20451],[-70.969471,42.202269],[-70.97085,42.1939],[-70.97011,42.1923],[-70.970668,42.188236],[-70.97131,42.18715],[-70.973636,42.18719],[-70.971719,42.199877]]","07/31/2016 - 08/28/2016, Every day, Daily Average",1367,976,1912
"1116","Harborwalk, Waterfront, Boston","[[-71.062911,42.361229],[-71.061856,42.36243],[-71.058261,42.363697],[-71.057757,42.363616],[-71.056105,42.362402],[-71.05542,42.361957],[-71.054925,42.362046],[-71.053826,42.363303],[-71.052111,42.363676],[-71.051647,42.36311],[-71.0512,42.363712],[-71.05109,42.364175],[-71.046389,42.363935],[-71.045918,42.361164],[-71.0455,42.359825],[-71.045566,42.359733],[-71.049595,42.354497],[-71.05106,42.355131],[-71.050851,42.356671],[-71.052158,42.358666],[-71.053518,42.358356],[-71.055759,42.356913],[-71.05771,42.356777],[-71.058737,42.356988],[-71.05829,42.35741],[-71.06151,42.358336],[-71.062642,42.357977],[-71.062875,42.359483],[-71.062911,42.361229]]","1178","0 Trustman Terrace, East Boston, Boston","[[-71.023606,42.381372],[-71.021698,42.383539],[-71.022664,42.383916],[-71.022179,42.385393],[-71.022672,42.386265],[-71.022428,42.386373],[-71.020512,42.387641],[-71.017794,42.390697],[-71.016094,42.395897],[-71.013395,42.397398],[-71.011272,42.396589],[-71.01193,42.395752],[-71.010001,42.39549],[-71.011609,42.393493],[-71.013048,42.391468],[-71.012662,42.390976],[-71.011829,42.390088],[-71.008046,42.38712],[-71.010842,42.386132],[-71.010149,42.3851],[-71.013395,42.382899],[-71.011268,42.380653],[-71.013454,42.380871],[-71.013472,42.379547],[-71.016008,42.380919],[-71.021562,42.380143],[-71.022636,42.381739],[-71.023606,42.381372]]","07/31/2016 - 08/28/2016, Every day, Daily Average",504,297,853
"1116","Harborwalk, Waterfront, Boston","[[-71.062911,42.361229],[-71.061856,42.36243],[-71.058261,42.363697],[-71.057757,42.363616],[-71.056105,42.362402],[-71.05542,42.361957],[-71.054925,42.362046],[-71.053826,42.363303],[-71.052111,42.363676],[-71.051647,42.36311],[-71.0512,42.363712],[-71.05109,42.364175],[-71.046389,42.363935],[-71.045918,42.361164],[-71.0455,42.359825],[-71.045566,42.359733],[-71.049595,42.354497],[-71.05106,42.355131],[-71.050851,42.356671],[-71.052158,42.358666],[-71.053518,42.358356],[-71.055759,42.356913],[-71.05771,42.356777],[-71.058737,42.356988],[-71.05829,42.35741],[-71.06151,42.358336],[-71.062642,42.357977],[-71.062875,42.359483],[-71.062911,42.361229]]","1179","100 West Canton Street, Columbus, Boston","[[-71.080082,42.344219],[-71.078086,42.345821],[-71.076028,42.347309],[-71.076201,42.347911],[-71.075163,42.348159],[-71.072,42.349022],[-71.072692,42.347931],[-71.073531,42.347262],[-71.075253,42.345884],[-71.074872,42.345105],[-71.074488,42.344297],[-71.075936,42.343915],[-71.0782,42.343266],[-71.078561,42.343211],[-71.079972,42.34415],[-71.080082,42.344219]]","07/31/2016 - 08/28/2016, Every day, Daily Average",617,354,1074
"1116","Harborwalk, Waterfront, Boston","[[-71.062911,42.361229],[-71.061856,42.36243],[-71.058261,42.363697],[-71.057757,42.363616],[-71.056105,42.362402],[-71.05542,42.361957],[-71.054925,42.362046],[-71.053826,42.363303],[-71.052111,42.363676],[-71.051647,42.36311],[-71.0512,42.363712],[-71.05109,42.364175],[-71.046389,42.363935],[-71.045918,42.361164],[-71.0455,42.359825],[-71.045566,42.359733],[-71.049595,42.354497],[-71.05106,42.355131],[-71.050851,42.356671],[-71.052158,42.358666],[-71.053518,42.358356],[-71.055759,42.356913],[-71.05771,42.356777],[-71.058737,42.356988],[-71.05829,42.35741],[-71.06151,42.358336],[-71.062642,42.357977],[-71.062875,42.359483],[-71.062911,42.361229]]","1181","0 Butternut Avenue, Peabody","[[-71.031957,42.552647],[-71.030976,42.552961],[-71.022995,42.552955],[-71.015365,42.550046],[-71.010889,42.549777],[-71.009427,42.549804],[-71.007257,42.549811],[-71.005025,42.549798],[-71.001819,42.549219],[-71.000967,42.549489],[-70.999505,42.550464],[-70.999078,42.550324],[-70.997796,42.549779],[-70.993593,42.548816],[-70.990882,42.548444],[-70.987679,42.548904],[-70.985115,42.548962],[-70.983311,42.548385],[-70.986078,42.542581],[-70.989233,42.536068],[-70.995165,42.526004],[-70.99695,42.522546],[-70.999377,42.519385],[-71.005288,42.522992],[-71.01693,42.535558],[-71.019695,42.538456],[-71.031558,42.551203],[-71.031957,42.552647]]","07/31/2016 - 08/28/2016, Every day, Daily Average",1931,1291,2887
"1116","Harborwalk, Waterfront, Boston","[[-71.062911,42.361229],[-71.061856,42.36243],[-71.058261,42.363697],[-71.057757,42.363616],[-71.056105,42.362402],[-71.05542,42.361957],[-71.054925,42.362046],[-71.053826,42.363303],[-71.052111,42.363676],[-71.051647,42.36311],[-71.0512,42.363712],[-71.05109,42.364175],[-71.046389,42.363935],[-71.045918,42.361164],[-71.0455,42.359825],[-71.045566,42.359733],[-71.049595,42.354497],[-71.05106,42.355131],[-71.050851,42.356671],[-71.052158,42.358666],[-71.053518,42.358356],[-71.055759,42.356913],[-71.05771,42.356777],[-71.058737,42.356988],[-71.05829,42.35741],[-71.06151,42.358336],[-71.062642,42.357977],[-71.062875,42.359483],[-71.062911,42.361229]]","1182","0 Park Street, Andover, Andover","[[-71.15079,42.652789],[-71.148374,42.655738],[-71.146885,42.657236],[-71.148196,42.6587],[-71.149996,42.65933],[-71.147976,42.661454],[-71.14472,42.662706],[-71.142006,42.662563],[-71.136593,42.66318],[-71.135005,42.662698],[-71.130774,42.665456],[-71.130127,42.666111],[-71.126835,42.671815],[-71.118756,42.661023],[-71.120221,42.658402],[-71.12444,42.656742],[-71.129335,42.656648],[-71.129693,42.654214],[-71.135476,42.651909],[-71.137032,42.651329],[-71.139532,42.651694],[-71.143194,42.648245],[-71.144713,42.649003],[-71.144797,42.649476],[-71.146361,42.647699],[-71.150746,42.647526],[-71.15079,42.652789]]","07/31/2016 - 08/28/2016, Every day, Daily Average",1817,1466,2251
"1116","Harborwalk, Waterfront, Boston","[[-71.062911,42.361229],[-71.061856,42.36243],[-71.058261,42.363697],[-71.057757,42.363616],[-71.056105,42.362402],[-71.05542,42.361957],[-71.054925,42.362046],[-71.053826,42.363303],[-71.052111,42.363676],[-71.051647,42.36311],[-71.0512,42.363712],[-71.05109,42.364175],[-71.046389,42.363935],[-71.045918,42.361164],[-71.0455,42.359825],[-71.045566,42.359733],[-71.049595,42.354497],[-71.05106,42.355131],[-71.050851,42.356671],[-71.052158,42.358666],[-71.053518,42.358356],[-71.055759,42.356913],[-71.05771,42.356777],[-71.058737,42.356988],[-71.05829,42.35741],[-71.06151,42.358336],[-71.062642,42.357977],[-71.062875,42.359483],[-71.062911,42.361229]]","1184","200 Walnut Street, Stoughton","[[-71.101689,42.135494],[-71.09428,42.13428],[-71.08845,42.1316],[-71.08409,42.12973],[-71.0771,42.12845],[-71.070343,42.125893],[-71.06995,42.12541],[-71.07407,42.12319],[-71.07202,42.11319],[-71.074215,42.112046],[-71.080782,42.115129],[-71.086718,42.120141],[-71.09523,42.11986],[-71.09565,42.12033],[-71.09739,42.12186],[-71.09868,42.1223],[-71.10132,42.12008],[-71.101541,42.124163],[-71.102244,42.125112],[-71.101689,42.135494]]","07/31/2016 - 08/28/2016, Every day, Daily Average",1861,1339,2585
"1116","Harborwalk, Waterfront, Boston","[[-71.062911,42.361229],[-71.061856,42.36243],[-71.058261,42.363697],[-71.057757,42.363616],[-71.056105,42.362402],[-71.05542,42.361957],[-71.054925,42.362046],[-71.053826,42.363303],[-71.052111,42.363676],[-71.051647,42.36311],[-71.0512,42.363712],[-71.05109,42.364175],[-71.046389,42.363935],[-71.045918,42.361164],[-71.0455,42.359825],[-71.045566,42.359733],[-71.049595,42.354497],[-71.05106,42.355131],[-71.050851,42.356671],[-71.052158,42.358666],[-71.053518,42.358356],[-71.055759,42.356913],[-71.05771,42.356777],[-71.058737,42.356988],[-71.05829,42.35741],[-71.06151,42.358336],[-71.062642,42.357977],[-71.062875,42.359483],[-71.062911,42.361229]]","1185","0 Parsons Street, Brighton, Boston","[[-71.160565,42.352671],[-71.158594,42.353813],[-71.158059,42.354074],[-71.156709,42.354735],[-71.156135,42.355353],[-71.154329,42.355676],[-71.153762,42.357525],[-71.153194,42.357226],[-71.149082,42.356151],[-71.149965,42.3548],[-71.150358,42.354193],[-71.150881,42.35335],[-71.146743,42.352294],[-71.147862,42.350345],[-71.151915,42.35164],[-71.152384,42.350903],[-71.153421,42.349458],[-71.153449,42.349146],[-71.155746,42.349114],[-71.159612,42.348891],[-71.160437,42.348916],[-71.160304,42.352141],[-71.160565,42.352671]]","07/31/2016 - 08/28/2016, Every day, Daily Average",1341,1017,1768
"1116","Harborwalk, Waterfront, Boston","[[-71.062911,42.361229],[-71.061856,42.36243],[-71.058261,42.363697],[-71.057757,42.363616],[-71.056105,42.362402],[-71.05542,42.361957],[-71.054925,42.362046],[-71.053826,42.363303],[-71.052111,42.363676],[-71.051647,42.36311],[-71.0512,42.363712],[-71.05109,42.364175],[-71.046389,42.363935],[-71.045918,42.361164],[-71.0455,42.359825],[-71.045566,42.359733],[-71.049595,42.354497],[-71.05106,42.355131],[-71.050851,42.356671],[-71.052158,42.358666],[-71.053518,42.358356],[-71.055759,42.356913],[-71.05771,42.356777],[-71.058737,42.356988],[-71.05829,42.35741],[-71.06151,42.358336],[-71.062642,42.357977],[-71.062875,42.359483],[-71.062911,42.361229]]","1186","0 Norway Park, Hyde Park, Boston","[[-71.126233,42.242667],[-71.125842,42.246093],[-71.122439,42.250058],[-71.122839,42.250485],[-71.122884,42.251849],[-71.12063,42.252113],[-71.118894,42.253161],[-71.1184,42.253924],[-71.115465,42.256873],[-71.114246,42.258162],[-71.113277,42.258912],[-71.112938,42.258641],[-71.112468,42.258176],[-71.109544,42.255412],[-71.109465,42.25241],[-71.109347,42.24799],[-71.112057,42.246585],[-71.114563,42.245284],[-71.116529,42.244274],[-71.12567,42.239527],[-71.126184,42.241615],[-71.126233,42.242667]]","07/31/2016 - 08/28/2016, Every day, Daily Average",1719,1229,2404
"1116","Harborwalk, Waterfront, Boston","[[-71.062911,42.361229],[-71.061856,42.36243],[-71.058261,42.363697],[-71.057757,42.363616],[-71.056105,42.362402],[-71.05542,42.361957],[-71.054925,42.362046],[-71.053826,42.363303],[-71.052111,42.363676],[-71.051647,42.36311],[-71.0512,42.363712],[-71.05109,42.364175],[-71.046389,42.363935],[-71.045918,42.361164],[-71.0455,42.359825],[-71.045566,42.359733],[-71.049595,42.354497],[-71.05106,42.355131],[-71.050851,42.356671],[-71.052158,42.358666],[-71.053518,42.358356],[-71.055759,42.356913],[-71.05771,42.356777],[-71.058737,42.356988],[-71.05829,42.35741],[-71.06151,42.358336],[-71.062642,42.357977],[-71.062875,42.359483],[-71.062911,42.361229]]","1189","0 Fairbanks Street, Brighton, Boston","[[-71.167643,42.353787],[-71.165196,42.353316],[-71.164216,42.355519],[-71.162785,42.354822],[-71.162557,42.355534],[-71.161769,42.35818],[-71.160899,42.358625],[-71.154693,42.358139],[-71.153762,42.357525],[-71.154329,42.355676],[-71.156135,42.355353],[-71.156709,42.354735],[-71.158059,42.354074],[-71.158594,42.353813],[-71.160565,42.352671],[-71.160304,42.352141],[-71.160437,42.348916],[-71.162138,42.348989],[-71.163093,42.349041],[-71.163333,42.349115],[-71.165392,42.350272],[-71.167605,42.350604],[-71.167584,42.351212],[-71.167806,42.352837],[-71.167643,42.353787]]","07/31/2016 - 08/28/2016, Every day, Daily Average",936,626,1398
"1116","Harborwalk, Waterfront, Boston","[[-71.062911,42.361229],[-71.061856,42.36243],[-71.058261,42.363697],[-71.057757,42.363616],[-71.056105,42.362402],[-71.05542,42.361957],[-71.054925,42.362046],[-71.053826,42.363303],[-71.052111,42.363676],[-71.051647,42.36311],[-71.0512,42.363712],[-71.05109,42.364175],[-71.046389,42.363935],[-71.045918,42.361164],[-71.0455,42.359825],[-71.045566,42.359733],[-71.049595,42.354497],[-71.05106,42.355131],[-71.050851,42.356671],[-71.052158,42.358666],[-71.053518,42.358356],[-71.055759,42.356913],[-71.05771,42.356777],[-71.058737,42.356988],[-71.05829,42.35741],[-71.06151,42.358336],[-71.062642,42.357977],[-71.062875,42.359483],[-71.062911,42.361229]]","1190","0 Willow Avenue, Davis Square, Somerville","[[-71.127788,42.397506],[-71.125415,42.397559],[-71.122901,42.396991],[-71.122166,42.396674],[-71.120152,42.396238],[-71.116034,42.395227],[-71.113676,42.39483],[-71.114898,42.393292],[-71.115142,42.392783],[-71.115738,42.391839],[-71.117085,42.389581],[-71.120214,42.392641],[-71.120974,42.393706],[-71.122987,42.392377],[-71.124368,42.393653],[-71.127375,42.397085],[-71.127788,42.397506]]","07/31/2016 - 08/28/2016, Every day, Daily Average",1136,829,1555
"1116","Harborwalk, Waterfront, Boston","[[-71.062911,42.361229],[-71.061856,42.36243],[-71.058261,42.363697],[-71.057757,42.363616],[-71.056105,42.362402],[-71.05542,42.361957],[-71.054925,42.362046],[-71.053826,42.363303],[-71.052111,42.363676],[-71.051647,42.36311],[-71.0512,42.363712],[-71.05109,42.364175],[-71.046389,42.363935],[-71.045918,42.361164],[-71.0455,42.359825],[-71.045566,42.359733],[-71.049595,42.354497],[-71.05106,42.355131],[-71.050851,42.356671],[-71.052158,42.358666],[-71.053518,42.358356],[-71.055759,42.356913],[-71.05771,42.356777],[-71.058737,42.356988],[-71.05829,42.35741],[-71.06151,42.358336],[-71.062642,42.357977],[-71.062875,42.359483],[-71.062911,42.361229]]","1191","0 Springfield Street, Lawrence","[[-71.165135,42.701314],[-71.160196,42.703293],[-71.153384,42.704208],[-71.150297,42.704425],[-71.145902,42.705491],[-71.137253,42.707197],[-71.13728,42.706733],[-71.137083,42.704353],[-71.140022,42.703378],[-71.142778,42.698923],[-71.144857,42.698985],[-71.146444,42.699747],[-71.147547,42.696724],[-71.150733,42.696004],[-71.153403,42.695769],[-71.154412,42.695667],[-71.157369,42.694951],[-71.160292,42.694049],[-71.1616,42.695808],[-71.16169,42.696146],[-71.161811,42.697424],[-71.162417,42.69874],[-71.165135,42.701314]]","07/31/2016 - 08/28/2016, Every day, Daily Average",1944,1496,2525
"1116","Harborwalk, Waterfront, Boston","[[-71.062911,42.361229],[-71.061856,42.36243],[-71.058261,42.363697],[-71.057757,42.363616],[-71.056105,42.362402],[-71.05542,42.361957],[-71.054925,42.362046],[-71.053826,42.363303],[-71.052111,42.363676],[-71.051647,42.36311],[-71.0512,42.363712],[-71.05109,42.364175],[-71.046389,42.363935],[-71.045918,42.361164],[-71.0455,42.359825],[-71.045566,42.359733],[-71.049595,42.354497],[-71.05106,42.355131],[-71.050851,42.356671],[-71.052158,42.358666],[-71.053518,42.358356],[-71.055759,42.356913],[-71.05771,42.356777],[-71.058737,42.356988],[-71.05829,42.35741],[-71.06151,42.358336],[-71.062642,42.357977],[-71.062875,42.359483],[-71.062911,42.361229]]","1192","0 Woodside Road, Winchester","[[-71.164285,42.459721],[-71.156159,42.456879],[-71.153098,42.462495],[-71.152282,42.463783],[-71.150538,42.464265],[-71.148584,42.460676],[-71.147179,42.460573],[-71.146267,42.460769],[-71.144778,42.459446],[-71.138897,42.456871],[-71.138384,42.456957],[-71.137307,42.453307],[-71.137012,42.453019],[-71.13764,42.451351],[-71.140103,42.444911],[-71.144042,42.446978],[-71.14741,42.448845],[-71.148106,42.449678],[-71.154135,42.447344],[-71.159301,42.454729],[-71.160047,42.456858],[-71.164285,42.459721]]","07/31/2016 - 08/28/2016, Every day, Daily Average",1111,829,1488
"1116","Harborwalk, Waterfront, Boston","[[-71.062911,42.361229],[-71.061856,42.36243],[-71.058261,42.363697],[-71.057757,42.363616],[-71.056105,42.362402],[-71.05542,42.361957],[-71.054925,42.362046],[-71.053826,42.363303],[-71.052111,42.363676],[-71.051647,42.36311],[-71.0512,42.363712],[-71.05109,42.364175],[-71.046389,42.363935],[-71.045918,42.361164],[-71.0455,42.359825],[-71.045566,42.359733],[-71.049595,42.354497],[-71.05106,42.355131],[-71.050851,42.356671],[-71.052158,42.358666],[-71.053518,42.358356],[-71.055759,42.356913],[-71.05771,42.356777],[-71.058737,42.356988],[-71.05829,42.35741],[-71.06151,42.358336],[-71.062642,42.357977],[-71.062875,42.359483],[-71.062911,42.361229]]","1193","1100 Beacon Street, Brookline","[[-71.11718,42.34314],[-71.116576,42.346781],[-71.11662,42.34729],[-71.11617,42.3493],[-71.115808,42.351017],[-71.113784,42.35078],[-71.110936,42.350446],[-71.10657,42.349912],[-71.106702,42.349433],[-71.106854,42.348759],[-71.106894,42.348588],[-71.107213,42.347049],[-71.10674,42.34604],[-71.105796,42.344397],[-71.105938,42.343808],[-71.110637,42.34041],[-71.11116,42.34045],[-71.11255,42.34046],[-71.11298,42.340469],[-71.11753,42.34097],[-71.11718,42.34314]]","07/31/2016 - 08/28/2016, Every day, Daily Average",760,482,1198
"1116","Harborwalk, Waterfront, Boston","[[-71.062911,42.361229],[-71.061856,42.36243],[-71.058261,42.363697],[-71.057757,42.363616],[-71.056105,42.362402],[-71.05542,42.361957],[-71.054925,42.362046],[-71.053826,42.363303],[-71.052111,42.363676],[-71.051647,42.36311],[-71.0512,42.363712],[-71.05109,42.364175],[-71.046389,42.363935],[-71.045918,42.361164],[-71.0455,42.359825],[-71.045566,42.359733],[-71.049595,42.354497],[-71.05106,42.355131],[-71.050851,42.356671],[-71.052158,42.358666],[-71.053518,42.358356],[-71.055759,42.356913],[-71.05771,42.356777],[-71.058737,42.356988],[-71.05829,42.35741],[-71.06151,42.358336],[-71.062642,42.357977],[-71.062875,42.359483],[-71.062911,42.361229]]","1195","0 Howe Street, Dorchester, Boston","[[-71.06972,42.311639],[-71.068499,42.312726],[-71.067429,42.314603],[-71.06564,42.314849],[-71.064602,42.314769],[-71.064213,42.314105],[-71.060403,42.312552],[-71.058881,42.312771],[-71.059509,42.310681],[-71.05981,42.31019],[-71.059993,42.3101],[-71.060061,42.31008],[-71.060224,42.310072],[-71.060454,42.310097],[-71.060746,42.310205],[-71.061387,42.308742],[-71.063907,42.308347],[-71.06503,42.30808],[-71.066298,42.309163],[-71.068416,42.31066],[-71.070217,42.311334],[-71.06972,42.311639]]","07/31/2016 - 08/28/2016, Every day, Daily Average",989,655,1491
"1116","Harborwalk, Waterfront, Boston","[[-71.062911,42.361229],[-71.061856,42.36243],[-71.058261,42.363697],[-71.057757,42.363616],[-71.056105,42.362402],[-71.05542,42.361957],[-71.054925,42.362046],[-71.053826,42.363303],[-71.052111,42.363676],[-71.051647,42.36311],[-71.0512,42.363712],[-71.05109,42.364175],[-71.046389,42.363935],[-71.045918,42.361164],[-71.0455,42.359825],[-71.045566,42.359733],[-71.049595,42.354497],[-71.05106,42.355131],[-71.050851,42.356671],[-71.052158,42.358666],[-71.053518,42.358356],[-71.055759,42.356913],[-71.05771,42.356777],[-71.058737,42.356988],[-71.05829,42.35741],[-71.06151,42.358336],[-71.062642,42.357977],[-71.062875,42.359483],[-71.062911,42.361229]]","1197","100 North Pearl Street, Brockton","[[-71.080192,42.095699],[-71.079343,42.096027],[-71.067001,42.100895],[-71.061249,42.103215],[-71.057766,42.10457],[-71.057562,42.103313],[-71.057483,42.101201],[-71.057695,42.099399],[-71.059154,42.093977],[-71.048576,42.089592],[-71.046781,42.088729],[-71.047908,42.088464],[-71.052384,42.08791],[-71.055701,42.087522],[-71.060693,42.088364],[-71.064203,42.089236],[-71.071763,42.089563],[-71.075535,42.088721],[-71.078758,42.088274],[-71.080483,42.095539],[-71.080192,42.095699]]","07/31/2016 - 08/28/2016, Every day, Daily Average",1842,1343,2525
"1116","Harborwalk, Waterfront, Boston","[[-71.062911,42.361229],[-71.061856,42.36243],[-71.058261,42.363697],[-71.057757,42.363616],[-71.056105,42.362402],[-71.05542,42.361957],[-71.054925,42.362046],[-71.053826,42.363303],[-71.052111,42.363676],[-71.051647,42.36311],[-71.0512,42.363712],[-71.05109,42.364175],[-71.046389,42.363935],[-71.045918,42.361164],[-71.0455,42.359825],[-71.045566,42.359733],[-71.049595,42.354497],[-71.05106,42.355131],[-71.050851,42.356671],[-71.052158,42.358666],[-71.053518,42.358356],[-71.055759,42.356913],[-71.05771,42.356777],[-71.058737,42.356988],[-71.05829,42.35741],[-71.06151,42.358336],[-71.062642,42.357977],[-71.062875,42.359483],[-71.062911,42.361229]]","1198","100 Ashland Street, Malden","[[-71.076803,42.41763],[-71.075668,42.417633],[-71.07192,42.418062],[-71.069435,42.418173],[-71.069735,42.421825],[-71.067285,42.423295],[-71.066331,42.423681],[-71.064661,42.424463],[-71.062972,42.423244],[-71.061852,42.422328],[-71.059978,42.420851],[-71.05685,42.418671],[-71.059881,42.416388],[-71.061584,42.41561],[-71.062283,42.415529],[-71.064559,42.415334],[-71.071079,42.414912],[-71.073296,42.414796],[-71.073196,42.412996],[-71.074526,42.41253],[-71.076798,42.413265],[-71.076803,42.41763]]","07/31/2016 - 08/28/2016, Every day, Daily Average",917,616,1363
"1116","Harborwalk, Waterfront, Boston","[[-71.062911,42.361229],[-71.061856,42.36243],[-71.058261,42.363697],[-71.057757,42.363616],[-71.056105,42.362402],[-71.05542,42.361957],[-71.054925,42.362046],[-71.053826,42.363303],[-71.052111,42.363676],[-71.051647,42.36311],[-71.0512,42.363712],[-71.05109,42.364175],[-71.046389,42.363935],[-71.045918,42.361164],[-71.0455,42.359825],[-71.045566,42.359733],[-71.049595,42.354497],[-71.05106,42.355131],[-71.050851,42.356671],[-71.052158,42.358666],[-71.053518,42.358356],[-71.055759,42.356913],[-71.05771,42.356777],[-71.058737,42.356988],[-71.05829,42.35741],[-71.06151,42.358336],[-71.062642,42.357977],[-71.062875,42.359483],[-71.062911,42.361229]]","1199","Lifecourse Trail, Newton Highlands, Newton","[[-71.226746,42.323585],[-71.220915,42.321003],[-71.218622,42.322346],[-71.221045,42.323251],[-71.218367,42.328327],[-71.218868,42.330564],[-71.218062,42.330646],[-71.21408,42.331064],[-71.213233,42.33117],[-71.207015,42.330824],[-71.20618,42.328041],[-71.206173,42.327839],[-71.203343,42.327004],[-71.20143,42.322772],[-71.202843,42.321832],[-71.202011,42.319177],[-71.204084,42.3192],[-71.207731,42.319356],[-71.208569,42.319308],[-71.209663,42.319199],[-71.21195,42.318883],[-71.212518,42.318787],[-71.225777,42.317066],[-71.226875,42.322617],[-71.226746,42.323585]]","07/31/2016 - 08/28/2016, Every day, Daily Average",1629,1266,2094
"1116","Harborwalk, Waterfront, Boston","[[-71.062911,42.361229],[-71.061856,42.36243],[-71.058261,42.363697],[-71.057757,42.363616],[-71.056105,42.362402],[-71.05542,42.361957],[-71.054925,42.362046],[-71.053826,42.363303],[-71.052111,42.363676],[-71.051647,42.36311],[-71.0512,42.363712],[-71.05109,42.364175],[-71.046389,42.363935],[-71.045918,42.361164],[-71.0455,42.359825],[-71.045566,42.359733],[-71.049595,42.354497],[-71.05106,42.355131],[-71.050851,42.356671],[-71.052158,42.358666],[-71.053518,42.358356],[-71.055759,42.356913],[-71.05771,42.356777],[-71.058737,42.356988],[-71.05829,42.35741],[-71.06151,42.358336],[-71.062642,42.357977],[-71.062875,42.359483],[-71.062911,42.361229]]","1202","0 Charles Street, East Weymouth, Weymouth","[[-70.9492,42.21569],[-70.94852,42.2178],[-70.947267,42.218802],[-70.94395,42.22022],[-70.94032,42.22189],[-70.93894,42.22234],[-70.94002,42.22522],[-70.93665,42.22465],[-70.93521,42.2243],[-70.93272,42.22314],[-70.92758,42.2191],[-70.926669,42.21708],[-70.92528,42.21572],[-70.92538,42.21339],[-70.92715,42.21238],[-70.92792,42.21222],[-70.930823,42.209747],[-70.933009,42.208671],[-70.935393,42.206426],[-70.938226,42.20246],[-70.938633,42.199793],[-70.94557,42.201446],[-70.943249,42.20512],[-70.94303,42.20782],[-70.94363,42.20969],[-70.94604,42.21026],[-70.94826,42.21183],[-70.95017,42.21496],[-70.9492,42.21569]]","07/31/2016 - 08/28/2016, Every day, Daily Average",1704,1288,2253
"1116","Harborwalk, Waterfront, Boston","[[-71.062911,42.361229],[-71.061856,42.36243],[-71.058261,42.363697],[-71.057757,42.363616],[-71.056105,42.362402],[-71.05542,42.361957],[-71.054925,42.362046],[-71.053826,42.363303],[-71.052111,42.363676],[-71.051647,42.36311],[-71.0512,42.363712],[-71.05109,42.364175],[-71.046389,42.363935],[-71.045918,42.361164],[-71.0455,42.359825],[-71.045566,42.359733],[-71.049595,42.354497],[-71.05106,42.355131],[-71.050851,42.356671],[-71.052158,42.358666],[-71.053518,42.358356],[-71.055759,42.356913],[-71.05771,42.356777],[-71.058737,42.356988],[-71.05829,42.35741],[-71.06151,42.358336],[-71.062642,42.357977],[-71.062875,42.359483],[-71.062911,42.361229]]","1207","0 Bay State Circle, Abington","[[-70.977437,42.137011],[-70.970875,42.13958],[-70.954646,42.145942],[-70.948963,42.148156],[-70.940828,42.151341],[-70.940595,42.151103],[-70.936537,42.135996],[-70.936378,42.134916],[-70.934629,42.128347],[-70.940974,42.12633],[-70.946983,42.123872],[-70.947457,42.122836],[-70.94935,42.12283],[-70.949991,42.129271],[-70.952305,42.129389],[-70.964878,42.130222],[-70.96822,42.131482],[-70.972459,42.136037],[-70.975509,42.135461],[-70.977437,42.137011]]","07/31/2016 - 08/28/2016, Every day, Daily Average",1705,1376,2111
"1116","Harborwalk, Waterfront, Boston","[[-71.062911,42.361229],[-71.061856,42.36243],[-71.058261,42.363697],[-71.057757,42.363616],[-71.056105,42.362402],[-71.05542,42.361957],[-71.054925,42.362046],[-71.053826,42.363303],[-71.052111,42.363676],[-71.051647,42.36311],[-71.0512,42.363712],[-71.05109,42.364175],[-71.046389,42.363935],[-71.045918,42.361164],[-71.0455,42.359825],[-71.045566,42.359733],[-71.049595,42.354497],[-71.05106,42.355131],[-71.050851,42.356671],[-71.052158,42.358666],[-71.053518,42.358356],[-71.055759,42.356913],[-71.05771,42.356777],[-71.058737,42.356988],[-71.05829,42.35741],[-71.06151,42.358336],[-71.062642,42.357977],[-71.062875,42.359483],[-71.062911,42.361229]]","1208","0 1st Street, Bridgewater","[[-71.054184,41.982716],[-71.028551,41.990356],[-71.002716,41.998041],[-70.990607,42.003908],[-70.980967,42.00675],[-70.980385,42.003234],[-70.979438,42.000858],[-70.976556,41.996656],[-70.970377,41.989976],[-70.972348,41.989093],[-70.975114,41.989924],[-70.978136,41.987435],[-70.981381,41.983224],[-70.982254,41.982011],[-70.984585,41.98294],[-70.98686,41.986951],[-70.989458,41.98665],[-70.991029,41.985366],[-70.996245,41.97808],[-70.999287,41.975251],[-71.00228,41.973783],[-71.002724,41.972177],[-71.005289,41.967382],[-71.00743,41.95985],[-71.007383,41.959324],[-71.004925,41.95441],[-71.004008,41.950938],[-71.002419,41.947648],[-70.996651,41.940272],[-70.994671,41.936586],[-70.993453,41.935906],[-70.987347,41.936284],[-70.987701,41.934619],[-70.990037,41.931675],[-70.998237,41.933804],[-70.998288,41.930557],[-70.999705,41.929592],[-70.999946,41.929874],[-71.010005,41.939655],[-71.017616,41.944451],[-71.021046,41.946407],[-71.042627,41.959516],[-71.049498,41.96315],[-71.049776,41.964307],[-71.054184,41.982716]]","07/31/2016 - 08/28/2016, Every day, Daily Average",2475,1842,3325
"1116","Harborwalk, Waterfront, Boston","[[-71.062911,42.361229],[-71.061856,42.36243],[-71.058261,42.363697],[-71.057757,42.363616],[-71.056105,42.362402],[-71.05542,42.361957],[-71.054925,42.362046],[-71.053826,42.363303],[-71.052111,42.363676],[-71.051647,42.36311],[-71.0512,42.363712],[-71.05109,42.364175],[-71.046389,42.363935],[-71.045918,42.361164],[-71.0455,42.359825],[-71.045566,42.359733],[-71.049595,42.354497],[-71.05106,42.355131],[-71.050851,42.356671],[-71.052158,42.358666],[-71.053518,42.358356],[-71.055759,42.356913],[-71.05771,42.356777],[-71.058737,42.356988],[-71.05829,42.35741],[-71.06151,42.358336],[-71.062642,42.357977],[-71.062875,42.359483],[-71.062911,42.361229]]","1209","Cathedral Road, Plymouth","[[-70.639655,42.010796],[-70.636387,42.01383],[-70.63395,42.012032],[-70.634426,42.004968],[-70.629857,42.001456],[-70.624205,42.006028],[-70.614223,42.011149],[-70.615552,42.01352],[-70.608471,42.013591],[-70.597892,42.00455],[-70.602704,42.002144],[-70.614046,42.006612],[-70.622542,42.002142],[-70.631919,41.992864],[-70.639137,41.993895],[-70.641199,42.005925],[-70.639655,42.010796]]","07/31/2016 - 08/28/2016, Every day, Daily Average",3274,2460,4357
"1116","Harborwalk, Waterfront, Boston","[[-71.062911,42.361229],[-71.061856,42.36243],[-71.058261,42.363697],[-71.057757,42.363616],[-71.056105,42.362402],[-71.05542,42.361957],[-71.054925,42.362046],[-71.053826,42.363303],[-71.052111,42.363676],[-71.051647,42.36311],[-71.0512,42.363712],[-71.05109,42.364175],[-71.046389,42.363935],[-71.045918,42.361164],[-71.0455,42.359825],[-71.045566,42.359733],[-71.049595,42.354497],[-71.05106,42.355131],[-71.050851,42.356671],[-71.052158,42.358666],[-71.053518,42.358356],[-71.055759,42.356913],[-71.05771,42.356777],[-71.058737,42.356988],[-71.05829,42.35741],[-71.06151,42.358336],[-71.062642,42.357977],[-71.062875,42.359483],[-71.062911,42.361229]]","1211","Chestnut Hill Reservoir Trail, Brighton, Boston","[[-71.168936,42.338449],[-71.16674,42.339854],[-71.166699,42.340009],[-71.166126,42.340088],[-71.164579,42.340218],[-71.159758,42.340058],[-71.157878,42.33973],[-71.157528,42.339782],[-71.155288,42.340337],[-71.154734,42.341206],[-71.153778,42.340855],[-71.151382,42.340423],[-71.152587,42.338896],[-71.152741,42.338646],[-71.153365,42.338185],[-71.152262,42.337185],[-71.150658,42.337495],[-71.149839,42.337665],[-71.150309,42.336842],[-71.148701,42.337267],[-71.147249,42.337135],[-71.148478,42.336254],[-71.148398,42.335798],[-71.150103,42.335281],[-71.149797,42.334497],[-71.156059,42.33061],[-71.156833,42.330189],[-71.159723,42.333036],[-71.162298,42.333965],[-71.167565,42.333441],[-71.168886,42.335826],[-71.168936,42.338449]]","07/31/2016 - 08/28/2016, Every day, Daily Average",1441,1089,1905
"1116","Harborwalk, Waterfront, Boston","[[-71.062911,42.361229],[-71.061856,42.36243],[-71.058261,42.363697],[-71.057757,42.363616],[-71.056105,42.362402],[-71.05542,42.361957],[-71.054925,42.362046],[-71.053826,42.363303],[-71.052111,42.363676],[-71.051647,42.36311],[-71.0512,42.363712],[-71.05109,42.364175],[-71.046389,42.363935],[-71.045918,42.361164],[-71.0455,42.359825],[-71.045566,42.359733],[-71.049595,42.354497],[-71.05106,42.355131],[-71.050851,42.356671],[-71.052158,42.358666],[-71.053518,42.358356],[-71.055759,42.356913],[-71.05771,42.356777],[-71.058737,42.356988],[-71.05829,42.35741],[-71.06151,42.358336],[-71.062642,42.357977],[-71.062875,42.359483],[-71.062911,42.361229]]","1212","0 Snow Hill Street, North End, Boston","[[-71.058525,42.366952],[-71.057369,42.367771],[-71.056374,42.368292],[-71.0534,42.367525],[-71.053965,42.366908],[-71.055485,42.366185],[-71.05595,42.365508],[-71.057404,42.365308],[-71.058525,42.366952]]","07/31/2016 - 08/28/2016, Every day, Daily Average",295,154,562
"1116","Harborwalk, Waterfront, Boston","[[-71.062911,42.361229],[-71.061856,42.36243],[-71.058261,42.363697],[-71.057757,42.363616],[-71.056105,42.362402],[-71.05542,42.361957],[-71.054925,42.362046],[-71.053826,42.363303],[-71.052111,42.363676],[-71.051647,42.36311],[-71.0512,42.363712],[-71.05109,42.364175],[-71.046389,42.363935],[-71.045918,42.361164],[-71.0455,42.359825],[-71.045566,42.359733],[-71.049595,42.354497],[-71.05106,42.355131],[-71.050851,42.356671],[-71.052158,42.358666],[-71.053518,42.358356],[-71.055759,42.356913],[-71.05771,42.356777],[-71.058737,42.356988],[-71.05829,42.35741],[-71.06151,42.358336],[-71.062642,42.357977],[-71.062875,42.359483],[-71.062911,42.361229]]","1213","200 East 8th Street, South Boston, Boston","[[-71.053151,42.33152],[-71.052302,42.332046],[-71.051057,42.332794],[-71.049688,42.333549],[-71.047508,42.334599],[-71.047456,42.332966],[-71.047415,42.331245],[-71.047384,42.330419],[-71.047385,42.330136],[-71.050606,42.329895],[-71.052501,42.329142],[-71.052766,42.330487],[-71.053151,42.33152]]","07/31/2016 - 08/28/2016, Every day, Daily Average",843,565,1256
"1116","Harborwalk, Waterfront, Boston","[[-71.062911,42.361229],[-71.061856,42.36243],[-71.058261,42.363697],[-71.057757,42.363616],[-71.056105,42.362402],[-71.05542,42.361957],[-71.054925,42.362046],[-71.053826,42.363303],[-71.052111,42.363676],[-71.051647,42.36311],[-71.0512,42.363712],[-71.05109,42.364175],[-71.046389,42.363935],[-71.045918,42.361164],[-71.0455,42.359825],[-71.045566,42.359733],[-71.049595,42.354497],[-71.05106,42.355131],[-71.050851,42.356671],[-71.052158,42.358666],[-71.053518,42.358356],[-71.055759,42.356913],[-71.05771,42.356777],[-71.058737,42.356988],[-71.05829,42.35741],[-71.06151,42.358336],[-71.062642,42.357977],[-71.062875,42.359483],[-71.062911,42.361229]]","1214","0 East Concord Street, South End, Boston","[[-71.076941,42.336527],[-71.074995,42.337931],[-71.072504,42.339615],[-71.070365,42.338783],[-71.068351,42.337172],[-71.069023,42.33669],[-71.067801,42.335705],[-71.069226,42.334734],[-71.072152,42.332727],[-71.07337,42.33361],[-71.074357,42.332847],[-71.075037,42.33349],[-71.076119,42.332813],[-71.075783,42.334493],[-71.077621,42.336001],[-71.076941,42.336527]]","07/31/2016 - 08/28/2016, Every day, Daily Average",613,361,1040
"1116","Harborwalk, Waterfront, Boston","[[-71.062911,42.361229],[-71.061856,42.36243],[-71.058261,42.363697],[-71.057757,42.363616],[-71.056105,42.362402],[-71.05542,42.361957],[-71.054925,42.362046],[-71.053826,42.363303],[-71.052111,42.363676],[-71.051647,42.36311],[-71.0512,42.363712],[-71.05109,42.364175],[-71.046389,42.363935],[-71.045918,42.361164],[-71.0455,42.359825],[-71.045566,42.359733],[-71.049595,42.354497],[-71.05106,42.355131],[-71.050851,42.356671],[-71.052158,42.358666],[-71.053518,42.358356],[-71.055759,42.356913],[-71.05771,42.356777],[-71.058737,42.356988],[-71.05829,42.35741],[-71.06151,42.358336],[-71.062642,42.357977],[-71.062875,42.359483],[-71.062911,42.361229]]","1215","0 Beauford Lane, Roxbury, Boston","[[-71.078215,42.315871],[-71.077814,42.318296],[-71.077749,42.319284],[-71.077746,42.320431],[-71.073948,42.320773],[-71.072204,42.321359],[-71.071276,42.32016],[-71.069698,42.318947],[-71.070388,42.317441],[-71.073011,42.317035],[-71.072825,42.316544],[-71.073145,42.314217],[-71.072138,42.313657],[-71.073171,42.312222],[-71.074649,42.312841],[-71.077005,42.313713],[-71.078823,42.314608],[-71.078215,42.315871]]","07/31/2016 - 08/28/2016, Every day, Daily Average",1076,721,1605
"1116","Harborwalk, Waterfront, Boston","[[-71.062911,42.361229],[-71.061856,42.36243],[-71.058261,42.363697],[-71.057757,42.363616],[-71.056105,42.362402],[-71.05542,42.361957],[-71.054925,42.362046],[-71.053826,42.363303],[-71.052111,42.363676],[-71.051647,42.36311],[-71.0512,42.363712],[-71.05109,42.364175],[-71.046389,42.363935],[-71.045918,42.361164],[-71.0455,42.359825],[-71.045566,42.359733],[-71.049595,42.354497],[-71.05106,42.355131],[-71.050851,42.356671],[-71.052158,42.358666],[-71.053518,42.358356],[-71.055759,42.356913],[-71.05771,42.356777],[-71.058737,42.356988],[-71.05829,42.35741],[-71.06151,42.358336],[-71.062642,42.357977],[-71.062875,42.359483],[-71.062911,42.361229]]","1224","Wood Road, Bourne","[[-70.59625,41.675302],[-70.59049,41.684421],[-70.590298,41.685993],[-70.587714,41.691011],[-70.585945,41.695501],[-70.584124,41.696339],[-70.583242,41.698002],[-70.582105,41.704644],[-70.582439,41.704618],[-70.581473,41.710838],[-70.581909,41.714744],[-70.579743,41.720114],[-70.579634,41.725395],[-70.577057,41.727956],[-70.575599,41.730976],[-70.575142,41.736984],[-70.571337,41.741927],[-70.570684,41.744525],[-70.570486,41.755557],[-70.566499,41.753589],[-70.560334,41.760007],[-70.56378,41.764051],[-70.565282,41.764217],[-70.562144,41.768089],[-70.559395,41.770123],[-70.557091,41.76807],[-70.552134,41.770863],[-70.546933,41.77003],[-70.542429,41.7662],[-70.541113,41.765208],[-70.526214,41.758131],[-70.522312,41.756151],[-70.518852,41.753677],[-70.516284,41.751072],[-70.512743,41.746359],[-70.51123,41.744908],[-70.507921,41.742584],[-70.504509,41.741001],[-70.500485,41.739839],[-70.495998,41.739272],[-70.493416,41.738278],[-70.493653,41.733912],[-70.492254,41.732361],[-70.491635,41.730138],[-70.490187,41.728278],[-70.489392,41.721798],[-70.488643,41.71868],[-70.488749,41.716831],[-70.490609,41.712865],[-70.492112,41.713286],[-70.495308,41.70771],[-70.499494,41.704257],[-70.50007,41.703455],[-70.504326,41.705142],[-70.507549,41.700597],[-70.514024,41.691542],[-70.519692,41.694832],[-70.521301,41.693845],[-70.522328,41.691383],[-70.523694,41.690685],[-70.524148,41.689039],[-70.52315,41.688469],[-70.523775,41.685727],[-70.52604,41.684927],[-70.531338,41.685182],[-70.538059,41.672075],[-70.530622,41.666947],[-70.530846,41.668919],[-70.525119,41.669208],[-70.524847,41.666128],[-70.515962,41.666769],[-70.5157,41.667872],[-70.51344,41.673775],[-70.511096,41.675996],[-70.502711,41.672771],[-70.505824,41.667761],[-70.504695,41.666184],[-70.501003,41.663173],[-70.506116,41.65925],[-70.504492,41.657179],[-70.504287,41.654246],[-70.505772,41.650392],[-70.505048,41.648432],[-70.511169,41.644513],[-70.514782,41.644805],[-70.518139,41.641187],[-70.521005,41.641868],[-70.522586,41.641506],[-70.526851,41.643538],[-70.527845,41.643206],[-70.530504,41.644368],[-70.53589,41.641294],[-70.539646,41.637212],[-70.539735,41.637106],[-70.567987,41.645557],[-70.591664,41.652299],[-70.593084,41.665619],[-70.591958,41.669268],[-70.597778,41.671005],[-70.59625,41.675302]]","07/31/2016 - 08/28/2016, Every day, Daily Average",4153,3188,5409
"1116","Harborwalk, Waterfront, Boston","[[-71.062911,42.361229],[-71.061856,42.36243],[-71.058261,42.363697],[-71.057757,42.363616],[-71.056105,42.362402],[-71.05542,42.361957],[-71.054925,42.362046],[-71.053826,42.363303],[-71.052111,42.363676],[-71.051647,42.36311],[-71.0512,42.363712],[-71.05109,42.364175],[-71.046389,42.363935],[-71.045918,42.361164],[-71.0455,42.359825],[-71.045566,42.359733],[-71.049595,42.354497],[-71.05106,42.355131],[-71.050851,42.356671],[-71.052158,42.358666],[-71.053518,42.358356],[-71.055759,42.356913],[-71.05771,42.356777],[-71.058737,42.356988],[-71.05829,42.35741],[-71.06151,42.358336],[-71.062642,42.357977],[-71.062875,42.359483],[-71.062911,42.361229]]","1225","0 West Elm Avenue, Quincy","[[-71.02396,42.27244],[-71.02253,42.27158],[-71.02017,42.27369],[-71.019027,42.272761],[-71.01804,42.27388],[-71.01689,42.27592],[-71.01602,42.27658],[-71.01383,42.2783],[-71.013491,42.2783],[-71.013328,42.278441],[-71.012864,42.278837],[-71.00871,42.27695],[-71.00748,42.27467],[-71.00849,42.27265],[-71.00883,42.27094],[-71.00987,42.27011],[-71.01318,42.2703],[-71.01545,42.27065],[-71.01565,42.26997],[-71.016299,42.267825],[-71.01723,42.26701],[-71.019402,42.265605],[-71.020319,42.266536],[-71.02136,42.26757],[-71.025226,42.2711],[-71.02396,42.27244]]","07/31/2016 - 08/28/2016, Every day, Daily Average",1151,801,1653
"1116","Harborwalk, Waterfront, Boston","[[-71.062911,42.361229],[-71.061856,42.36243],[-71.058261,42.363697],[-71.057757,42.363616],[-71.056105,42.362402],[-71.05542,42.361957],[-71.054925,42.362046],[-71.053826,42.363303],[-71.052111,42.363676],[-71.051647,42.36311],[-71.0512,42.363712],[-71.05109,42.364175],[-71.046389,42.363935],[-71.045918,42.361164],[-71.0455,42.359825],[-71.045566,42.359733],[-71.049595,42.354497],[-71.05106,42.355131],[-71.050851,42.356671],[-71.052158,42.358666],[-71.053518,42.358356],[-71.055759,42.356913],[-71.05771,42.356777],[-71.058737,42.356988],[-71.05829,42.35741],[-71.06151,42.358336],[-71.062642,42.357977],[-71.062875,42.359483],[-71.062911,42.361229]]","1226","0 Sturtevant Street, Boston","[[-71.062259,42.29301],[-71.061371,42.296066],[-71.060653,42.298647],[-71.060163,42.300302],[-71.060015,42.300759],[-71.059796,42.301538],[-71.059429,42.303127],[-71.055973,42.304517],[-71.055432,42.304323],[-71.052564,42.302937],[-71.049268,42.301197],[-71.04893,42.301889],[-71.047753,42.303834],[-71.041687,42.302151],[-71.041753,42.301282],[-71.042363,42.300088],[-71.044087,42.300073],[-71.047616,42.298591],[-71.047232,42.294488],[-71.048225,42.294277],[-71.048417,42.293411],[-71.050633,42.292782],[-71.052431,42.294476],[-71.054651,42.293703],[-71.057296,42.293125],[-71.06036,42.292351],[-71.062611,42.291809],[-71.062259,42.29301]]","07/31/2016 - 08/28/2016, Every day, Daily Average",757,451,1269
"1116","Harborwalk, Waterfront, Boston","[[-71.062911,42.361229],[-71.061856,42.36243],[-71.058261,42.363697],[-71.057757,42.363616],[-71.056105,42.362402],[-71.05542,42.361957],[-71.054925,42.362046],[-71.053826,42.363303],[-71.052111,42.363676],[-71.051647,42.36311],[-71.0512,42.363712],[-71.05109,42.364175],[-71.046389,42.363935],[-71.045918,42.361164],[-71.0455,42.359825],[-71.045566,42.359733],[-71.049595,42.354497],[-71.05106,42.355131],[-71.050851,42.356671],[-71.052158,42.358666],[-71.053518,42.358356],[-71.055759,42.356913],[-71.05771,42.356777],[-71.058737,42.356988],[-71.05829,42.35741],[-71.06151,42.358336],[-71.062642,42.357977],[-71.062875,42.359483],[-71.062911,42.361229]]","1227","0 Port Norfolk Street, Dorchester, Boston","[[-71.051472,42.289314],[-71.048418,42.290058],[-71.050633,42.292782],[-71.048417,42.293411],[-71.048225,42.294277],[-71.047232,42.294488],[-71.047616,42.298591],[-71.044087,42.300073],[-71.042363,42.300088],[-71.043664,42.298337],[-71.043372,42.294823],[-71.038462,42.293469],[-71.036666,42.291383],[-71.035294,42.288798],[-71.037894,42.284898],[-71.03908,42.283966],[-71.041659,42.285415],[-71.043027,42.285922],[-71.04415,42.286455],[-71.048515,42.286135],[-71.04937,42.288012],[-71.051472,42.289314]]","07/31/2016 - 08/28/2016, Every day, Daily Average",807,485,1341
"1116","Harborwalk, Waterfront, Boston","[[-71.062911,42.361229],[-71.061856,42.36243],[-71.058261,42.363697],[-71.057757,42.363616],[-71.056105,42.362402],[-71.05542,42.361957],[-71.054925,42.362046],[-71.053826,42.363303],[-71.052111,42.363676],[-71.051647,42.36311],[-71.0512,42.363712],[-71.05109,42.364175],[-71.046389,42.363935],[-71.045918,42.361164],[-71.0455,42.359825],[-71.045566,42.359733],[-71.049595,42.354497],[-71.05106,42.355131],[-71.050851,42.356671],[-71.052158,42.358666],[-71.053518,42.358356],[-71.055759,42.356913],[-71.05771,42.356777],[-71.058737,42.356988],[-71.05829,42.35741],[-71.06151,42.358336],[-71.062642,42.357977],[-71.062875,42.359483],[-71.062911,42.361229]]","1228","0 Ashley Street, Jamaica Plain, Boston","[[-71.108452,42.322389],[-71.104867,42.322721],[-71.104016,42.322819],[-71.101744,42.322892],[-71.100023,42.322772],[-71.102944,42.319298],[-71.104475,42.317022],[-71.106673,42.317268],[-71.105795,42.318404],[-71.105131,42.319278],[-71.106788,42.321156],[-71.108452,42.322389]]","07/31/2016 - 08/28/2016, Every day, Daily Average",1188,887,1591
"1116","Harborwalk, Waterfront, Boston","[[-71.062911,42.361229],[-71.061856,42.36243],[-71.058261,42.363697],[-71.057757,42.363616],[-71.056105,42.362402],[-71.05542,42.361957],[-71.054925,42.362046],[-71.053826,42.363303],[-71.052111,42.363676],[-71.051647,42.36311],[-71.0512,42.363712],[-71.05109,42.364175],[-71.046389,42.363935],[-71.045918,42.361164],[-71.0455,42.359825],[-71.045566,42.359733],[-71.049595,42.354497],[-71.05106,42.355131],[-71.050851,42.356671],[-71.052158,42.358666],[-71.053518,42.358356],[-71.055759,42.356913],[-71.05771,42.356777],[-71.058737,42.356988],[-71.05829,42.35741],[-71.06151,42.358336],[-71.062642,42.357977],[-71.062875,42.359483],[-71.062911,42.361229]]","1229","0 Michael Road, Wakefield","[[-71.077707,42.477391],[-71.076512,42.478247],[-71.075814,42.483573],[-71.07524,42.488008],[-71.071612,42.486593],[-71.071009,42.487372],[-71.073972,42.489767],[-71.07272,42.490124],[-71.069427,42.489686],[-71.069034,42.486303],[-71.068085,42.484371],[-71.067383,42.48369],[-71.066257,42.482453],[-71.064776,42.482937],[-71.064165,42.486533],[-71.060975,42.486221],[-71.055927,42.491161],[-71.051677,42.491866],[-71.052362,42.495186],[-71.048374,42.494553],[-71.043538,42.494551],[-71.041869,42.493298],[-71.045496,42.488595],[-71.046949,42.487964],[-71.050252,42.486533],[-71.052621,42.486059],[-71.054196,42.476995],[-71.053496,42.475895],[-71.056658,42.475208],[-71.061329,42.474223],[-71.061269,42.472651],[-71.06676,42.471995],[-71.067442,42.471932],[-71.06954,42.471689],[-71.077985,42.473975],[-71.077707,42.477391]]","07/31/2016 - 08/28/2016, Every day, Daily Average",1353,1028,1779
"1116","Harborwalk, Waterfront, Boston","[[-71.062911,42.361229],[-71.061856,42.36243],[-71.058261,42.363697],[-71.057757,42.363616],[-71.056105,42.362402],[-71.05542,42.361957],[-71.054925,42.362046],[-71.053826,42.363303],[-71.052111,42.363676],[-71.051647,42.36311],[-71.0512,42.363712],[-71.05109,42.364175],[-71.046389,42.363935],[-71.045918,42.361164],[-71.0455,42.359825],[-71.045566,42.359733],[-71.049595,42.354497],[-71.05106,42.355131],[-71.050851,42.356671],[-71.052158,42.358666],[-71.053518,42.358356],[-71.055759,42.356913],[-71.05771,42.356777],[-71.058737,42.356988],[-71.05829,42.35741],[-71.06151,42.358336],[-71.062642,42.357977],[-71.062875,42.359483],[-71.062911,42.361229]]","1230","100 Millwood Street, Framingham","[[-71.489897,42.303655],[-71.486125,42.310885],[-71.485585,42.314076],[-71.485007,42.320994],[-71.485109,42.323164],[-71.486744,42.329937],[-71.485089,42.330408],[-71.483666,42.329735],[-71.481695,42.329826],[-71.476598,42.331175],[-71.47427,42.332215],[-71.47166,42.334501],[-71.466707,42.335968],[-71.458484,42.337305],[-71.455014,42.335981],[-71.452526,42.333639],[-71.445553,42.329826],[-71.443579,42.329057],[-71.435881,42.32877],[-71.433853,42.32896],[-71.431459,42.329615],[-71.432064,42.328102],[-71.435361,42.323365],[-71.444675,42.311414],[-71.445383,42.310568],[-71.44666,42.308285],[-71.446086,42.303903],[-71.451483,42.304695],[-71.461238,42.304028],[-71.464895,42.305161],[-71.468509,42.306771],[-71.471441,42.307796],[-71.479742,42.30842],[-71.483937,42.307143],[-71.486925,42.304979],[-71.489897,42.303655]]","07/31/2016 - 08/28/2016, Every day, Daily Average",1867,1427,2441
"1116","Harborwalk, Waterfront, Boston","[[-71.062911,42.361229],[-71.061856,42.36243],[-71.058261,42.363697],[-71.057757,42.363616],[-71.056105,42.362402],[-71.05542,42.361957],[-71.054925,42.362046],[-71.053826,42.363303],[-71.052111,42.363676],[-71.051647,42.36311],[-71.0512,42.363712],[-71.05109,42.364175],[-71.046389,42.363935],[-71.045918,42.361164],[-71.0455,42.359825],[-71.045566,42.359733],[-71.049595,42.354497],[-71.05106,42.355131],[-71.050851,42.356671],[-71.052158,42.358666],[-71.053518,42.358356],[-71.055759,42.356913],[-71.05771,42.356777],[-71.058737,42.356988],[-71.05829,42.35741],[-71.06151,42.358336],[-71.062642,42.357977],[-71.062875,42.359483],[-71.062911,42.361229]]","1231","400 Middle Road, Boxborough","[[-71.560367,42.47435],[-71.550719,42.48916],[-71.534855,42.51333],[-71.532718,42.51465],[-71.52991,42.519716],[-71.517681,42.515578],[-71.516558,42.513906],[-71.516221,42.513444],[-71.51482,42.511524],[-71.51161,42.508991],[-71.509084,42.510043],[-71.502758,42.506922],[-71.500053,42.509266],[-71.473528,42.500177],[-71.473813,42.499764],[-71.481996,42.487854],[-71.492005,42.473297],[-71.498546,42.463775],[-71.511133,42.464535],[-71.52298,42.465235],[-71.543297,42.466451],[-71.556238,42.472137],[-71.560367,42.47435]]","07/31/2016 - 08/28/2016, Every day, Daily Average",2471,2070,2948
"1116","Harborwalk, Waterfront, Boston","[[-71.062911,42.361229],[-71.061856,42.36243],[-71.058261,42.363697],[-71.057757,42.363616],[-71.056105,42.362402],[-71.05542,42.361957],[-71.054925,42.362046],[-71.053826,42.363303],[-71.052111,42.363676],[-71.051647,42.36311],[-71.0512,42.363712],[-71.05109,42.364175],[-71.046389,42.363935],[-71.045918,42.361164],[-71.0455,42.359825],[-71.045566,42.359733],[-71.049595,42.354497],[-71.05106,42.355131],[-71.050851,42.356671],[-71.052158,42.358666],[-71.053518,42.358356],[-71.055759,42.356913],[-71.05771,42.356777],[-71.058737,42.356988],[-71.05829,42.35741],[-71.06151,42.358336],[-71.062642,42.357977],[-71.062875,42.359483],[-71.062911,42.361229]]","1232","400 Newton Street, Chestnut Hill, Brookline","[[-71.17172,42.31949],[-71.170406,42.321392],[-71.169397,42.321947],[-71.166954,42.322927],[-71.164567,42.324583],[-71.1639,42.3234],[-71.16327,42.32278],[-71.1608,42.32376],[-71.15835,42.32249],[-71.15434,42.32249],[-71.15057,42.32166],[-71.14481,42.32379],[-71.14165,42.32195],[-71.14165,42.31992],[-71.14402,42.31744],[-71.142038,42.314792],[-71.142959,42.31269],[-71.142012,42.310248],[-71.140189,42.310521],[-71.13448,42.30925],[-71.136502,42.306204],[-71.140135,42.302147],[-71.147497,42.296963],[-71.1503,42.295531],[-71.152195,42.294597],[-71.153573,42.295748],[-71.156802,42.297896],[-71.160104,42.300454],[-71.164804,42.303764],[-71.166297,42.304696],[-71.169612,42.307598],[-71.178935,42.314316],[-71.17172,42.31949]]","07/31/2016 - 08/28/2016, Every day, Daily Average",1665,1271,2179
"1116","Harborwalk, Waterfront, Boston","[[-71.062911,42.361229],[-71.061856,42.36243],[-71.058261,42.363697],[-71.057757,42.363616],[-71.056105,42.362402],[-71.05542,42.361957],[-71.054925,42.362046],[-71.053826,42.363303],[-71.052111,42.363676],[-71.051647,42.36311],[-71.0512,42.363712],[-71.05109,42.364175],[-71.046389,42.363935],[-71.045918,42.361164],[-71.0455,42.359825],[-71.045566,42.359733],[-71.049595,42.354497],[-71.05106,42.355131],[-71.050851,42.356671],[-71.052158,42.358666],[-71.053518,42.358356],[-71.055759,42.356913],[-71.05771,42.356777],[-71.058737,42.356988],[-71.05829,42.35741],[-71.06151,42.358336],[-71.062642,42.357977],[-71.062875,42.359483],[-71.062911,42.361229]]","1233","0 Thackeray Road, Wellesley Hills, Wellesley","[[-71.273113,42.313675],[-71.264901,42.319222],[-71.26443,42.31973],[-71.262333,42.323646],[-71.260702,42.325012],[-71.258611,42.325282],[-71.257443,42.324496],[-71.25441,42.325549],[-71.25291,42.326663],[-71.249171,42.323568],[-71.2475,42.321486],[-71.246135,42.32096],[-71.240789,42.320898],[-71.237981,42.32168],[-71.23106,42.320736],[-71.228195,42.316833],[-71.227689,42.315473],[-71.228887,42.316344],[-71.233243,42.316107],[-71.245653,42.307445],[-71.25541,42.300632],[-71.25542,42.30209],[-71.25329,42.30525],[-71.25574,42.30694],[-71.25511,42.30889],[-71.25821,42.30799],[-71.26149,42.30841],[-71.2633,42.31076],[-71.26729,42.31474],[-71.269221,42.314561],[-71.273818,42.31307],[-71.273113,42.313675]]","07/31/2016 - 08/28/2016, Every day, Daily Average",1538,1171,2018
"1116","Harborwalk, Waterfront, Boston","[[-71.062911,42.361229],[-71.061856,42.36243],[-71.058261,42.363697],[-71.057757,42.363616],[-71.056105,42.362402],[-71.05542,42.361957],[-71.054925,42.362046],[-71.053826,42.363303],[-71.052111,42.363676],[-71.051647,42.36311],[-71.0512,42.363712],[-71.05109,42.364175],[-71.046389,42.363935],[-71.045918,42.361164],[-71.0455,42.359825],[-71.045566,42.359733],[-71.049595,42.354497],[-71.05106,42.355131],[-71.050851,42.356671],[-71.052158,42.358666],[-71.053518,42.358356],[-71.055759,42.356913],[-71.05771,42.356777],[-71.058737,42.356988],[-71.05829,42.35741],[-71.06151,42.358336],[-71.062642,42.357977],[-71.062875,42.359483],[-71.062911,42.361229]]","1237","100 Colonial Drive, Quincy","[[-71.02535,42.25166],[-71.02482,42.25327],[-71.02534,42.25347],[-71.02063,42.25611],[-71.01768,42.25655],[-71.01444,42.25737],[-71.010858,42.257482],[-71.009444,42.255727],[-71.006745,42.253109],[-71.003784,42.248696],[-71.005139,42.247829],[-71.00709,42.24466],[-71.007,42.24409],[-71.009181,42.2444],[-71.01081,42.2444],[-71.0154,42.24559],[-71.01823,42.24752],[-71.02551,42.2502],[-71.02535,42.25166]]","07/31/2016 - 08/28/2016, Every day, Daily Average",1312,923,1863
"1116","Harborwalk, Waterfront, Boston","[[-71.062911,42.361229],[-71.061856,42.36243],[-71.058261,42.363697],[-71.057757,42.363616],[-71.056105,42.362402],[-71.05542,42.361957],[-71.054925,42.362046],[-71.053826,42.363303],[-71.052111,42.363676],[-71.051647,42.36311],[-71.0512,42.363712],[-71.05109,42.364175],[-71.046389,42.363935],[-71.045918,42.361164],[-71.0455,42.359825],[-71.045566,42.359733],[-71.049595,42.354497],[-71.05106,42.355131],[-71.050851,42.356671],[-71.052158,42.358666],[-71.053518,42.358356],[-71.055759,42.356913],[-71.05771,42.356777],[-71.058737,42.356988],[-71.05829,42.35741],[-71.06151,42.358336],[-71.062642,42.357977],[-71.062875,42.359483],[-71.062911,42.361229]]","1238","0 Orient Avenue, Arlington","[[-71.199907,42.417703],[-71.195676,42.42206],[-71.192807,42.424842],[-71.192559,42.425097],[-71.19162,42.426064],[-71.189415,42.428339],[-71.184768,42.433275],[-71.182277,42.436279],[-71.17368,42.436156],[-71.174955,42.435068],[-71.176004,42.431554],[-71.174916,42.430176],[-71.174341,42.428267],[-71.174368,42.427054],[-71.175577,42.426034],[-71.180663,42.425532],[-71.182167,42.425551],[-71.183442,42.423605],[-71.183507,42.423435],[-71.188279,42.421739],[-71.188863,42.420066],[-71.189998,42.418804],[-71.189168,42.417567],[-71.188772,42.416826],[-71.187221,42.41495],[-71.184547,42.411646],[-71.194291,42.415321],[-71.194521,42.414937],[-71.195194,42.415141],[-71.194257,42.41339],[-71.202612,42.414826],[-71.199907,42.417703]]","07/31/2016 - 08/28/2016, Every day, Daily Average",1314,1012,1705
"1116","Harborwalk, Waterfront, Boston","[[-71.062911,42.361229],[-71.061856,42.36243],[-71.058261,42.363697],[-71.057757,42.363616],[-71.056105,42.362402],[-71.05542,42.361957],[-71.054925,42.362046],[-71.053826,42.363303],[-71.052111,42.363676],[-71.051647,42.36311],[-71.0512,42.363712],[-71.05109,42.364175],[-71.046389,42.363935],[-71.045918,42.361164],[-71.0455,42.359825],[-71.045566,42.359733],[-71.049595,42.354497],[-71.05106,42.355131],[-71.050851,42.356671],[-71.052158,42.358666],[-71.053518,42.358356],[-71.055759,42.356913],[-71.05771,42.356777],[-71.058737,42.356988],[-71.05829,42.35741],[-71.06151,42.358336],[-71.062642,42.357977],[-71.062875,42.359483],[-71.062911,42.361229]]","1239","0 Walnut Street, Belmont","[[-71.190273,42.385289],[-71.190673,42.385925],[-71.18697,42.386664],[-71.185862,42.386264],[-71.18487,42.385898],[-71.183335,42.385302],[-71.180044,42.382483],[-71.181057,42.38131],[-71.181088,42.38025],[-71.18299,42.380353],[-71.185165,42.380441],[-71.186517,42.38035],[-71.189159,42.380717],[-71.192801,42.384559],[-71.190273,42.385289]]","07/31/2016 - 08/28/2016, Every day, Daily Average",1482,1171,1875
"1116","Harborwalk, Waterfront, Boston","[[-71.062911,42.361229],[-71.061856,42.36243],[-71.058261,42.363697],[-71.057757,42.363616],[-71.056105,42.362402],[-71.05542,42.361957],[-71.054925,42.362046],[-71.053826,42.363303],[-71.052111,42.363676],[-71.051647,42.36311],[-71.0512,42.363712],[-71.05109,42.364175],[-71.046389,42.363935],[-71.045918,42.361164],[-71.0455,42.359825],[-71.045566,42.359733],[-71.049595,42.354497],[-71.05106,42.355131],[-71.050851,42.356671],[-71.052158,42.358666],[-71.053518,42.358356],[-71.055759,42.356913],[-71.05771,42.356777],[-71.058737,42.356988],[-71.05829,42.35741],[-71.06151,42.358336],[-71.062642,42.357977],[-71.062875,42.359483],[-71.062911,42.361229]]","1240","0 Middlesex Circle, Waltham","[[-71.239473,42.379407],[-71.236012,42.379788],[-71.236064,42.380054],[-71.237029,42.383478],[-71.238101,42.386761],[-71.236575,42.386324],[-71.232815,42.385507],[-71.230646,42.383955],[-71.228164,42.385326],[-71.225972,42.385613],[-71.218867,42.385021],[-71.216495,42.384982],[-71.218238,42.381791],[-71.218651,42.381297],[-71.21917,42.380922],[-71.225562,42.377711],[-71.229167,42.377286],[-71.230406,42.377118],[-71.231894,42.376946],[-71.233011,42.37683],[-71.23494,42.376489],[-71.236801,42.376207],[-71.238987,42.376179],[-71.239473,42.379407]]","07/31/2016 - 08/28/2016, Every day, Daily Average",1656,1299,2110
"1116","Harborwalk, Waterfront, Boston","[[-71.062911,42.361229],[-71.061856,42.36243],[-71.058261,42.363697],[-71.057757,42.363616],[-71.056105,42.362402],[-71.05542,42.361957],[-71.054925,42.362046],[-71.053826,42.363303],[-71.052111,42.363676],[-71.051647,42.36311],[-71.0512,42.363712],[-71.05109,42.364175],[-71.046389,42.363935],[-71.045918,42.361164],[-71.0455,42.359825],[-71.045566,42.359733],[-71.049595,42.354497],[-71.05106,42.355131],[-71.050851,42.356671],[-71.052158,42.358666],[-71.053518,42.358356],[-71.055759,42.356913],[-71.05771,42.356777],[-71.058737,42.356988],[-71.05829,42.35741],[-71.06151,42.358336],[-71.062642,42.357977],[-71.062875,42.359483],[-71.062911,42.361229]]","1241","0 Kenilworth Street, Newton Corner, Newton","[[-71.199451,42.342442],[-71.198697,42.343198],[-71.196274,42.343436],[-71.19385,42.345043],[-71.195278,42.347043],[-71.192857,42.351306],[-71.192153,42.353026],[-71.189286,42.352993],[-71.186049,42.351515],[-71.184168,42.353084],[-71.181888,42.351254],[-71.181944,42.352884],[-71.180083,42.352786],[-71.174798,42.350265],[-71.174708,42.350155],[-71.174265,42.349584],[-71.171898,42.346655],[-71.170003,42.344252],[-71.166699,42.340009],[-71.16674,42.339854],[-71.169954,42.338934],[-71.172113,42.337211],[-71.174367,42.337235],[-71.17836,42.336115],[-71.183793,42.336618],[-71.184987,42.336594],[-71.187123,42.336331],[-71.1923,42.336199],[-71.193326,42.336007],[-71.192584,42.340789],[-71.197484,42.340377],[-71.198875,42.340855],[-71.199451,42.342442]]","07/31/2016 - 08/28/2016, Every day, Daily Average",1299,946,1782
"1116","Harborwalk, Waterfront, Boston","[[-71.062911,42.361229],[-71.061856,42.36243],[-71.058261,42.363697],[-71.057757,42.363616],[-71.056105,42.362402],[-71.05542,42.361957],[-71.054925,42.362046],[-71.053826,42.363303],[-71.052111,42.363676],[-71.051647,42.36311],[-71.0512,42.363712],[-71.05109,42.364175],[-71.046389,42.363935],[-71.045918,42.361164],[-71.0455,42.359825],[-71.045566,42.359733],[-71.049595,42.354497],[-71.05106,42.355131],[-71.050851,42.356671],[-71.052158,42.358666],[-71.053518,42.358356],[-71.055759,42.356913],[-71.05771,42.356777],[-71.058737,42.356988],[-71.05829,42.35741],[-71.06151,42.358336],[-71.062642,42.357977],[-71.062875,42.359483],[-71.062911,42.361229]]","1242","0 Scribner Park, Auburndale, Newton","[[-71.261323,42.344404],[-71.259829,42.345545],[-71.260297,42.348413],[-71.258689,42.349805],[-71.260385,42.353633],[-71.25646,42.354816],[-71.255884,42.353801],[-71.254795,42.354287],[-71.25351,42.354873],[-71.253068,42.355704],[-71.25223,42.356046],[-71.251132,42.356531],[-71.243076,42.358875],[-71.239971,42.357959],[-71.233566,42.353965],[-71.231945,42.352885],[-71.236244,42.352658],[-71.238074,42.35186],[-71.238238,42.349964],[-71.234878,42.348645],[-71.234543,42.347278],[-71.232135,42.347566],[-71.235213,42.346978],[-71.237605,42.346906],[-71.246671,42.346101],[-71.249824,42.345685],[-71.251931,42.344838],[-71.255097,42.342954],[-71.260229,42.341521],[-71.261674,42.341558],[-71.261323,42.344404]]","07/31/2016 - 08/28/2016, Every day, Daily Average",1146,840,1562
"1116","Harborwalk, Waterfront, Boston","[[-71.062911,42.361229],[-71.061856,42.36243],[-71.058261,42.363697],[-71.057757,42.363616],[-71.056105,42.362402],[-71.05542,42.361957],[-71.054925,42.362046],[-71.053826,42.363303],[-71.052111,42.363676],[-71.051647,42.36311],[-71.0512,42.363712],[-71.05109,42.364175],[-71.046389,42.363935],[-71.045918,42.361164],[-71.0455,42.359825],[-71.045566,42.359733],[-71.049595,42.354497],[-71.05106,42.355131],[-71.050851,42.356671],[-71.052158,42.358666],[-71.053518,42.358356],[-71.055759,42.356913],[-71.05771,42.356777],[-71.058737,42.356988],[-71.05829,42.35741],[-71.06151,42.358336],[-71.062642,42.357977],[-71.062875,42.359483],[-71.062911,42.361229]]","1245","0 Leland Road, North Reading","[[-71.136742,42.553464],[-71.131635,42.577893],[-71.130543,42.583117],[-71.135441,42.599166],[-71.12135,42.600232],[-71.110997,42.601101],[-71.108259,42.595925],[-71.105098,42.593088],[-71.101954,42.590208],[-71.100519,42.587615],[-71.096835,42.583859],[-71.093097,42.577226],[-71.090155,42.573561],[-71.08953,42.568758],[-71.087626,42.567489],[-71.086976,42.565346],[-71.092818,42.559272],[-71.103548,42.564897],[-71.104022,42.566356],[-71.107769,42.564515],[-71.109973,42.561375],[-71.116298,42.561677],[-71.120635,42.560327],[-71.122821,42.558437],[-71.126938,42.554226],[-71.129142,42.554822],[-71.132687,42.552894],[-71.136522,42.552556],[-71.136742,42.553464]]","07/31/2016 - 08/28/2016, Every day, Daily Average",1349,1085,1677
"1116","Harborwalk, Waterfront, Boston","[[-71.062911,42.361229],[-71.061856,42.36243],[-71.058261,42.363697],[-71.057757,42.363616],[-71.056105,42.362402],[-71.05542,42.361957],[-71.054925,42.362046],[-71.053826,42.363303],[-71.052111,42.363676],[-71.051647,42.36311],[-71.0512,42.363712],[-71.05109,42.364175],[-71.046389,42.363935],[-71.045918,42.361164],[-71.0455,42.359825],[-71.045566,42.359733],[-71.049595,42.354497],[-71.05106,42.355131],[-71.050851,42.356671],[-71.052158,42.358666],[-71.053518,42.358356],[-71.055759,42.356913],[-71.05771,42.356777],[-71.058737,42.356988],[-71.05829,42.35741],[-71.06151,42.358336],[-71.062642,42.357977],[-71.062875,42.359483],[-71.062911,42.361229]]","1246","North Shore Road, Revere","[[-70.987938,42.426036],[-70.983708,42.431663],[-70.982294,42.431296],[-70.979894,42.432396],[-70.975194,42.436896],[-70.971594,42.442696],[-70.968594,42.444396],[-70.96617,42.443504],[-70.966345,42.443044],[-70.962809,42.442407],[-70.960742,42.442518],[-70.960835,42.441272],[-70.969023,42.435866],[-70.97551,42.431584],[-70.982994,42.423996],[-70.983704,42.422893],[-70.98601,42.425365],[-70.987938,42.426036]]","07/31/2016 - 08/28/2016, Every day, Daily Average",1103,827,1469
"1116","Harborwalk, Waterfront, Boston","[[-71.062911,42.361229],[-71.061856,42.36243],[-71.058261,42.363697],[-71.057757,42.363616],[-71.056105,42.362402],[-71.05542,42.361957],[-71.054925,42.362046],[-71.053826,42.363303],[-71.052111,42.363676],[-71.051647,42.36311],[-71.0512,42.363712],[-71.05109,42.364175],[-71.046389,42.363935],[-71.045918,42.361164],[-71.0455,42.359825],[-71.045566,42.359733],[-71.049595,42.354497],[-71.05106,42.355131],[-71.050851,42.356671],[-71.052158,42.358666],[-71.053518,42.358356],[-71.055759,42.356913],[-71.05771,42.356777],[-71.058737,42.356988],[-71.05829,42.35741],[-71.06151,42.358336],[-71.062642,42.357977],[-71.062875,42.359483],[-71.062911,42.361229]]","1247","Stony Brook Path, Boston","[[-71.147289,42.269994],[-71.143664,42.272847],[-71.145705,42.27505],[-71.145231,42.276332],[-71.142485,42.27757],[-71.143956,42.280502],[-71.140928,42.276916],[-71.140653,42.275179],[-71.14065,42.274047],[-71.136592,42.27151],[-71.132703,42.274037],[-71.131121,42.273047],[-71.132138,42.271951],[-71.131617,42.268649],[-71.127334,42.264503],[-71.126922,42.261867],[-71.128195,42.260509],[-71.131509,42.262221],[-71.133615,42.261021],[-71.130756,42.258303],[-71.128928,42.258084],[-71.132354,42.25604],[-71.133965,42.254313],[-71.13623,42.251046],[-71.136434,42.249656],[-71.132333,42.24823],[-71.135978,42.246856],[-71.136285,42.246316],[-71.139141,42.248985],[-71.139394,42.252523],[-71.138103,42.255307],[-71.140196,42.258456],[-71.140592,42.258365],[-71.142834,42.255943],[-71.144116,42.25932],[-71.145529,42.259229],[-71.146999,42.26142],[-71.146434,42.264583],[-71.150086,42.267577],[-71.147289,42.269994]]","07/31/2016 - 08/28/2016, Every day, Daily Average",1889,1400,2548